tq2989_DSM_2M.asc
ncols 500
nrows 500
xllcorner    529000
yllcorner    189000
cellsize     2
NODATA_value -9999
[rows 320 to 351 of 500, columns 355 to 425 of 500]
38.281 38.261 38.231 46.291 46.918 47.591 47.523 47.491 42.218 38.091 37.901 38.026 38.246 37.886 37.456 37.421 37.873 37.531 37.466 37.536 37.636 37.896 37.226 37.023 37.161 37.103 37.273 37.253 37.211 38.101 40.756 43.008 42.973 43.661 46.458 47.346 45.926 44.178 38.648 37.243 37.103 37.291 37.093 36.646 36.646 36.578 37.293 36.535 36.83 36.755 38.108 43.908 45.67 47.028 46.168 43.345 42.525 42.535 42.568 39.113 36.575 36.593 36.603 36.608 36.615 36.59 37.183 37.478 36.563 36.473 37.713
38.058 37.918 38.323 46.096 46.773 47.576 47.156 47.496 43.211 39.243 38.336 37.603 37.481 37.458 37.431 37.343 37.286 37.288 37.281 37.538 37.688 38.233 37.516 37.338 36.983 37.421 38.196 37.056 36.863 38.493 41.258 43.016 42.863 43.268 46.248 47.301 46.541 46.233 39.623 37.383 37.368 36.536 36.898 36.761 36.601 36.51 36.665 36.47 37.173 36.735 38.758 45.67 46.168 47.028 46.303 42.953 39.583 39.925 37.98 37.043 37.233 36.873 37.33 37.963 38.178 37.218 38.008 37.273 36.543 36.41 37.458
38.246 37.781 38.116 44.551 46.656 47.311 47.513 47.578 43.701 40.763 39.973 38.733 37.616 37.518 37.686 37.541 37.503 37.406 37.333 37.698 38.303 37.441 37.206 36.871 36.833 36.831 36.843 36.828 36.863 38.151 39.623 41.523 39.803 41.138 46.296 47.838 46.228 43.653 35.731 36.923 38.363 36.521 37.251 37.006 36.573 36.48 37.675 36.425 37.083 37.05 36.153 42.683 45.383 47.718 46.428 41.053 37.508 38.21 37.79 37.663 38.2 36.925 36.808 36.683 37.225 36.685 37.26 37.463 38.165 36.865 37.19
37.941 37.706 38.488 44.553 46.663 47.738 47.593 47.631 43.611 40.721 39.686 38.621 39.678 38.956 38.513 37.501 37.496 37.346 38.493 38.681 38.293 38.071 38.253 38.001 37.731 36.943 37.903 37.453 37.273 37.813 37.931 39.451 39.768 40.051 45.946 47.301 46.403 46.091 39.376 36.618 38.941 36.676 36.471 36.568 36.521 36.465 37.008 36.403 36.97 37.058 36.905 45 45.9 46.698 46.285 43.65 42.353 42.693 42.433 40.273 36.815 37.245 36.678 36.688 37.135 36.968 37.015 37.778 40.82 40.483 39.398
37.918 38.631 39.008 46.061 46.748 47.628 47.556 47.523 42.626 38.951 38.193 37.608 37.458 37.511 37.333 37.288 37.258 37.223 37.751 37.708 40.106 40.283 39.376 37.836 36.798 36.826 37.701 37.536 36.711 36.636 38.211 43.026 42.896 42.716 45.591 47.013 46.146 45.248 39.308 36.591 37.346 36.641 36.333 36.413 36.466 36.43 37.11 36.603 36.818 36.9 36.66 43.44 44.948 46.595 46.373 44.098 42.42 42.443 42.463 41.37 37.705 37.113 37.9 37.35 38.253 37.88 38.7 37.058 41.183 42.258 38.215
37.693 37.813 38.138 45.976 46.828 47.456 47.546 47.496 42.723 38.396 38.178 37.738 37.993 37.763 37.856 37.591 37.556 37.228 37.206 37.378 38.028 42.208 37.383 37.201 36.811 36.721 36.763 36.676 36.676 36.693 39.256 42.966 42.896 42.951 45.553 47.201 46.298 44.738 38.901 36.606 36.688 36.388 36.633 36.831 36.458 36.405 37.023 36.46 36.603 36.68 36.625 41.925 44.783 46.568 46.518 44.953 42.45 42.428 42.453 41.668 36.7 36.633 36.515 36.47 36.485 36.835 37.713 36.79 38.233 38.538 36.273
38.163 38.626 39.423 45.148 46.888 47.441 47.701 47.701 43.043 40.161 41.206 38.506 39.871 40.286 37.966 38.178 38.598 38.858 37.868 37.633 38.621 39.431 37.671 38.263 38.496 37.798 37.138 37.153 37.903 38.241 38.146 42.563 42.673 42.673 44.923 46.751 46.576 45.138 40.746 36.666 37.318 36.768 36.661 36.888 36.378 36.368 36.945 36.588 36.298 36.47 36.97 42.515 45.035 46.35 46.57 45.03 42.325 42.58 42.79 41.605 36.668 36.605 36.53 36.565 36.498 36.5 37.035 37.08 38.495 38.3 38.178
37.806 38.773 40.968 46.623 46.723 47.328 47.291 47.193 40.741 37.726 37.838 37.771 38.261 37.841 37.198 37.228 37.113 37.571 37.906 37.601 38.341 37.636 37.238 36.798 36.786 36.663 36.663 36.706 36.671 36.823 37.381 40.381 42.253 41.128 44.146 46.788 46.848 46.133 42.918 36.488 36.861 37.038 36.223 36.283 36.348 36.34 37.12 36.97 36.233 37.415 37.023 42.68 45.698 46.435 46.838 43.105 36.553 37.318 37.405 36.688 36.813 36.693 36.895 37.125 36.858 37.523 37.973 40.315 44.808 44.853 39.888
38.266 37.931 38.226 43.991 46.321 47.356 47.168 47.246 43.181 39.733 38.911 37.408 37.421 37.241 37.621 37.971 37.251 37.333 38.031 37.946 39.543 37.058 37.146 37.016 36.961 37.976 36.688 37.401 37.086 36.813 36.826 38.348 39.806 39.491 42.966 47.156 47.318 45.323 39.853 36.296 37.056 36.603 37.146 36.736 36.278 36.34 36.613 36.42 36.178 36.605 36.018 39.82 44.77 46.185 46.775 43.94 39.585 39.433 39.305 40.248 36.455 36.493 36.355 36.383 36.338 36.378 39.015 49.33 45.66 45.553 40.38
38.441 38.628 38.778 43.966 46.418 47.541 47.383 47.648 44.033 40.106 39.613 37.826 37.878 37.646 38.723 40.781 38.493 37.718 38.003 38.206 39.411 37.208 37.571 38.021 36.858 38.741 37.238 37.076 36.668 36.991 36.558 38.741 40.241 39.726 43.298 46.421 46.821 46.228 43.801 36.633 36.618 36.491 36.613 37.366 36.243 36.263 36.143 36.01 36.12 37.54 37.478 41.383 45.885 46.065 46.655 45.38 42.55 42.533 42.743 42.75 37.97 36.408 36.323 36.605 37.458 36.575 37.445 41 42.295 45.453 37.738
38.553 38.176 38.483 44.516 46.293 47.566 47.388 47.348 41.331 40.706 40.273 37.748 37.276 37.241 37.713 37.753 37.173 37.116 38.118 38.413 37.968 37.516 37.251 36.928 36.746 36.751 36.606 36.638 36.686 36.738 36.566 41.623 42.533 42.533 43.828 46.313 46.253 45.268 42.531 36.621 36.483 36.278 36.141 36.098 36.191 36.213 36.093 35.963 36.073 36.555 36.978 38.913 44.013 45.653 46.763 45.703 42.51 42.61 42.843 42.758 39.205 37.498 36.688 36.35 36.673 36.315 36.22 36.353 38.018 38.58 36.145
37.763 38.238 38.636 46.708 46.831 47.503 47.376 47.238 42.913 40.138 39.373 37.623 37.768 37.338 37.216 37.163 37.123 37.093 38.341 38.643 37.338 38.101 37.163 37.006 36.751 37.446 36.743 38.211 37.071 37.153 36.746 41.168 42.561 42.581 43.593 46.368 47.038 45.328 42.736 36.773 36.286 36.321 36.076 35.998 36.118 36.178 36.073 35.883 36.003 36.285 36.388 38.355 43.85 45.59 46.765 45.73 42.558 42.275 42.278 42.305 39.923 38.28 36.308 36.21 36.198 36.16 36.16 36.493 36.95 37.218 36.14
37.781 38.048 38.578 45.103 46.551 47.478 47.673 47.663 43.373 40.721 39.623 37.688 37.316 38.306 37.556 37.806 37.786 37.228 37.746 37.658 38.768 38.366 36.928 37.461 36.988 37.043 37.191 37.528 36.811 37.358 38.578 41.551 42.516 42.518 43.501 46.143 46.976 46.028 45.586 37.131 36.273 36.163 36.043 35.911 36.101 36.123 36.043 36.18 35.968 36.388 36.68 39.088 45.66 46.015 46.705 45.79 42.345 40.523 41.013 39.495 37.958 37.585 36.508 36.298 36.4 36.355 36.428 38.42 42.008 40.088 36.72
37.976 37.621 37.966 45.453 46.221 47.018 47.086 46.881 43.893 39.391 37.221 37.143 37.136 37.101 37.073 37.003 38.298 37.273 36.878 36.941 38.333 37.598 36.678 36.561 36.523 36.498 36.473 36.486 36.551 36.643 38.641 40.216 40.808 40.703 41.848 46.056 47.121 45.996 43.331 35.738 36.876 37.183 36.006 36.191 36.001 36.068 35.995 36.76 35.895 36.285 36.433 36.963 44.91 45.613 47.6 46.003 38.278 36.303 36.768 36.97 37.08 36.61 36.328 36.273 36.36 36.27 36.23 40.195 40.945 40.685 38.845
37.601 37.996 38.676 45.581 46.251 47.001 46.938 46.896 43.461 39.533 37.366 37.113 37.076 37.073 37.036 36.981 36.876 36.783 36.773 36.791 36.888 36.951 36.673 37.078 36.603 36.528 36.658 36.701 37.003 37.313 37.743 39.378 39.571 39.501 40.118 45.911 47.546 46.018 44.138 37.586 36.461 37.151 36.261 36.726 36.128 36.015 35.935 37.083 35.933 37.175 36.398 37.12 45.078 45.685 46.553 45.865 41.913 40.843 41.705 42.185 38.88 36.223 36.195 36.145 36.103 36.143 36.213 41.128 39.723 37.273 38.458
37.403 37.951 38.861 43.511 45.943 47.126 46.668 47.096 43.186 40.301 38.931 37.208 37.206 37.181 37.131 36.993 37.531 36.868 36.836 37.751 38.423 37.636 37.178 36.833 36.908 36.883 36.778 36.723 36.506 36.753 36.408 38.218 41.098 40.928 41.848 45.693 46.796 46.161 45.481 39.373 36.298 38.113 35.933 36.086 36.113 35.99 35.923 36.663 35.805 36.715 36.21 36.978 44.765 45.243 46.443 45.948 43.513 42.165 42.178 42.208 39.185 36.383 36.55 36.318 36.358 36.528 36.433 40.528 40.873 40.313 36.09
38.066 38.486 38.926 43.301 45.956 46.976 46.268 47.268 42.891 40.326 38.973 37.651 37.668 37.481 37.028 37.048 37.051 37.048 37.011 38.013 38.296 37.906 36.973 36.658 36.926 36.396 36.376 36.368 36.533 37.431 36.741 39.431 41.703 42.448 42.526 45.683 46.806 45.983 44.288 38.873 36.231 36.096 35.861 35.776 35.901 35.933 35.873 36.463 35.753 36.11 36.01 36.398 41.523 44.77 46.59 46.135 43.643 42.078 42.178 42.265 40.305 36.578 36.663 36.55 36.148 36.083 36.268 40.993 40.783 41.465 35.43
37.188 37.293 37.573 44.656 45.728 46.943 46.943 46.918 42.573 38.443 37.781 37.096 37.011 36.908 36.863 36.803 36.753 36.786 36.768 37.151 37.191 37.601 37.343 37.071 37.173 37.566 38.336 37.273 37.068 37.351 37.533 37.953 42.526 42.548 42.538 45.058 46.778 46.113 44.548 39.043 36.308 36.268 36.013 36.388 36.311 35.883 35.848 35.855 35.708 36.09 35.998 36.235 42.35 44.823 46.343 46.015 43.8 42.123 42.128 42.123 39.593 36.433 36.245 36.11 36.173 36.055 35.968 39.943 41.768 39.588 36.058
37.466 37.396 37.343 45.958 46.263 46.963 46.938 46.881 42.261 37.153 37.088 37.321 37.061 36.891 37.013 36.803 36.781 36.896 37.171 37.988 36.783 37.666 38.053 36.796 37.438 37.128 38.653 36.518 36.531 36.341 36.471 37.953 42.541 42.456 42.276 43.876 46.628 46.438 46.253 42.198 36.401 38.583 36.613 36.021 36.151 35.803 35.778 36.343 35.74 36.235 36.128 36.375 43.975 45.955 46.433 46.188 42.818 38.193 37.623 37.985 37.573 36.505 36.81 36.978 37 36.778 37.855 38.54 39.715 37.59 35.868
37.171 37.256 39.933 44.371 46.316 47.053 47.083 47.246 42.491 37.718 37.508 37.396 37.548 37.536 37.116 37.023 36.983 36.728 36.973 37.446 37.126 37.748 37.268 36.511 36.376 36.293 36.553 36.346 36.311 36.418 36.688 37.266 38.971 39.126 39.623 44.516 47.111 47.268 45.653 38.466 37.878 38.278 36.986 36.726 35.691 35.735 35.728 35.938 35.675 36.038 36.603 36.025 39.308 45.1 47.24 47.373 45.258 43.145 42.995 43.395 41.485 36.548 35.905 35.858 35.933 36.735 37.078 39.008 37.033 36.713 35.848
37.256 37.536 39.788 46.021 46.251 46.741 46.673 46.641 41.256 36.743 36.858 36.746 36.841 36.738 36.638 36.526 36.441 36.401 36.418 36.463 36.486 37.168 37.553 36.873 37.808 37.181 38.228 37.646 36.631 37.308 37.151 37.353 36.991 38.168 41.458 45.736 46.791 47.536 46.983 42.456 36.413 36.588 36.236 35.841 36.238 35.695 35.63 36.235 36.193 35.595 35.955 36.203 38.925 46.648 46.988 47.483 46.148 44.058 42.72 42.56 40.923 35.975 35.76 35.833 35.57 35.47 37.388 37.888 37.628 36.553 35.75
37.448 37.931 40.703 44.491 45.683 46.753 46.718 46.658 42.806 38.871 37.983 36.751 36.758 36.658 36.536 36.456 36.406 36.406 36.436 36.738 36.581 37.478 37.923 37.558 36.548 36.603 38.626 36.871 36.276 36.261 36.348 38.561 42.136 42.733 43.743 45.633 46.601 47.496 46.538 41.536 36.203 35.911 35.828 35.636 35.996 35.598 35.59 36.44 36.393 35.57 36.33 36.24 39.555 46.455 46.668 47.483 46.34 43.138 39.005 38.508 37.79 36.405 36.593 36.713 36.528 36.028 36.403 36.713 35.75 35.96 36.665
37.291 36.971 40.061 43.256 45.791 46.808 46.246 46.973 43.236 40.161 38.833 37.138 37.061 36.708 36.811 36.663 37.511 36.563 36.886 37.041 37.478 37.491 37.026 36.686 36.773 37.976 38.588 37.001 36.331 36.546 36.826 37.003 43.406 43.453 43.536 45.613 46.691 47.551 46.543 40.246 36.313 35.746 35.613 35.503 35.771 35.508 35.57 35.92 35.835 35.493 36.958 37.088 38.113 44.793 46.613 47.535 46.833 43.283 38.663 38.725 37.078 35.413 35.455 35.395 35.313 35.275 35.228 35.253 35.24 35.16 35.103
37.028 36.968 37.501 43.046 45.693 46.803 46.481 46.638 42.768 39.878 38.683 37.056 36.688 36.651 36.618 36.511 36.591 36.418 36.603 36.783 37.266 38.371 37.348 36.791 36.821 37.146 37.418 36.938 36.746 36.778 36.903 37.173 43.543 43.473 43.741 45.493 46.451 47.423 46.726 43.258 36.128 35.983 35.781 35.478 36.031 35.483 35.51 35.573 35.778 35.41 36.675 35.758 39.355 45.493 46.718 47.483 46.358 44.375 42.235 42.375 42.26 36.463 35.378 35.363 35.298 35.238 35.383 36.738 37.193 35.448 35.218
37.661 37.116 37.378 45.893 46.126 46.708 46.676 46.618 42.388 36.903 36.763 37.391 37.141 36.796 36.503 36.506 36.426 36.551 36.648 36.568 36.533 37.926 37.578 37.133 36.878 36.218 36.211 36.238 36.163 36.281 36.543 38.808 42.803 42.736 42.858 45.261 46.383 47.333 47.206 45.256 36.016 36.301 35.811 36.156 35.338 35.45 35.453 35.533 36.215 35.33 36.175 35.59 36.448 44.553 46.368 47.495 46.48 44.918 42.97 43.245 42.915 37.548 36.568 35.963 36.438 36.143 37.068 37.378 36.555 36.21 36.17
37.451 37.298 37.373 43.406 45.761 46.796 46.816 46.968 41.691 37.628 37.936 39.933 39.121 37.163 36.991 37.043 36.418 36.443 36.628 36.753 36.641 38.001 37.056 36.521 36.901 36.218 37.153 37.128 36.138 36.218 36.251 36.261 38.948 38.273 38.626 45.411 46.861 47.243 47.673 41.838 36.863 35.806 37.216 36.078 35.411 35.43 35.423 35.345 35.465 35.28 35.898 35.805 36.153 42.455 45.793 47.398 46.97 45.435 43.05 43.368 43.123 35.943 35.953 35.705 35.76 35.255 35.5 35.443 36.2 35.22 35.663
37.303 37.556 38.358 43.221 45.453 46.398 46.606 45.853 39.976 37.088 37.463 37.896 36.956 36.616 36.828 36.893 36.718 36.338 36.391 36.291 36.591 37.853 37.616 36.618 37.248 36.528 36.228 36.953 36.253 36.123 36.606 35.953 37.033 39.546 39.528 44.668 45.886 46.846 46.936 46.091 37.461 35.563 36.606 35.336 35.813 35.44 35.39 35.31 36.205 35.188 35.268 35.445 35.693 43.893 46.55 47.465 47.538 46.198 42.38 42.355 41.95 35.763 35.87 35.495 35.303 35.203 35.075 35.123 35.273 35.13 34.96
37.251 37.218 37.746 45.151 45.716 46.386 46.331 46.303 40.093 37.443 37.421 36.683 36.516 36.401 36.606 36.508 36.261 37.658 37.556 36.288 36.368 36.531 36.438 36.343 36.086 36.051 35.951 35.931 35.913 35.898 35.886 35.831 42.303 42.453 42.471 44.626 45.826 46.786 46.926 44.811 35.863 35.518 36.416 35.298 35.223 35.453 35.343 35.255 36.028 35.123 35.458 35.54 36.52 44.433 46.275 47.315 47.56 45.76 38.21 37.753 37.623 36.058 36.248 36.485 36.553 36.305 36.285 36.09 36.098 35.885 35.675
36.766 37.196 37.596 43.433 45.371 46.423 46.386 45.958 41.571 39.801 38.441 37.366 36.903 36.483 36.698 36.433 36.996 40.328 37.913 37.958 36.321 36.403 36.448 36.183 35.991 35.963 36.201 35.893 35.866 35.858 35.858 35.848 40.563 43.156 43.143 44.641 45.841 46.753 47.038 44.238 36.898 35.656 35.641 35.243 35.393 35.665 35.308 35.238 35.15 35.365 35.663 36.38 36.375 42.253 45.788 46.93 46.988 45.485 37.753 37.655 37.31 35.87 35.35 35.208 35.023 34.935 34.94 34.945 34.948 34.91 34.9
36.988 37.183 37.696 42.901 45.406 46.593 46.186 46.561 41.751 39.958 39.061 37.621 37.893 38.053 37.688 37.048 38.516 40.813 38.961 36.981 36.348 36.368 36.586 36.233 36.671 36.076 35.991 35.883 35.883 35.763 35.778 35.718 41.476 43.061 42.981 44.098 45.616 46.588 47.033 45.288 37.873 35.766 35.578 35.196 35.601 35.735 35.238 35.163 35.023 35.06 35.123 35.91 36.108 43.76 46.443 46.96 46.733 45.25 42.815 42.01 42.13 39.098 35.138 35.095 34.993 34.955 34.93 34.95 34.96 34.898 34.943
36.931 37.378 38.808 43.933 45.391 46.496 46.406 45.951 40.813 38.283 37.843 36.608 36.488 36.358 36.763 36.358 37.308 38.063 38.163 37.576 36.258 36.311 36.541 36.148 35.998 35.931 35.988 35.688 35.586 35.621 35.596 35.633 40.866 42.331 42.228 43.493 45.526 46.506 47.071 46.378 40.566 35.861 36.536 35.616 37.936 35.343 35.155 35.123 34.978 34.978 35.07 35.615 35.338 41.095 45.79 46.545 46.865 45.375 43.253 43.113 43.208 38.705 35.573 35.845 35.648 36.13 35.685 35.205 35.455 36.55 36.385
37.471 37.233 38.016 45.688 45.821 46.386 46.371 46.353 40.213 36.571 36.613 36.678 36.448 36.386 36.373 36.508 36.508 36.891 36.348 37.256 36.203 37.471 36.686 36.073 35.918 35.898 35.838 35.661 36.081 36.493 35.638 35.616 35.971 36.193 35.948 40.731 46.021 46.523 47.218 45.803 37.568 35.471 35.591 35.228 35.438 35.683 35.138 35.088 34.948 34.895 34.993 35.415 35.575 39.558 44.865 46.435 47.023 45.553 43.348 43.025 42.958 40.843 35.03 34.928 34.863 35.26 34.963 34.783 34.945 35.348 35.248
