tq2989_DSM_2M.asc
ncols 500
nrows 500
xllcorner    529000
yllcorner    189000
cellsize     2
NODATA_value -9999
[rows 320 to 351 of 500, columns 213 to 283 of 500]
46.776 47.021 47.876 50.763 47.986 46.738 46.006 47.051 49.011 50.738 51.511 52.313 53.071 53.853 53.693 52.908 52.123 51.333 50.556 48.876 45.668 44.436 46.761 47.411 45.798 43.378 43.333 45.946 49.998 50.046 50.933 52.578 52.538 51.703 50.361 45.878 43.051 43.273 44.158 42.198 42.861 42.173 42.166 42.083 42.036 42.153 43.331 42.783 44.793 46.486 45.551 44.211 46.523 42.498 42.803 44.721 46.481 46.846 43.883 43.136 42.003 41.046 40.896 40.808 40.976 41.266 42.671 42.598 41.983 43.898 41.113
46.818 46.706 50.336 47.551 46.011 45.816 45.646 45.726 49.148 50.946 51.716 52.491 53.273 53.991 53.521 52.708 51.948 51.133 50.406 46.271 43.461 44.558 43.741 44.303 43.963 43.833 43.571 46.451 50.221 50.001 50.993 52.606 52.581 50.981 49.661 44.148 43.156 43.198 42.853 42.111 43.066 42.133 42.126 42.238 42.026 42.301 42.241 42.261 47.196 49.563 49.986 49.541 48.323 42.398 42.358 42.833 42.441 41.963 42.616 41.786 41.383 40.986 40.878 40.808 40.783 41.833 44.093 42.841 42.421 42.286 40.996
46.183 47.683 48.196 47.523 47.381 45.786 45.611 46.881 50.351 51.138 51.926 52.716 53.493 53.946 53.298 52.501 51.731 50.938 50.323 46.001 43.503 43.311 43.238 43.306 43.448 43.878 44.766 45.651 46.176 45.973 51.676 52.601 52.388 51.318 50.631 43.796 42.586 44.498 42.173 42.006 42.026 42.071 42.076 42.791 41.978 42.823 42.456 43.041 48.418 49.941 50.866 49.833 48.368 47.686 47.106 47.476 45.098 42.043 41.541 41.823 41.036 41.068 41.303 40.851 40.778 42.341 44.486 43.996 42.868 40.298 40.308
46.108 46.133 46.086 46.603 45.738 45.658 45.606 48.116 49.868 51.043 51.601 52.968 53.688 53.876 53.103 52.303 51.536 50.736 49.783 45.016 44.221 43.368 43.578 43.211 43.073 44.498 47.541 49.108 47.891 47.243 52.353 52.761 52.618 50.801 48.323 43.448 42.418 42.156 42.018 41.888 41.931 41.993 42.048 42.203 42.056 42.668 41.988 43.331 48.861 50.256 51.031 50.211 48.191 47.771 47.768 47.736 46.998 41.886 41.586 40.973 40.753 40.728 41.818 42.101 41.266 42.026 42.423 42.646 42.426 40.303 40.346
46.008 45.968 45.913 45.726 45.578 45.536 46.261 48.903 50.578 50.873 50.943 51.003 51.468 52.486 52.368 51.961 51.328 50.518 48.326 44.396 43.681 43.933 45.596 44.473 43.228 45.026 48.891 49.616 49.333 49.976 52.113 52.076 51.188 50.073 46.501 43.238 43.806 42.488 41.946 41.826 41.861 41.913 42.341 42.231 42.308 41.896 41.986 44.801 49.121 50.456 51.143 51.088 48.513 47.898 47.886 47.826 46.271 42.206 41.791 40.888 40.711 41.303 41.211 40.591 40.521 41.393 41.386 43.143 42.376 41.003 40.918
45.883 45.838 45.731 45.616 45.528 45.503 48.721 49.961 50.821 50.896 50.968 51.016 51.068 51.143 50.808 49.688 49.358 48.973 46.753 43.383 43.116 43.101 45.543 44.831 43.568 44.046 45.486 47.946 49.578 50.706 52.148 51.946 50.886 50.521 44.911 42.651 42.486 42.328 41.821 41.763 41.818 41.833 42.223 42.466 42.601 42.568 42.171 44.938 49.108 50.741 51.103 51.051 46.603 47.721 47.728 47.723 45.183 41.906 41.796 41.186 41.078 41.728 41.671 41.146 40.631 40.686 41.601 42.821 40.663 40.123 40.148
45.831 45.701 45.581 45.511 45.481 46.823 49.448 50.753 50.873 50.933 50.983 51.028 51.086 51.176 50.531 49.283 47.818 44.791 44.068 45.216 44.233 43.271 42.901 42.838 42.908 42.966 43.918 43.161 43.546 45.176 48.268 49.983 50.298 47.773 42.636 42.573 42.523 41.968 41.711 41.658 41.731 41.718 41.601 41.623 41.781 42.328 42.341 44.933 46.833 43.308 47.141 45.663 42.823 42.738 45.238 45.973 44.138 41.456 41.211 40.578 40.458 40.403 40.358 40.358 40.536 41.376 42.016 41.268 40.476 40.286 41.408
45.733 45.601 45.543 45.483 45.428 49.423 50.356 50.856 50.898 50.958 51.006 51.058 51.106 51.131 50.188 48.968 46.531 44.271 44.056 44.381 43.883 44.121 43.511 42.878 42.983 44.808 48.296 47.241 45.281 47.973 49.311 47.846 45.523 43.646 42.663 42.911 42.508 41.766 41.708 41.596 41.646 41.613 41.511 41.533 41.613 41.941 42.971 49.211 48.921 48.598 48.123 44.621 41.901 41.908 42.296 42.226 42.308 41.913 40.776 40.551 40.433 40.386 40.351 40.363 40.356 40.441 42.063 40.923 40.563 41.576 41.233
45.596 45.526 45.491 45.443 47.961 49.721 50.821 50.876 50.933 50.996 51.046 51.091 51.126 50.953 49.863 49.168 47.806 46.183 45.801 43.243 42.898 43.211 43.398 43.506 43.326 44.631 48.936 48.953 48.923 49.538 50.618 50.506 49.976 47.691 42.721 42.913 42.858 41.903 42.328 42.683 41.546 41.493 42.226 41.466 41.898 41.636 42.078 48.306 49.516 50.183 49.673 47.403 45.546 44.971 44.238 43.396 41.161 41.716 41.213 40.643 41.081 41.056 40.448 40.336 40.631 41.223 42.266 41.021 40.736 40.498 40.796
45.498 45.478 45.446 45.618 47.926 50.736 50.866 50.911 50.966 51.006 51.063 51.106 51.168 50.773 49.518 48.263 48.633 48.708 49.636 46.036 43.946 42.761 42.718 42.741 42.623 46.118 49.308 49.111 49.243 50.098 51.088 51.281 49.913 46.691 42.578 42.736 42.903 42.906 42.791 42.011 41.496 41.748 41.978 41.608 41.921 41.706 43.096 48.468 49.891 50.508 49.561 48.446 47.281 47.261 47.248 45.786 41.086 41.058 40.743 40.348 40.298 40.411 40.473 40.688 41.963 41.396 43.058 41.321 39.643 39.546 39.528
45.441 45.426 45.398 45.983 49.796 50.831 50.896 50.948 50.981 51.031 51.073 51.131 51.163 50.408 49.186 49.291 47.123 47.651 45.741 46.216 42.993 43.171 42.676 42.723 42.603 46.556 49.081 49.086 49.901 51.518 51.521 51.071 49.641 44.703 43.103 42.361 42.111 42.353 41.886 41.398 41.386 41.313 41.208 41.776 42.046 41.746 46.138 48.681 49.976 50.461 50.421 48.241 47.328 47.273 47.313 44.706 41.558 41.253 40.828 40.341 40.281 40.233 40.198 40.158 40.886 45.831 46.303 43.268 40.726 39.516 39.468
45.391 45.381 45.388 48.023 50.851 50.868 50.908 50.963 50.993 51.038 51.103 51.158 51.123 50.093 49.041 47.161 46.698 43.476 44.893 43.183 42.853 43.161 42.863 43.456 42.861 46.058 47.603 47.536 49.513 51.491 51.618 50.733 49.191 43.238 42.551 42.501 42.421 41.381 41.266 41.333 41.336 41.211 41.131 41.248 42.083 42.233 47.956 49.186 49.676 49.911 49.583 47.526 47.118 47.121 47.176 45.631 43.571 41.746 42.041 40.771 41.156 40.528 40.233 41.068 42.458 45.476 47.038 43.051 41.178 39.571 40.086
45.348 45.446 45.276 45.033 47.728 50.946 50.933 50.978 51.018 51.043 51.108 51.146 50.921 49.731 48.526 46.176 45.358 43.091 42.983 42.763 42.623 42.586 42.468 42.643 42.643 43.826 43.156 43.401 45.773 51.571 51.528 50.598 50.238 43.773 41.741 41.571 41.401 41.296 41.663 41.268 41.218 41.278 41.153 41.166 41.423 41.331 42.548 44.793 45.556 46.078 46.821 42.146 44.383 47.348 46.668 45.103 43.176 41.238 41.266 40.416 40.763 41.101 40.373 40.538 41.346 43.531 43.493 41.688 39.611 39.446 39.293
45.358 45.486 45.061 44.748 44.446 45.173 49.271 51.003 51.023 51.061 51.133 51.161 50.671 49.401 48.538 45.688 43.588 43.056 43.101 44.211 42.976 42.568 42.438 44.093 45.523 48.983 48.378 47.248 50.373 51.443 51.776 50.186 49.006 44.078 42.916 42.398 41.366 41.301 42.016 41.156 41.101 41.988 41.958 41.141 41.098 41.061 43.696 42.798 41.891 42.358 41.176 41.053 42.201 44.088 44.223 44.241 42.878 41.696 40.593 40.566 40.443 41.018 41.371 40.068 41.653 42.831 40.591 39.928 39.471 39.496 39.226
45.373 45.056 44.798 44.506 44.171 43.913 43.653 46.286 50.291 51.091 51.121 51.173 50.343 49.073 48.561 44.503 42.481 42.483 42.421 42.583 42.426 42.653 43.006 44.746 46.276 49.078 48.808 49.486 49.963 49.341 51.133 49.738 47.818 43.268 41.881 41.736 41.341 41.213 41.486 41.038 41.021 41.608 40.966 41.183 41.008 40.968 47.541 48.681 48.548 48.306 44.178 40.991 40.901 40.868 40.858 41.486 41.711 41.576 40.833 40.521 44.363 41.726 42.476 40.103 41.143 42.638 40.236 40.043 39.813 42.161 42.936
44.961 44.533 43.871 43.588 43.488 43.408 43.856 46.288 44.093 48.586 51.143 51.058 49.956 48.731 47.561 43.866 43.438 42.551 42.348 42.198 42.148 42.243 42.578 42.906 46.596 48.738 48.938 49.353 49.328 49.291 50.991 49.538 45.413 41.878 42.041 42.026 41.071 40.936 40.956 40.968 40.941 41.246 40.851 41.071 40.933 42.538 47.593 49.458 49.901 48.708 47.368 45.093 44.268 44.651 43.286 40.866 40.801 40.853 40.661 40.998 41.953 42.643 41.241 45.613 46.428 42.513 40.513 39.306 39.281 42.441 42.696
44.296 43.596 43.401 43.188 42.693 43.013 48.536 49.486 48.021 44.198 44.903 49.303 49.636 48.561 44.898 45.333 44.606 42.828 42.541 42.206 42.188 42.138 42.041 42.946 46.583 48.446 48.443 48.456 50.708 50.301 48.726 46.708 43.526 41.891 41.658 41.981 41.013 41.016 41.001 40.871 41.136 41.351 40.801 40.893 40.918 42.681 48.198 49.763 50.118 48.973 48.641 48.396 48.276 48.068 45.366 41.851 40.778 40.661 40.663 40.608 41.821 42.491 40.303 43.466 46.226 42.156 39.498 39.311 39.253 39.191 39.116
43.483 43.003 42.671 42.511 42.336 45.901 51.103 50.456 49.396 49.003 45.883 43.378 46.816 47.411 42.233 43.171 42.646 42.228 42.168 42.163 42.196 42.238 42.911 42.753 45.678 48.788 47.481 49.136 51.713 51.168 50.208 48.816 43.536 41.423 41.421 41.713 40.893 41.381 40.983 40.778 40.741 40.681 40.946 40.946 40.918 43.951 48.391 49.918 49.821 48.846 49.026 49.063 49.123 49.268 46.833 43.891 42.218 40.753 40.341 39.831 39.881 40.053 39.796 43.273 48.008 42.381 39.976 39.363 39.236 39.623 39.086
42.788 43.256 42.866 42.336 42.768 49.971 50.811 51.108 50.771 50.201 49.601 47.888 43.211 42.753 42.673 42.456 42.108 42.481 42.556 42.031 42.038 41.998 42.201 42.741 43.108 43.336 43.231 47.063 51.198 51.163 49.973 48.596 44.098 42.123 41.958 40.901 43.001 41.766 40.686 40.678 41.403 40.843 40.728 40.848 40.898 45.178 48.748 49.363 49.333 48.108 47.791 47.961 48.146 48.311 44.821 43.743 41.931 40.481 40.533 40.058 39.756 39.673 39.723 42.531 44.378 40.911 40.043 39.576 39.518 40.333 41.496
42.876 43.003 43.688 42.856 44.366 48.913 49.811 50.451 50.986 51.066 50.508 49.936 44.543 42.658 44.743 45.241 44.238 42.736 42.001 41.981 41.826 41.856 41.986 42.116 47.488 46.836 45.553 47.763 49.483 51.391 49.791 48.418 44.186 42.238 41.143 40.783 40.618 40.658 40.648 40.558 40.898 40.506 40.728 41.558 40.713 42.046 44.851 46.633 48.096 46.098 41.576 43.293 44.133 44.846 41.791 40.518 40.476 40.436 40.146 39.713 39.688 39.613 39.898 45.201 44.241 42.668 40.978 39.506 39.463 38.938 40.038
42.981 43.318 42.798 42.601 42.498 43.671 47.426 49.493 50.126 50.688 51.143 49.323 42.336 43.136 44.958 48.738 47.406 42.358 42.098 42.291 42.468 42.041 43.058 44.183 48.013 47.966 47.913 48.326 49.408 50.578 49.636 49.423 43.148 43.158 41.788 42.041 40.511 40.541 40.541 40.478 41.083 41.681 44.721 42.951 42.748 41.503 42.493 43.663 41.151 41.266 40.566 40.546 40.558 40.546 40.516 40.483 40.491 40.426 40.071 39.666 39.633 39.586 41.716 44.318 46.158 41.716 40.796 39.448 39.053 39.218 39.116
43.683 43.053 42.358 42.338 42.371 42.328 43.688 44.446 48.008 49.728 50.938 45.918 42.418 43.678 44.448 48.128 48.686 45.611 42.986 41.688 41.626 41.928 41.698 43.983 47.911 47.948 47.526 48.693 50.018 50.541 49.208 45.746 41.676 41.418 42.336 41.848 40.408 40.431 40.468 40.413 41.086 43.873 47.713 43.673 41.913 41.423 41.928 40.493 40.763 43.698 41.838 41.888 41.448 41.018 41.531 40.968 40.516 40.436 40.116 39.641 39.576 39.761 42.813 43.508 41.873 40.196 40.701 39.253 39.221 39.133 41.041
42.486 42.136 42.013 41.901 42.363 42.716 43.276 41.958 41.993 46.198 44.841 42.061 44.568 46.573 44.898 46.026 49.636 48.528 43.758 44.258 41.908 41.681 41.623 44.311 47.806 47.626 47.391 48.961 49.846 50.138 48.846 45.088 43.058 42.691 42.918 41.351 40.341 40.348 40.373 40.286 40.216 42.738 46.126 42.923 42.306 42.298 41.378 40.741 40.696 42.033 39.881 40.556 42.773 42.316 43.013 43.326 39.933 39.631 39.991 39.678 40.021 41.321 43.211 41.543 40.791 39.883 39.446 39.286 39.531 38.858 39.213
43.151 44.708 42.446 42.256 43.676 44.006 42.191 42.016 41.923 42.301 44.406 43.696 43.273 44.068 45.241 45.001 49.608 46.396 44.741 45.228 41.998 42.943 41.636 43.376 45.896 45.738 46.586 48.643 49.511 49.646 48.498 43.843 41.271 41.358 43.191 40.788 40.211 40.301 40.251 40.198 40.131 40.931 42.996 40.896 41.098 41.928 40.466 40.101 40.593 40.563 39.798 41.208 42.623 42.488 44.946 43.158 40.133 42.891 42.473 41.446 39.908 39.563 39.426 39.521 39.743 40.408 39.638 39.121 39.041 39.778 38.761
49.041 49.461 45.241 43.831 43.471 42.248 41.908 41.933 42.073 44.426 45.486 43.413 43.211 42.731 42.656 44.148 42.463 42.791 41.351 41.271 41.226 44.203 44.316 41.986 41.348 41.066 42.261 46.533 46.593 47.463 48.213 44.778 41.498 41.786 43.286 41.138 42.118 40.193 40.148 40.071 40.066 40.473 43.493 41.883 41.801 41.523 40.018 39.991 41.001 39.756 39.733 39.901 40.478 40.016 40.666 40.338 41.778 43.581 43.243 44.506 43.981 42.776 41.093 39.228 39.061 39.226 39.836 40.621 39.916 38.821 39.661
51.846 51.941 50.118 47.006 43.553 43.266 43.638 41.748 42.708 44.741 44.621 41.728 45.518 42.706 43.101 43.501 43.246 41.586 41.298 41.241 41.076 40.893 41.278 40.866 42.448 43.251 44.136 42.651 41.046 41.376 42.388 42.826 42.633 41.378 42.756 44.458 42.048 40.078 40.051 40.548 39.983 40.983 42.368 41.761 42.258 41.318 40.671 39.926 40.038 39.688 39.648 40.408 39.558 39.411 40.623 39.611 42.551 43.676 43.646 45.473 45.443 44.863 44.383 43.348 41.893 39.653 39.941 39.653 40.288 38.606 39.013
52.458 52.791 51.811 51.058 49.728 47.353 45.376 43.323 44.336 45.673 44.976 43.101 43.768 43.476 42.836 44.073 45.138 42.588 41.331 42.401 41.396 40.943 41.313 41.791 43.911 45.318 48.603 48.718 48.631 48.968 47.311 41.353 40.426 40.656 40.626 40.198 40.088 40.013 39.926 40.933 39.911 40.643 39.933 39.991 40.743 40.993 39.931 40.063 40.576 39.636 39.601 39.626 39.481 39.668 40.988 40.561 43.223 43.411 44.418 45.998 46.456 46.261 45.803 45.336 44.831 44.288 43.583 41.266 40.711 38.671 38.491
53.108 54.021 54.006 52.986 51.701 50.531 47.608 44.598 45.761 44.181 42.278 41.531 41.531 44.801 41.733 45.908 48.711 45.956 42.851 43.523 40.933 41.866 47.161 46.286 43.028 45.763 48.528 49.226 49.843 49.566 46.771 40.358 40.268 40.756 41.396 40.271 40.513 39.881 39.803 39.948 39.816 41.471 42.653 42.503 42.743 41.263 40.231 40.693 41.246 39.561 39.548 40.151 39.458 40.343 40.921 41.541 43.671 43.073 44.431 44.966 45.513 45.996 46.351 46.481 46.201 45.736 45.226 44.696 44.196 41.971 40.031
51.751 52.701 53.798 54.018 53.148 52.173 49.981 44.726 45.628 41.833 41.436 43.216 41.988 42.161 41.263 43.348 45.626 43.568 43.958 41.831 42.361 41.891 41.441 44.078 40.918 43.518 44.956 49.026 49.926 49.533 47.233 40.396 40.178 40.676 40.841 40.146 40.116 39.793 39.721 39.631 39.741 41.678 43.233 43.236 43.236 43.113 41.696 39.686 39.573 39.398 39.548 40.756 39.458 39.886 39.598 42.423 43.571 42.006 42.271 43.311 44.043 44.593 45.088 45.583 46.063 46.458 46.396 46.168 45.373 43.091 41.546
50.543 51.463 52.168 53.001 52.588 51.721 45.271 45.306 44.103 41.353 41.328 43.201 41.506 41.228 41.096 40.998 41.416 42.996 41.928 41.673 42.043 41.721 42.953 41.048 40.836 42.153 44.876 49.296 49.968 49.248 47.018 41.851 39.996 39.953 39.953 39.978 39.851 39.658 39.616 39.546 39.638 41.313 43.056 45.498 46.621 45.631 42.436 39.848 39.423 40.321 40.471 39.541 39.663 39.318 39.896 42.898 43.226 41.608 41.563 41.658 41.478 41.176 43.496 44.146 44.676 45.188 45.663 46.076 45.026 42.151 41.836
44.721 49.468 50.846 51.346 51.423 45.558 43.843 45.183 41.511 41.228 41.218 41.236 41.138 41.016 40.928 40.888 40.756 41.131 40.808 41.573 44.161 43.283 44.523 43.521 42.706 40.391 47.418 49.281 49.736 49.373 48.328 44.716 40.271 40.131 39.751 40.406 39.718 39.563 39.538 39.443 39.741 41.816 43.348 46.493 47.816 46.761 42.836 39.743 39.281 41.811 42.243 42.231 40.671 39.083 40.071 43.426 42.513 41.671 43.213 42.711 40.723 39.253 41.528 42.108 43.121 43.608 44.256 44.716 44.156 41.808 41.808
41.851 43.378 47.041 51.873 52.226 43.858 44.761 43.471 41.546 41.133 41.123 41.151 41.001 40.911 40.783 40.636 40.493 40.426 40.348 40.318 40.801 41.071 44.118 42.836 43.278 42.723 46.843 47.033 47.886 48.418 47.026 42.176 40.188 40.123 39.646 40.386 39.566 39.481 39.571 39.426 40.518 43.586 44.863 46.626 47.458 46.626 41.646 39.793 39.586 45.536 45.303 44.486 41.221 39.656 41.756 40.843 39.326 42.156 45.988 46.133 46.661 45.516 42.566 41.778 42.776 41.421 42.093 42.756 42.491 41.798 41.453
