tq2989_DSM_2M.asc
ncols 500
nrows 500
xllcorner    529000
yllcorner    189000
cellsize     2
NODATA_value -9999
[rows 128 to 159 of 500, columns 213 to 283 of 500]
69.806 70.878 73.626 73.733 73.528 73.126 73.323 70.228 69.343 68.761 68.726 70.421 70.463 69.833 69.668 69.031 70.636 67.701 66.956 66.941 66.746 66.828 71.956 72.238 71.866 72.346 71.298 67.686 71.391 68.648 67.461 69.496 70.596 66.773 71.493 69.163 70.746 72.446 72.911 70.591 67.783 66.513 65.571 68.331 67.621 64.781 64.596 64.311 64.136 64.161 63.921 66.353 67.823 64.221 67.918 63.306 69.611 68.556 70.731 65.046 66.166 69.208 70.501 63.321 63.273 67.721 62.858 62.573 62.508 64.291 68.306
69.601 69.623 69.758 70.143 69.086 70.388 72.468 69.548 68.558 68.583 68.588 71.783 73.838 72.718 73.691 68.453 67.131 66.831 67.071 66.658 66.501 66.443 66.488 72.091 70.676 68.801 71.016 68.676 68.073 69.133 70.168 70.671 72.731 76.158 69.408 67.133 72.323 69.291 70.363 70.676 70.246 67.071 66.516 64.918 64.746 64.576 65.461 64.556 66.773 71.673 65.258 68.068 66.866 64.491 64.921 63.058 68.653 67.923 65.041 67.163 71.213 67.161 66.606 64.226 62.828 62.533 62.441 62.251 65.186 62.473 70.223
69.501 69.843 69.641 69.121 68.886 69.121 69.941 68.421 68.376 68.423 68.693 73.126 73.358 75.528 70.288 68.623 67.851 69.306 71.296 69.753 69.226 68.146 70.333 70.593 69.438 68.931 70.206 68.133 68.506 68.743 75.573 75.583 75.381 76.126 71.073 70.366 67.941 69.958 71.636 71.871 68.531 69.958 67.458 66.298 66.888 65.091 67.873 64.631 65.596 72.173 67.341 65.531 64.518 63.248 63.133 63.016 62.883 65.386 64.851 68.453 67.058 63.213 63.398 65.498 63.918 62.393 62.411 62.166 64.643 67.366 67.868
69.166 69.206 68.938 68.978 69.028 68.838 68.801 68.243 68.168 68.221 68.211 71.931 72.936 71.201 74.883 70.836 68.023 68.611 76.691 70.846 69.868 70.446 71.813 69.413 67.531 68.151 68.883 65.896 67.081 72.371 79.231 71.376 70.878 72.026 69.421 70.123 66.728 69.463 72.233 66.076 71.028 75.996 68.691 69.913 70.186 68.163 71.928 71.926 70.358 69.938 64.226 64.196 63.311 63.191 63.006 62.893 62.751 65.906 63.878 64.711 62.306 62.231 62.141 64.436 63.843 62.038 62.156 62.506 65.891 65.678 64.011
68.971 69.666 68.868 69.131 70.346 69.068 68.873 69.018 68.063 68.716 68.418 70.423 69.383 74.366 73.496 72.186 72.466 68.078 73.883 71.453 71.148 69.601 66.778 65.546 65.851 68.926 66.223 68.928 67.936 74.443 74.086 69.398 66.211 65.731 66.618 65.398 68.618 67.381 69.858 72.193 72.333 71.853 68.783 71.793 68.803 66.631 73.173 69.473 68.961 72.031 64.293 63.381 63.486 63.206 63.053 63.846 65.833 63.426 62.438 62.303 62.146 62.018 61.931 62.748 61.798 61.741 61.636 63.688 64.361 61.831 63.548
68.768 69.096 68.921 68.993 70.538 69.618 71.808 71.628 69.416 67.916 67.856 69.551 71.551 69.636 74.043 72.518 68.333 68.556 74.678 67.541 70.616 68.318 66.443 67.528 66.041 66.741 66.383 66.886 66.446 70.831 70.123 65.011 63.971 65.851 65.503 64.718 65.578 64.791 68.521 66.511 72.773 70.331 71.286 69.143 67.558 66.936 68.946 66.968 68.511 66.466 63.308 63.806 64.056 64.086 63.228 64.248 67.866 65.506 62.648 62.688 62.091 62.433 61.846 61.631 61.563 61.546 61.398 65.241 63.356 61.181 64.066
68.581 68.776 69.008 68.353 68.251 68.416 70.223 71.076 67.893 67.678 67.678 67.998 71.478 70.621 74.923 67.923 69.651 68.556 71.226 67.168 68.538 68.798 67.263 70.061 67.441 67.366 65.796 65.351 71.681 68.666 66.638 67.293 66.398 66.713 63.828 65.873 66.768 63.661 66.783 67.521 70.031 68.651 69.901 67.943 67.188 63.508 68.188 64.053 63.818 65.358 62.958 63.338 64.236 64.566 64.078 63.426 66.743 64.346 67.233 65.088 61.988 66.913 66.281 62.726 61.356 61.251 61.171 63.723 62.373 60.971 60.958
68.506 68.441 68.638 68.263 68.551 68.371 68.738 69.163 67.616 67.488 67.533 68.781 72.726 71.648 70.958 73.566 69.798 66.158 66.681 67.626 67.918 69.661 70.011 70.056 67.348 70.931 67.593 67.243 68.846 66.106 66.776 74.823 65.208 68.211 71.708 67.196 66.206 68.423 66.711 64.768 71.763 68.696 70.823 63.911 69.616 66.433 68.141 67.061 65.203 63.913 64.316 62.766 62.978 63.501 65.153 62.426 63.796 66.141 64.998 63.663 62.843 68.938 66.151 64.906 61.603 61.936 60.938 61.538 60.791 60.713 60.843
68.883 68.548 68.211 68.443 68.498 68.386 69.418 68.786 67.306 67.296 67.336 69.476 70.301 70.961 72.601 73.161 71.616 69.538 68.338 71.081 72.618 70.596 74.066 67.113 68.016 71.961 69.203 67.933 69.011 65.293 70.738 67.981 67.828 65.886 73.311 71.718 65.381 65.078 66.053 63.138 67.853 68.976 69.848 73.823 67.486 65.013 63.898 67.826 66.413 63.823 65.391 64.138 64.206 64.568 66.128 66.726 68.216 65.063 61.781 62.843 61.998 63.943 66.226 64.241 64.563 66.083 63.551 64.056 61.596 60.506 60.661
68.231 68.343 68.833 68.076 67.978 67.898 68.791 69.488 67.151 67.113 67.166 67.168 70.678 69.141 72.046 74.728 72.423 68.516 67.536 71.233 72.951 71.281 68.823 65.556 66.171 70.603 66.661 65.226 67.521 67.648 67.276 69.753 69.893 65.598 69.656 73.193 69.038 63.106 63.048 63.218 63.318 64.768 64.148 67.433 65.876 62.641 63.633 64.971 64.881 62.541 64.628 64.663 66.101 67.826 68.066 69.043 67.323 61.983 63.451 62.271 61.861 61.656 62.863 63.593 66.223 66.108 64.168 64.611 62.283 60.253 60.731
68.248 68.011 68.031 68.256 68.398 68.651 69.406 71.733 68.098 66.996 66.991 68.671 71.213 70.808 72.971 71.568 68.403 66.816 69.351 69.058 70.691 68.356 64.408 67.876 66.918 63.826 66.546 65.303 70.498 68.693 68.746 65.076 69.441 66.591 68.503 67.958 68.046 62.461 62.531 62.026 62.176 62.313 62.736 62.061 63.156 63.083 63.326 64.703 63.048 62.461 64.223 65.121 65.303 66.478 67.898 70.583 66.728 63.736 65.218 61.216 63.121 64.006 61.728 64.546 64.858 65.613 62.151 64.776 60.603 60.043 61.851
68.103 68.158 67.786 67.701 67.646 68.936 71.753 72.578 69.398 66.936 66.831 66.903 67.151 70.448 74.151 70.833 69.268 72.053 65.801 65.801 69.776 73.093 69.008 69.481 67.133 66.016 69.611 66.791 73.211 70.728 65.463 68.998 66.033 64.971 67.226 67.686 69.686 62.598 61.876 62.828 62.178 62.428 62.748 61.888 61.918 63.228 64.948 66.266 64.083 62.341 62.891 64.696 63.783 66.153 68.606 67.498 67.433 67.418 66.133 62.306 64.383 65.151 65.268 65.543 64.611 66.908 61.453 60.156 60.061 59.883 60.131
68.723 68.126 67.648 67.803 67.743 70.031 71.471 73.078 70.911 66.583 66.641 67.383 68.701 68.231 68.543 70.373 70.021 68.196 65.858 64.266 66.236 68.483 69.018 68.331 66.908 65.173 65.748 69.538 68.063 68.836 65.728 67.726 64.811 64.573 67.221 65.381 65.983 66.773 62.378 61.836 61.598 61.481 62.173 62.308 61.421 61.716 64.513 66.471 62.621 62.848 62.366 61.391 61.338 61.328 62.468 64.726 63.611 65.473 64.508 63.868 63.693 64.921 67.756 64.926 65.271 65.058 60.608 59.938 59.838 59.691 59.541
69.741 68.803 67.606 67.453 67.428 68.498 69.491 70.463 69.223 66.393 66.461 71.306 72.658 70.348 68.826 67.848 69.203 68.288 66.863 64.351 66.713 64.298 67.228 67.486 64.226 63.758 64.963 65.126 67.933 66.493 68.533 65.876 65.481 63.148 67.833 63.708 66.518 67.323 64.396 62.811 61.843 61.708 61.131 61.103 61.083 64.221 65.376 65.578 64.661 63.096 62.813 60.671 60.663 60.681 60.933 63.908 63.676 64.598 63.311 60.556 61.958 63.156 66.471 65.186 62.833 62.438 61.006 59.686 59.596 59.491 59.358
68.183 68.083 67.648 67.541 67.488 67.306 69.968 70.263 66.503 66.268 66.296 69.086 72.001 71.121 70.116 67.928 66.591 67.326 67.013 67.868 69.868 66.833 63.236 63.421 62.963 63.638 65.201 68.053 68.901 67.028 69.343 66.336 63.596 66.216 65.811 65.438 67.731 66.386 62.756 62.281 61.438 61.896 61.666 61.013 61.461 62.746 65.851 64.203 62.956 64.213 60.958 60.428 60.398 60.323 60.286 60.888 66.108 65.688 63.908 63.011 60.818 62.328 64.568 63.321 63.673 62.323 59.743 59.486 59.503 59.368 59.178
67.656 67.461 67.278 67.321 67.516 67.456 69.116 68.193 66.046 66.126 66.176 66.481 68.941 66.861 70.876 70.436 68.151 64.998 68.618 68.278 68.821 66.721 66.088 67.801 65.973 65.548 69.663 68.578 67.721 66.348 68.768 71.451 64.723 65.321 63.013 68.648 61.643 61.218 61.203 61.558 60.998 60.898 60.823 60.873 63.328 63.536 61.443 64.031 62.086 62.618 61.458 60.218 60.141 60.066 60.036 60.681 61.773 62.781 63.066 61.596 64.451 64.558 64.171 59.793 62.763 59.628 59.293 60.328 60.081 59.303 59.651
67.393 67.558 67.563 67.168 68.413 69.136 68.523 66.691 65.846 65.938 66.008 66.501 72.278 70.418 69.443 67.061 66.871 64.371 67.798 70.606 68.788 69.566 66.391 65.246 67.218 63.758 67.773 64.951 68.023 63.536 65.573 67.018 64.426 68.421 67.368 61.621 61.446 61.121 60.993 60.823 60.681 60.591 60.478 60.961 63.286 62.541 62.248 63.563 61.843 63.391 60.251 59.973 59.941 59.873 59.801 59.766 59.748 63.036 63.048 64.698 65.316 65.028 64.186 62.898 59.956 59.171 59.408 59.811 60.651 59.686 61.721
67.796 67.221 67.161 68.498 73.188 70.846 67.946 69.408 65.733 65.768 65.828 66.578 72.888 68.463 70.933 70.256 67.891 66.888 67.828 68.721 67.708 68.028 70.498 67.946 64.406 65.496 68.706 65.216 66.821 64.851 63.013 66.756 64.923 61.528 64.381 63.481 68.323 65.703 60.756 60.646 60.423 60.321 60.213 60.268 62.568 60.543 63.088 63.248 63.693 60.276 60.231 59.788 59.748 59.671 59.621 59.551 59.476 59.836 63.413 62.263 64.266 61.013 59.756 59.846 59.046 59.026 61.413 59.881 60.786 58.923 60.133
67.423 67.561 68.608 73.038 75.003 73.023 72.976 68.081 65.678 65.603 65.721 68.286 70.121 68.658 69.233 67.283 65.418 67.101 66.846 66.053 67.011 65.206 66.553 62.576 63.583 64.358 65.403 66.166 64.261 64.831 62.826 63.923 66.093 63.043 65.198 66.321 63.761 65.408 60.631 60.553 60.263 60.091 60.021 59.946 61.526 61.651 65.256 65.458 60.428 60.401 59.628 59.588 59.561 59.493 59.433 59.363 59.291 59.213 60.198 59.933 61.753 60.146 59.288 58.873 58.881 58.876 61.816 61.618 62.283 59.826 59.891
67.421 67.016 67.478 70.853 74.131 74.751 73.523 68.288 65.396 65.478 65.546 65.678 66.008 66.018 64.441 64.368 63.691 64.301 67.033 66.478 66.643 66.766 65.858 67.516 65.798 64.496 64.181 64.381 66.171 65.603 61.353 63.136 63.558 66.148 62.303 65.453 62.296 61.791 61.411 62.203 60.016 59.936 59.848 59.788 59.726 60.298 63.676 65.591 60.983 62.503 59.641 59.471 59.378 59.353 59.248 59.186 59.093 59.028 58.961 58.913 60.373 60.463 58.998 58.678 58.878 58.701 59.886 58.511 60.483 58.343 59.136
67.288 67.091 67.298 67.196 70.031 72.718 68.071 65.178 65.246 65.316 65.408 65.926 65.303 64.878 66.241 64.946 67.528 69.708 63.701 64.423 67.266 65.383 65.706 67.056 67.128 65.341 62.911 68.483 64.781 60.993 62.143 60.756 62.536 66.253 64.186 63.138 64.641 63.216 61.913 60.533 61.406 60.133 59.711 59.663 59.648 59.553 60.633 61.871 60.818 60.233 61.143 59.326 59.238 59.168 59.083 59.023 58.931 58.866 58.798 58.723 59.966 59.713 58.538 58.478 61.196 61.558 59.041 58.291 58.311 58.138 58.046
66.931 66.821 68.218 68.606 69.856 66.031 65.101 64.996 65.071 65.151 65.258 67.801 67.363 64.631 65.151 67.766 72.153 70.586 64.993 67.531 69.013 64.548 63.201 62.493 65.371 65.653 62.426 63.731 61.236 63.251 60.676 60.561 60.528 62.663 62.543 66.073 64.163 62.461 65.861 63.211 62.093 61.073 59.773 59.573 59.521 59.468 59.401 59.396 59.481 59.348 59.301 59.241 59.936 59.911 58.971 58.903 58.833 58.726 58.638 58.553 58.473 58.418 58.418 58.528 59.236 61.261 59.178 58.096 58.003 57.936 57.898
66.788 66.968 68.666 70.561 67.416 64.916 64.826 64.883 64.921 65.003 65.393 67.898 67.576 65.436 69.018 70.613 75.518 73.278 68.553 66.711 66.278 63.093 68.478 63.156 65.676 65.158 62.273 62.843 62.053 61.623 60.533 60.423 60.288 60.203 62.021 63.906 61.621 64.086 61.666 63.731 63.861 64.651 60.903 59.483 59.458 59.396 59.371 59.301 59.258 59.211 59.133 59.086 59.036 58.973 58.848 58.783 58.703 58.643 60.556 58.431 58.296 58.323 58.893 60.616 59.548 58.781 58.058 58.178 57.833 57.811 57.756
67.008 68.463 69.788 70.083 65.053 64.703 64.693 64.781 64.803 64.896 67.088 70.031 66.221 63.503 70.041 72.923 67.851 66.143 67.826 66.313 66.561 63.843 67.491 63.391 65.468 63.566 63.733 66.191 60.756 60.481 60.423 60.296 60.191 60.073 60.808 62.891 62.111 60.968 64.026 60.718 63.653 63.403 60.033 59.363 59.308 59.258 59.226 59.153 59.116 59.033 58.973 58.903 58.843 58.761 58.701 58.658 58.571 58.891 60.413 58.301 58.153 58.108 58.761 59.108 58.756 57.913 58.976 60.953 58.233 57.698 57.608
67.316 69.008 70.821 66.016 64.641 64.533 64.578 64.641 64.626 64.836 68.656 68.508 70.858 66.771 66.483 68.366 67.108 65.826 67.393 64.393 63.193 64.668 64.321 63.046 65.051 61.811 60.658 61.203 60.428 60.326 60.291 60.168 60.081 59.981 59.893 60.038 60.913 61.926 61.528 62.573 60.686 60.763 60.608 61.563 60.778 60.338 59.131 59.003 58.953 58.883 58.791 58.723 58.656 58.603 58.518 59.071 58.401 59.621 61.403 58.083 57.988 57.951 58.506 58.573 57.846 57.803 58.108 58.088 59.148 57.556 57.391
68.578 70.968 70.383 66.598 64.428 64.406 64.461 64.511 64.598 68.731 66.418 69.753 71.053 68.188 69.273 70.281 67.653 63.166 64.026 62.411 61.756 63.286 62.216 66.388 65.468 63.841 60.706 63.451 60.891 60.163 60.128 60.081 59.986 59.901 59.816 59.708 59.613 60.206 60.756 60.366 60.643 62.348 63.926 61.248 60.961 63.181 59.718 58.831 58.766 58.741 58.656 58.596 58.496 58.403 58.313 58.241 59.366 60.626 58.663 57.921 57.846 57.841 57.851 57.768 57.693 57.633 57.603 59.643 57.676 57.318 57.241
70.253 71.096 67.003 64.376 64.283 64.303 64.358 64.401 64.601 68.066 66.318 66.268 65.478 69.766 68.943 63.406 63.793 62.923 61.751 62.098 61.783 62.906 62.901 61.051 61.433 61.206 62.956 65.718 63.328 60.191 60.041 59.958 59.876 59.778 59.676 59.576 59.483 59.381 59.248 60.078 61.106 59.971 61.696 61.143 62.196 61.376 61.321 58.706 58.618 58.563 58.506 58.416 58.328 58.228 58.098 58.116 58.301 58.873 57.786 57.763 57.746 57.726 57.628 57.563 57.528 57.488 57.401 59.123 57.238 57.321 57.251
70.036 69.333 64.456 64.191 64.156 64.178 64.236 64.336 67.123 67.788 65.646 64.868 65.198 68.121 63.203 65.523 65.736 65.606 61.691 61.736 61.896 65.718 62.426 60.693 60.508 60.363 61.028 62.038 60.541 61.116 59.943 59.816 59.713 59.626 59.538 59.408 59.296 59.231 59.161 59.068 58.978 58.898 62.491 61.156 60.911 64.678 60.896 60.061 59.438 59.503 59.088 58.286 58.153 58.918 58.508 57.816 57.771 57.698 57.653 57.586 58.488 57.666 57.463 57.433 57.383 57.311 57.198 57.111 57.038 56.996 57.173
70.236 66.288 64.113 64.046 64.078 64.141 64.103 70.091 71.638 67.791 66.816 62.933 64.761 69.261 65.321 67.671 65.213 63.341 61.651 61.756 64.298 65.616 60.881 60.503 60.373 60.253 60.163 60.091 60.013 59.933 59.843 59.703 59.613 59.526 59.406 59.316 59.191 59.061 59.018 58.908 58.811 58.933 60.431 59.126 60.226 61.606 60.911 59.386 60.826 62.431 59.946 58.113 58.001 60.288 60.661 60.061 57.966 57.551 58.121 58.856 59.348 57.396 57.308 57.218 57.206 57.131 57.071 56.978 56.861 56.816 56.698
70.303 64.183 63.918 63.921 63.958 64.013 64.583 68.673 71.328 68.491 64.653 67.733 63.758 67.013 67.668 65.573 65.528 64.098 61.938 66.211 64.301 61.178 61.293 60.363 60.236 60.133 60.088 60.001 59.893 59.798 59.713 59.588 60.398 61.723 59.756 59.158 59.031 58.923 58.841 58.751 58.658 58.573 58.511 58.453 58.366 58.391 58.793 59.628 60.363 59.361 61.351 57.931 58.478 60.153 61.061 60.676 57.438 57.403 58.668 60.678 60.326 57.208 58.606 57.073 57.023 56.966 56.876 56.786 56.716 56.608 56.523
68.466 63.853 63.826 63.861 63.883 63.893 64.103 65.541 68.386 68.106 63.511 64.951 63.493 64.476 67.033 65.281 64.483 64.403 61.841 67.273 63.481 62.538 62.571 62.186 60.133 60.053 59.951 59.836 59.761 59.623 59.541 59.443 59.356 59.731 59.118 59.021 58.901 58.798 58.736 58.646 58.491 58.441 58.341 58.283 58.213 58.146 58.058 59.961 59.943 59.456 58.191 58.781 58.293 59.331 59.478 59.048 57.291 57.266 58.323 58.558 58.431 56.996 57.696 56.921 56.856 56.768 56.713 56.601 56.523 56.423 56.318
64.963 63.728 63.716 63.703 63.753 63.976 66.756 65.371 67.133 65.278 62.433 62.553 63.493 62.668 65.871 64.211 64.086 62.156 62.438 61.798 62.423 63.758 61.096 61.361 60.013 59.896 59.811 59.703 59.563 59.481 59.391 59.293 59.178 59.061 58.983 59.478 58.773 58.688 58.581 58.468 58.376 58.308 58.208 58.118 58.046 57.981 57.883 58.083 57.768 59.716 59.808 59.948 62.341 60.583 60.086 59.261 57.151 57.096 57.106 57.283 57.463 56.856 56.816 56.756 56.691 56.608 56.523 56.433 56.316 56.248 56.151
