tq2989_DSM_2M.asc
ncols 500
nrows 500
xllcorner    529000
yllcorner    189000
cellsize     2
NODATA_value -9999
[rows 384 to 415 of 500, columns 355 to 425 of 500]
35.298 35.403 35.243 34.998 35.036 35.026 34.793 34.773 34.768 35.366 34.746 39.631 42.246 40.596 41.298 42.778 40.933 41.456 44.456 39.601 37.648 38.621 41.413 42.451 47.891 45.768 40.406 44.843 38.053 38.216 35.776 41.328 40.126 47.768 43.741 43.943 40.348 37.338 34.683 34.273 34.593 34.733 33.911 33.801 33.761 33.705 33.66 35.09 37.44 43.828 36.63 41.828 42.875 42.733 40.823 37.885 35.795 33.333 33.303 33.25 33.218 33.218 33.19 35.573 33.74 33.155 33.483 33.023 33.01 32.975 32.893
34.943 35.293 35.961 35.758 34.878 35.851 35.376 35.588 35.476 35.556 38.656 39.243 44.233 39.263 42.106 37.431 41.038 42.263 48.326 39.248 35.101 39.413 38.293 39.216 40.093 40.901 41.141 38.451 45.228 40.776 41.061 37.373 41.983 39.841 44.813 37.113 41.686 35.271 33.928 33.936 33.923 33.868 33.841 33.768 36.571 35.005 35 36.28 41.16 39.758 39.475 41.553 46.855 40.83 40.655 39.24 37.338 36.45 35.243 35.25 38.373 38.67 37.768 35.903 37.62 36.135 37.788 34.345 33.923 33.978 34.185
35.096 35.088 35.076 36.088 35.798 34.993 34.913 34.913 34.833 35.921 40.043 46.721 43.236 38.601 41.466 40.168 39.801 35.771 37.111 37.608 39.248 36.043 39.688 41.238 35.288 43.328 41.328 43.106 46.263 38.383 39.703 45.171 40.176 42.913 41.266 42.858 43.461 37.126 35.196 35.536 35.803 36.863 35.608 35.716 37.546 38.493 36.743 40.405 40.118 37.618 36.515 39.305 37.945 41.39 41.198 38.178 39.773 37.263 34.65 35.783 39.113 40.198 39.94 38.618 37.6 36.078 35.133 34.013 33.36 33.395 35.115
35.241 35.343 35.893 38.221 37.141 35.636 36.223 38.678 40.696 43.336 42.203 40.946 43.008 40.743 49.416 41.861 37.581 38.196 39.596 39.458 43.921 42.511 44.068 41.923 41.148 43.406 44.101 39.456 39.686 37.431 40.563 42.038 39.006 37.858 46.258 40.703 44.916 43.323 42.416 38.613 42.426 37.698 35.883 35.226 37.081 36.605 37.578 40.57 43.008 36.91 34.67 37.8 41.715 40.09 38.885 41.778 38.668 36.8 34.603 34.81 39.318 42.34 43.64 38.535 39.808 40.563 34.14 40.2 32.918 37.125 36.643
35.353 36.623 35.746 38.408 37.608 36.106 37.628 39.658 38.286 41.388 38.531 39.233 39.011 42.881 44.063 44.611 39.988 40.028 42.116 37.848 41.006 41.846 42.268 42.956 43.308 36.903 48.643 39.523 39.876 44.886 43.086 39.286 42.901 39.121 43.233 46.081 43.776 42.333 44.083 40.158 39.793 37.518 35.531 36.523 38.086 42.955 40.413 38.395 41.683 40.783 40.243 39.7 37.06 45.933 38.92 36.193 37.56 34.335 34.433 34.158 33.443 41.978 42.09 40.778 37.08 39.335 41.608 41.29 36.583 38.863 41.605
38.038 39.528 38.443 37.376 38.506 35.808 38.926 38.373 42.393 38.761 39.433 42.526 41.443 40.166 43.891 40.913 42.868 38.298 43.203 43.983 39.901 43.298 40.761 44.158 42.376 45.253 42.128 39.571 36.711 41.348 47.771 42.178 43.678 42.058 35.911 43.688 37.243 39.263 35.591 39.403 43.126 36.773 44.798 37.976 39.341 38.62 37.428 38.243 33.943 37.76 41.65 42.728 39.9 39.913 39.835 35.448 37.463 39.275 37.638 37.02 35.653 37.115 42.575 40.505 39.945 43.338 39.165 36.658 35.963 36.58 33.953
38.831 39.368 37.983 37.511 38.118 37.746 39.416 42.513 41.258 37.336 42.591 44.396 43.998 43.396 44.913 42.653 43.843 41.243 41.606 39.116 42.891 42.441 45.791 46.406 41.086 42.968 41.221 39.518 38.671 36.101 38.988 40.996 36.833 44.443 39.468 41.098 46.148 41.151 40.711 42.516 44.016 42.248 39.411 39.618 43.813 40.66 35.723 37.983 39.693 37.333 41.113 39.975 38.89 38.008 35.433 47.08 38.463 37.165 39.655 38.595 42.388 39.03 38.558 40.485 40.153 44.835 43.353 37.048 34.265 34.683 36.233
36.423 37.723 37.893 38.826 38.753 40.843 40.311 39.106 44.128 39.408 41.296 44.186 42.278 42.688 40.021 42.768 37.863 36.566 37.378 40.513 43.858 41.881 44.006 40.823 38.333 38.603 42.208 41.873 38.296 39.223 41.668 40.831 42.928 40.253 39.298 41.953 41.956 38.203 43.198 43.756 39.203 46.401 42.728 42.333 44.606 40.26 35.273 41.568 37.008 37.76 38.155 40.663 43.065 36.343 38.873 39.603 39.933 37.218 40.603 45.525 40.655 38.293 37.125 39.205 37.158 37.6 39.588 36.583 33.73 34.8 35.938
36.591 40.083 37.438 39.808 38.326 37.848 40.153 43.488 40.931 46.818 47.176 39.553 41.646 36.841 45.448 41.548 38.266 39.573 38.946 39.753 37.173 39.418 39.873 38.656 40.093 41.088 39.831 38.873 42.281 39.731 34.616 37.771 40.351 36.018 39.301 44.861 42.098 37.701 45.928 41.461 43.438 39.143 41.261 42.483 41.971 42.83 41.155 40.418 41.435 39.483 35 39.455 42.76 39.618 39.135 37.3 37.82 37.41 37.87 37.023 38.36 37.685 38.105 37.935 37.63 37.735 35.168 33.493 33.163 36.65 40.288
42.103 42.356 39.756 39.643 39.066 39.096 43.146 41.096 41.841 37.911 38.516 38.198 38.538 37.261 38.698 39.491 38.456 40.313 39.126 36.011 37.258 39.656 39.291 42.521 40.403 38.741 37.351 36.631 40.078 38.756 39.291 36.603 40.248 41.131 39.598 45.006 39.813 40.071 36.031 45.303 41.913 39.688 41.893 46.301 40.071 39.758 41.043 39.738 40.703 36.345 38.68 38.125 39.773 37.345 37.835 35.698 39.46 37.283 36.043 39.943 38.09 38.55 40.75 37.25 34.523 36.6 35.348 32.985 33.165 36.965 35.485
40.341 38.673 38.268 39.951 38.831 39.196 36.681 40.011 42.806 44.148 41.918 39.073 37.658 38.288 40.376 37.418 35.656 39.468 39.143 38.193 39.256 38.468 40.536 39.341 38.293 35.253 38.003 39.481 38.376 36.558 46.433 42.366 39.121 41.971 37.891 43.943 34.971 36.388 38.608 41.936 34.846 42.583 35.868 40.586 42.978 41.775 40.088 37.678 35.683 36.795 33.83 36.19 38.793 37.905 38.665 35.48 37.62 36.593 39.203 33.893 36.048 40.455 40.71 36.665 35.225 32.833 34.12 32.763 32.71 34.733 36.233
41.803 42.228 43.278 41.521 41.066 34.996 36.628 38.498 40.103 39.506 37.598 36.061 36.526 34.938 37.906 35.411 36.651 43.588 35.496 39.743 39.973 35.356 36.123 37.978 35.256 35.198 34.221 36.543 34.321 34.103 37.473 47.088 39.878 37.326 42.791 38.763 35.916 34.566 42.098 40.646 40.268 41.293 39.053 35.393 39.496 38.153 37.238 33.638 33.385 33.328 33.305 33.27 35.218 36.023 34.573 39.055 38.475 36.22 35.118 34.663 33.878 33.43 34.3 37.055 33.013 33.058 37.23 35.118 36.123 40.725 40.428
37.366 39.071 38.038 38.571 36.328 34.961 34.918 36.133 38.131 35.663 35.686 34.773 34.733 36.076 34.661 36.473 35.621 42.226 36.458 38.301 38.056 36.008 35.496 35.043 34.276 34.218 34.176 34.156 34.143 34.096 34.358 41.871 42.926 35.893 38.046 38.198 37.886 36.831 37.218 39.593 38.173 41.823 43.703 34.363 38.631 35.315 34.813 33.453 33.415 33.37 33.368 33.315 33.3 33.273 34.363 35.493 34.43 33.595 33.068 33.638 33.058 33.013 33.67 33.908 32.878 32.883 37.678 44.253 36.94 43.658 39.575
35.251 36.233 35.168 35.536 36.938 35.051 34.991 34.933 34.931 34.853 34.851 34.806 37.123 38.148 42.058 38.696 39.923 40.731 37.473 41.426 34.468 34.433 34.388 34.328 34.301 34.266 34.218 34.196 34.171 34.111 40.148 39.233 39.151 34.988 37.438 38.581 34.696 38.061 39.021 39.301 38.228 33.756 33.703 36.103 33.578 33.568 33.503 33.433 33.45 33.415 33.353 33.305 33.303 33.26 33.233 33.18 33.168 33.18 33.09 33.043 33.02 32.965 32.945 32.91 32.853 34.47 36.255 42.693 40.49 45.513 42.308
36.778 41.608 44.288 41.418 39.756 38.073 35.003 34.956 34.908 34.863 34.856 34.811 41.553 44.948 43.786 37.623 42.501 43.848 42.731 40.151 34.443 34.413 34.326 34.313 34.258 34.248 34.216 34.186 34.183 36.321 42.208 36.703 44.783 43.551 44.901 38.191 39.021 38.728 38.503 38.048 33.856 33.718 33.681 33.643 33.578 33.538 33.483 33.438 33.388 33.378 33.355 33.315 33.27 33.213 33.175 33.15 33.09 33.055 32.993 32.943 32.903 32.888 32.858 32.833 32.763 37.44 39.195 40.225 41.93 44.93 43.26
45.783 39.281 42.423 39.051 39.901 37.758 35.313 34.886 34.883 34.846 34.828 36.603 39.248 38.746 37.971 40.531 41.043 43.848 41.171 39.081 37.011 34.351 34.313 34.278 34.228 34.198 34.118 34.138 34.093 39.798 42.133 42.026 38.568 36.498 38.763 35.273 40.636 36.098 33.968 35.218 33.641 33.596 33.548 33.513 33.448 33.428 33.403 33.33 33.328 33.315 33.3 33.305 33.245 33.17 33.135 33.103 33.053 33.033 33.018 32.983 32.968 32.963 32.938 32.94 32.915 34.635 35.343 42.008 43.508 42.215 42.295
44.826 44.951 42.153 39.326 40.056 36.503 35.006 34.916 34.881 34.851 34.923 41.676 41.096 46.733 39.086 45.543 42.783 39.158 39.846 41.408 34.521 34.321 34.276 34.241 35.328 38.986 37.891 34.283 35.318 42.228 45.193 44.028 37.213 39.818 39.496 45.846 40.726 34.268 33.766 33.683 33.613 33.551 33.508 33.561 33.553 33.488 33.498 33.445 33.453 33.405 33.408 33.365 33.34 33.298 33.273 33.245 33.195 33.158 33.133 34.315 34.25 33.04 33.013 32.97 32.938 34.735 34.055 37.08 37.003 38.79 38.565
36.776 42.128 38.381 39.021 42.201 41.461 35.856 35.016 34.958 35.326 35.826 37.093 39.618 44.433 39.183 44.611 44.826 44.746 39.368 34.518 34.471 34.446 34.398 35.491 37.868 36.653 37.646 34.788 34.546 36.308 39.896 40.551 45.796 37.978 39.163 39.908 40.173 34.613 33.876 33.786 33.738 33.686 33.668 33.646 33.623 33.623 33.598 33.568 33.523 33.498 33.485 33.5 33.418 33.393 33.36 33.33 33.265 33.205 33.218 33.873 34.465 33.698 33.118 33.105 33.093 33.075 37.408 39.32 41.913 36.228 41.918
39.046 42.733 41.193 41.431 39.741 39.071 35.333 35.081 35.028 35.021 34.991 37.658 40.213 42.086 41.353 41.166 44.301 39.928 43.563 36.621 34.573 34.561 34.516 34.871 34.786 39.066 37.128 36.596 34.393 36.503 39.778 40.026 38.173 42.606 38.021 38.036 38.348 33.888 33.893 33.913 33.808 33.758 34.298 33.723 33.716 33.695 33.675 33.655 33.608 33.57 33.55 33.563 33.53 33.488 33.59 33.43 33.43 33.428 33.47 34.765 37.665 34.008 33.473 33.428 33.42 33.458 33.963 35.6 38.48 39.15 39.385
39.541 43.351 43.446 39.993 40.198 42.128 35.516 35.321 35.161 35.186 35.088 35.346 39.896 43.276 40.266 38.376 38.636 42.098 37.011 35.668 34.691 34.711 34.858 35.271 37.703 38.323 36.028 34.918 34.448 34.626 35.088 39.326 37.981 38.856 36.613 39.721 34.556 34.908 35.156 35.206 34.881 34.158 33.956 33.953 33.853 33.895 33.895 33.888 33.673 33.633 33.615 33.628 33.595 33.558 33.505 33.59 33.813 33.728 33.688 33.943 37.208 35.018 34.1 33.928 34.065 33.888 33.738 33.723 35.145 35.608 36.913
42.466 43.308 46.646 42.178 42.353 36.256 36.233 36.096 35.401 35.428 35.461 36.768 36.271 39.638 38.093 36.658 37.718 35.861 34.948 34.876 34.883 36.536 35.596 34.788 37.033 35.803 34.691 34.636 34.706 34.706 34.701 34.656 37.656 35.126 37.773 34.893 34.446 34.503 35.001 34.868 35.311 34.741 34.126 34.531 34.821 33.973 33.993 33.94 33.76 33.683 33.625 33.603 33.59 33.633 33.698 33.668 34.45 33.955 34.015 33.915 33.92 34.06 34.058 34.018 34 34.005 33.973 34.025 33.995 33.81 34.18
36.958 39.346 37.983 35.668 35.996 35.621 35.628 35.861 35.488 35.541 35.536 36.976 36.058 38.158 36.953 35.788 36.968 36.146 35.078 34.966 34.996 36.736 35.471 35.611 36.148 36.951 34.811 34.743 34.883 35.313 34.741 34.721 34.701 34.356 34.248 34.283 34.278 34.283 34.418 34.953 35.168 34.611 34.336 34.231 34.338 34.198 34.165 34 33.825 33.7 33.65 33.645 33.595 34.353 33.758 36.225 37.31 36.893 34.085 34.108 34.143 34.378 34.818 35.878 35.705 36.975 37.52 37.455 37.155 37.75 36.215
36.218 36.521 36.326 35.843 36.298 35.761 35.766 36.103 35.618 35.626 35.591 36.211 36.373 36.173 36.318 35.338 35.863 35.816 35.248 35.076 35.083 36.916 35.948 35.533 36.466 36.728 34.886 35.131 35.033 34.996 34.831 34.761 34.763 34.356 34.271 34.668 34.366 34.878 34.416 35.238 36.481 34.611 34.378 34.273 34.138 34.183 34.508 34.218 33.895 34.41 33.675 33.693 33.69 34.283 33.888 34.093 37.38 34.048 34.563 39.128 39.68 40.035 40.023 39.998 39.953 39.923 39.91 39.943 39.96 39.988 37.643
37.946 37.853 37.426 36.273 36.691 36.333 36.383 36.211 36.111 36.156 36.291 36.253 36.931 36.493 36.676 35.466 35.918 35.948 35.766 36.678 36.793 36.001 36.043 35.776 35.968 35.831 36.228 37.161 36.201 36.006 36.308 36.796 35.666 34.391 34.241 34.291 35.158 34.976 35.511 37.736 38.708 36.556 36.981 34.426 35.578 35.273 34.283 34.408 34.055 33.805 33.715 33.72 33.69 34.035 33.7 33.84 34.088 34.018 34.113 40.173 40.21 40.158 40.483 41.765 41.815 41.848 41.133 39.955 40.013 39.97 38.758
41.963 41.473 40.731 40.373 40.493 39.408 39.398 37.331 38.781 37.973 38.101 37.516 37.381 37.503 36.503 35.463 35.648 35.943 40.811 41.558 41.538 40.306 41.536 41.991 41.336 38.481 42.846 43.213 42.796 42.938 43.253 43.701 40.098 34.396 34.868 43.813 43.203 43.053 43.953 44.036 43.903 43.851 43.783 43.788 43.661 43.293 36.533 35.13 34.12 33.835 33.763 33.72 33.75 34.365 33.765 33.828 33.925 34.02 35.185 40.13 40.213 40.29 41.018 42.185 42.123 42.085 41.295 40.145 40.128 40.183 40.183
43.536 43.088 43.023 42.958 42.893 42.798 42.693 42.601 42.356 42.333 42.236 42.056 41.916 41.741 41.856 41.786 39.991 37.193 43.481 44.916 44.786 45.103 44.686 44.706 44.788 39.933 44.788 44.721 44.778 45.291 44.653 44.623 42.438 34.411 35.313 43.756 45.273 45.421 45.463 45.441 46.651 45.601 45.528 45.531 45.423 44.128 36.328 35.178 34.355 33.863 33.758 33.803 33.785 33.935 33.725 33.853 33.99 34.035 34.673 39.36 40.18 40.168 40.158 40.213 40.05 39.978 39.978 40.03 40.14 40.115 40.165
45.163 44.511 44.403 44.301 44.231 44.141 44.121 44.203 43.688 43.603 43.548 43.368 43.238 43.246 43.096 42.866 42.596 38.001 43.213 44.933 44.848 45.071 44.731 44.741 44.701 38.253 44.823 44.756 44.771 44.841 44.641 44.643 40.881 34.473 37.041 44.011 45.738 47.156 47.243 47.258 47.298 47.341 47.381 47.221 45.956 44.15 35.91 35.045 34.445 33.898 33.823 33.825 33.855 33.743 33.755 33.92 33.998 34.04 34.09 38.95 40.233 40.148 40.193 40.183 40.038 39.793 40.335 38.573 37.18 37.415 37.023
44.526 44.581 44.561 44.248 44.291 44.566 44.628 44.533 44.136 44.153 44.158 44.136 44.243 44.876 44.231 44.178 43.143 38.431 43.898 44.931 44.958 45.111 44.741 44.743 44.783 37.483 44.823 44.716 44.701 45.191 44.591 44.596 40.748 34.301 34.466 44.088 45.716 47.201 47.386 47.391 47.313 47.306 47.316 47.186 45.976 44.17 37.105 34.72 34.478 33.948 33.838 33.895 33.863 33.798 33.838 33.935 34.03 34.06 34.088 35.915 38.233 38.855 38.88 38.923 38.8 39.013 38.468 37.375 37.865 39.408 38.053
43.398 43.858 43.871 44.393 44.546 44.516 44.548 42.863 42.361 42.863 43.541 44.093 44.106 43.728 43.113 43.221 42.916 38.713 43.291 44.603 44.218 44.356 42.791 44.588 44.506 37.408 45.048 44.301 42.118 43.406 43.036 44.261 42.201 34.468 34.441 44.013 45.423 45.573 45.526 45.541 46.868 45.521 45.471 45.398 44.988 43.63 37.478 34.655 34.368 34.01 33.888 33.938 33.923 33.895 33.84 33.983 34.045 34.075 34.103 34.138 37.193 37.6 39.193 38.925 39.245 39.558 38.393 39.483 39.24 39.095 38.37
38.936 38.438 39.473 38.993 40.651 39.481 40.863 39.086 38.713 40.436 41.856 42.441 43.641 42.516 41.736 41.831 41.993 37.846 44.216 43.421 39.353 38.471 36.643 41.341 43.916 37.963 43.993 41.201 35.306 35.706 35.933 43.623 40.953 34.421 34.588 43.748 41.893 43.886 43.956 43.781 43.988 43.796 43.633 43.956 43.891 43.025 37.033 34.768 34.473 34.075 33.95 33.983 33.97 33.905 33.9 33.993 34.088 34.098 34.145 34.165 36.438 38.828 39.245 39 39.248 39.525 39.218 39.428 39.295 39.418 39.36
37.068 36.046 38.171 38.741 38.723 37.401 38.841 35.996 35.738 36.158 38.038 38.123 36.208 37.591 36.533 36.536 36.458 35.443 38.083 38.166 38.031 36.541 35.458 41.381 44.023 37.428 41.011 38.241 35.276 36.108 35.851 41.463 39.431 34.503 34.551 36.931 35.303 35.643 36.371 37.406 37.386 37.721 39.591 38.711 37.296 35.443 34.428 34.483 34.565 34.145 34.03 34.09 34.035 33.968 33.955 34.038 34.075 34.108 34.095 34.175 36.985 36.98 39.223 38.35 39.18 39.065 39.205 39.343 39.333 39.383 39.44
36.413 36.031 36.436 37.126 36.126 36.366 36.218 35.858 35.801 36.358 37.043 37.053 35.773 37.413 37.246 37.158 35.651 37.286 37.223 38.051 38.096 36.186 35.628 39.013 39.908 36.021 38.286 36.911 35.271 35.801 35.278 37.168 38.536 34.593 34.538 36.791 34.946 34.731 35.068 34.761 35.538 36.228 40.566 37.663 35.801 34.645 34.425 34.44 34.72 35.845 34.08 34.093 34.095 34.038 34.005 34.065 34.083 34.14 34.15 34.19 36.688 39.158 39.215 39.605 38.425 38.358 39.243 39.318 38.163 37.805 38.28
