LIDAR-DSM-2M-TQ28ne/tq2587_DSM_2M.asc
ncols 500
nrows 500
xllcorner    525000
yllcorner    187000
cellsize     2
NODATA_value -9999
[rows 192 to 223 of 500, columns 288 to 359 of 500]
76.439 80.317 76.522 79.389 78.644 76.619 75.027 74.697 74.309 74.269 74.969 76.944 75.669 75.349 76.729 75.646 74.374 74.376 74.364 74.351 74.341 74.306 74.281 74.444 75.701 74.576 74.294 73.814 73.521 76.274 78.019 74.591 75.081 75.094 74.736 74.109 74.276 75.216 74.581 73.786 73.606 74.326 74.789 75.579 75.584 77.154 80.384 82.444 83.421 82.521 81.419 79.589 77.044 74.179 74.351 73.896 74.016 75.219 80.519 75.891 79.646 78.949 80.611 74.809 74.546 74.579 74.574 74.826 76.161 75.966 77.556 76.699
79.009 79.827 77.194 76.852 76.244 75.564 74.419 75.094 74.694 75.602 74.569 75.242 76.181 75.891 74.849 74.994 75.234 74.399 74.374 74.381 74.331 74.324 74.304 74.289 74.371 75.624 74.874 74.814 74.244 76.309 76.736 76.316 74.686 75.411 74.391 74.154 75.431 74.446 73.859 73.781 73.681 73.689 74.829 74.394 76.146 80.179 83.026 83.409 82.584 81.341 79.391 76.486 75.919 74.754 74.011 73.879 73.941 74.616 77.224 76.676 80.526 79.151 78.231 76.726 75.934 74.709 74.584 74.599 75.124 77.189 76.471 77.876
81.047 81.974 75.867 76.817 76.217 74.287 74.304 74.299 74.439 74.849 74.452 74.942 75.446 74.866 75.919 75.239 74.444 74.384 74.414 74.401 74.361 74.344 74.291 74.289 74.261 74.436 75.746 74.349 73.974 74.244 75.669 74.679 74.136 74.151 74.464 77.061 75.044 73.991 73.741 73.726 73.799 73.946 73.939 76.696 79.929 81.179 81.164 82.839 83.004 81.049 77.921 74.144 74.159 75.659 74.364 73.976 74.011 74.544 77.246 77.054 77.241 75.234 76.496 77.041 76.996 75.181 74.606 74.684 76.221 76.504 76.164 78.114
79.104 75.597 78.789 75.472 74.307 74.312 74.324 74.332 74.329 74.387 74.669 74.947 74.389 75.974 79.624 78.796 75.384 74.296 74.389 74.384 74.366 74.344 74.324 74.289 74.251 74.224 74.324 75.674 75.016 74.131 74.144 74.191 74.184 74.174 76.189 76.841 76.114 75.239 73.931 73.711 74.374 74.601 74.871 80.031 81.341 78.781 76.376 81.079 82.984 82.519 80.321 74.209 73.859 74.849 76.004 74.454 74.074 74.401 76.004 75.456 76.801 77.801 76.086 76.459 76.499 76.181 75.874 76.004 76.201 75.341 75.224 76.041
77.779 78.527 74.679 74.349 74.337 74.347 74.352 74.349 74.344 74.517 74.334 74.439 75.956 80.314 82.259 83.601 77.281 74.629 74.286 74.351 74.376 74.371 74.374 74.316 74.264 74.211 74.229 75.291 75.616 74.226 74.204 74.224 74.191 74.321 76.236 75.461 75.321 76.734 75.236 74.839 79.514 80.724 80.809 82.431 82.346 78.961 74.561 76.799 81.144 81.376 76.234 73.986 73.891 74.131 75.519 75.476 74.366 74.659 74.529 74.289 74.521 75.061 75.534 75.239 76.331 76.871 76.526 76.119 75.309 75.251 75.201 75.211
75.807 76.349 74.414 74.344 74.359 74.389 74.399 74.379 74.372 74.312 74.364 75.527 79.956 82.284 83.834 83.126 81.304 75.851 74.401 74.321 74.356 74.381 74.384 74.344 74.294 74.256 75.651 77.454 75.711 74.349 74.206 74.201 74.221 75.599 74.999 74.436 74.674 76.209 76.146 79.876 83.189 82.609 82.414 83.416 83.214 82.499 80.024 74.856 76.196 75.659 73.936 74.229 73.941 73.926 74.044 74.989 75.741 74.506 74.294 74.559 74.429 74.544 75.119 75.791 75.559 76.856 76.236 75.321 75.244 75.239 75.224 75.229
74.294 74.309 74.342 74.364 74.399 74.407 74.417 74.389 74.339 74.564 76.677 80.417 82.509 83.344 83.396 83.624 82.449 79.864 74.956 74.636 74.311 74.354 74.364 74.366 74.321 74.271 74.691 76.209 77.909 76.999 74.501 74.289 74.271 74.424 74.164 73.946 73.931 74.994 79.804 82.069 83.706 83.739 83.301 82.059 81.791 83.381 82.356 77.829 75.824 76.546 74.909 73.946 74.006 74.049 74.101 74.561 75.494 76.251 74.811 74.794 74.784 75.241 75.236 75.226 76.319 76.421 76.221 75.604 75.241 75.251 75.246 75.229
74.319 74.344 74.364 74.392 74.429 74.417 74.417 74.379 74.349 76.837 80.504 82.347 83.969 82.651 81.291 82.519 83.654 82.589 80.699 75.399 74.559 74.299 74.356 74.361 74.346 74.996 75.814 77.851 78.129 76.241 76.124 77.109 75.019 74.136 74.029 73.966 74.371 80.071 82.014 83.411 84.199 83.451 82.089 78.999 81.379 82.201 81.666 74.651 76.736 76.851 76.649 75.244 74.074 74.146 74.174 74.214 75.409 76.656 75.689 75.199 74.841 74.794 75.344 77.119 76.924 74.911 75.091 76.029 75.669 75.234 75.229 75.246
74.364 74.382 74.359 74.392 74.412 74.419 74.402 74.559 75.629 80.562 82.392 83.747 82.771 80.849 79.236 81.019 82.679 83.636 82.381 79.631 75.211 74.416 74.274 74.434 74.494 76.216 77.926 78.226 76.014 75.041 75.424 75.031 75.929 74.836 74.009 74.776 80.179 83.261 83.541 83.719 83.354 81.934 78.691 75.024 74.799 76.901 74.121 74.164 76.031 76.924 76.621 76.449 74.579 74.209 74.239 74.304 74.591 75.534 77.849 78.316 75.431 75.189 77.734 76.704 75.371 75.061 74.874 74.889 76.186 75.816 75.256 75.261
74.352 74.374 74.389 74.427 74.407 74.392 74.357 77.329 80.714 82.559 83.554 82.652 80.649 77.099 77.441 77.619 80.586 82.596 83.546 82.356 80.466 75.121 74.399 75.741 76.616 77.989 78.021 76.614 74.434 74.219 74.306 74.329 74.816 76.041 74.589 74.901 79.929 82.166 83.576 83.364 81.914 78.659 75.804 76.989 74.671 74.086 73.949 73.969 74.191 76.306 76.601 76.974 76.021 74.419 74.296 74.389 74.614 76.006 79.456 82.509 81.109 77.856 80.156 76.091 76.276 77.494 75.079 74.929 74.914 76.359 75.911 75.266
74.347 74.367 74.399 74.417 74.352 74.359 76.812 80.617 82.429 83.594 82.704 81.069 76.844 74.856 75.456 75.251 77.274 80.996 82.681 84.114 82.379 79.091 75.454 75.549 78.024 78.219 75.956 75.444 74.431 74.306 74.344 74.356 74.374 74.631 75.791 74.469 74.564 80.671 82.949 83.364 82.271 76.649 74.266 76.061 75.091 73.941 73.976 73.986 73.986 74.011 74.171 75.291 77.496 76.286 74.891 75.011 79.064 81.361 82.881 82.861 81.404 76.791 77.066 79.604 85.551 84.161 75.844 74.921 74.931 74.939 76.076 75.631
74.352 74.367 74.387 74.374 75.074 78.442 81.619 82.532 83.617 82.579 80.919 76.004 74.381 74.236 74.246 74.294 74.444 76.471 80.699 82.689 83.574 82.176 79.474 78.569 78.156 76.346 75.396 74.349 74.369 74.349 74.374 74.379 74.401 74.336 74.551 75.521 74.641 75.921 80.754 82.264 83.266 80.956 73.959 74.629 76.424 74.704 74.004 74.001 73.999 74.011 74.009 75.649 78.411 77.229 77.494 81.879 83.271 83.226 83.091 83.201 80.554 76.909 77.811 83.259 87.056 85.891 81.294 74.901 74.949 74.984 75.011 76.869
74.377 74.374 74.357 74.977 76.864 81.634 82.897 83.907 82.747 80.549 77.047 74.287 74.254 74.216 74.261 74.246 74.421 74.634 78.069 81.094 82.741 83.746 82.354 80.524 76.726 74.611 74.684 74.369 74.406 74.389 74.409 74.411 74.414 74.386 74.346 74.624 75.946 74.776 76.781 80.501 81.454 76.644 74.074 74.289 75.119 77.251 76.279 74.029 74.001 75.691 76.801 76.521 75.849 77.646 79.049 83.336 83.486 83.091 83.256 77.509 75.329 75.616 77.689 82.974 82.714 86.341 81.824 74.964 74.994 75.024 76.686 80.801
74.367 74.349 74.634 77.019 80.882 83.342 84.082 82.672 80.864 77.784 74.349 74.214 74.194 74.251 74.279 74.259 74.224 74.229 75.736 77.764 81.254 82.839 83.624 82.161 79.914 75.114 74.314 74.344 74.381 74.404 74.419 74.414 74.429 74.389 74.369 74.344 74.634 75.654 74.641 75.799 74.509 74.041 74.126 74.256 75.381 80.676 79.831 74.886 74.054 75.574 78.596 74.996 75.366 75.536 77.366 82.246 83.479 82.851 79.734 75.339 75.174 76.256 75.954 78.791 82.229 83.299 76.519 74.961 75.016 75.056 75.239 77.626
74.319 75.134 77.004 80.559 82.599 83.542 82.564 80.842 75.329 74.814 74.219 74.212 74.239 74.254 74.256 74.256 74.244 74.236 74.244 74.409 76.584 81.226 82.811 83.591 82.116 79.884 75.056 74.734 74.351 74.399 74.434 74.449 74.446 74.399 74.399 74.394 74.361 74.674 75.946 75.259 74.069 74.259 74.426 74.241 74.434 77.064 81.234 80.494 74.999 78.826 78.734 77.289 76.104 76.931 76.819 77.811 81.506 78.519 74.924 75.026 74.931 75.044 75.739 75.024 76.691 76.259 74.946 75.006 75.049 75.119 77.489 80.369
74.504 77.627 81.467 82.804 83.607 82.599 80.662 77.674 76.457 74.212 74.222 74.232 74.241 74.279 74.294 74.269 74.259 74.239 74.226 74.251 74.341 77.319 81.221 82.889 83.611 82.189 79.686 75.749 74.764 74.359 74.419 74.431 74.391 74.409 74.396 74.381 74.379 74.391 74.809 75.836 75.261 74.881 74.266 74.309 74.289 74.309 78.634 79.139 77.151 79.876 81.039 81.206 76.644 77.351 75.969 76.679 77.274 77.679 75.014 74.691 74.801 74.869 74.866 74.941 75.056 76.254 75.326 75.046 75.081 75.151 75.199 75.726
78.024 81.042 82.797 83.784 82.552 80.579 76.384 75.987 75.392 74.194 74.242 74.279 74.291 74.289 74.306 74.286 74.259 74.246 74.251 74.251 74.241 75.686 77.764 81.174 83.536 83.611 81.996 80.006 75.504 74.349 74.356 74.394 74.391 74.409 74.394 74.419 74.406 74.429 74.429 75.846 77.374 75.351 74.431 74.374 74.366 74.481 76.026 74.641 74.959 78.499 81.536 80.241 76.129 76.466 76.151 79.369 81.944 78.411 76.886 76.324 75.411 74.854 74.864 74.921 74.989 75.154 76.566 75.729 75.109 75.204 75.231 75.284
81.012 82.772 83.584 82.362 80.502 76.657 74.834 74.202 74.234 74.252 74.267 74.282 74.294 74.311 74.301 74.286 74.259 74.271 74.281 74.271 74.259 74.526 75.041 78.326 81.231 82.979 83.551 82.201 80.114 75.184 74.356 74.334 74.361 74.394 74.409 74.421 74.431 74.449 74.471 74.446 75.011 76.149 74.984 75.991 74.419 74.429 77.909 75.886 74.689 76.344 76.701 75.999 76.091 74.896 75.979 78.851 79.096 78.399 77.079 75.504 77.196 74.911 74.916 74.941 75.001 75.346 75.631 76.441 75.896 75.226 75.281 75.326
83.099 83.517 82.424 79.874 77.222 75.399 74.189 74.232 74.267 74.277 74.284 74.277 74.311 74.326 74.289 74.306 74.276 74.269 74.286 74.304 74.304 74.254 74.636 74.951 78.391 81.341 83.011 83.559 82.096 78.594 76.349 74.904 74.339 74.401 74.426 74.434 74.456 74.464 74.471 74.509 74.496 75.191 75.921 75.206 75.054 78.291 77.294 77.931 77.076 76.756 75.571 75.629 76.351 82.466 78.426 76.276 76.551 79.109 80.884 77.014 77.456 76.011 74.944 74.989 75.034 75.104 75.126 76.084 77.031 75.864 75.304 75.384
83.697 82.234 80.242 75.679 74.769 74.712 74.237 74.279 74.262 74.277 74.284 74.274 74.296 74.301 74.311 74.306 74.284 74.276 74.306 74.304 74.301 74.299 74.276 74.356 74.721 78.246 81.436 83.096 83.434 82.071 81.676 75.584 74.274 74.786 74.534 74.454 74.476 74.499 74.524 74.534 74.529 74.526 74.989 76.616 77.621 75.571 77.001 77.676 78.326 77.374 77.844 75.114 75.009 77.074 77.694 75.954 78.679 81.821 81.601 78.344 78.406 75.194 74.981 75.044 75.081 75.099 75.114 75.221 75.656 77.009 76.059 75.591
82.292 80.114 77.427 74.652 74.339 74.257 74.254 74.294 74.302 74.289 74.277 74.262 74.304 74.309 74.329 74.311 74.291 74.304 74.296 74.296 74.299 74.294 74.299 74.271 74.516 76.316 79.166 81.399 83.011 83.591 83.609 81.056 75.296 74.524 75.024 74.534 74.521 74.526 74.556 74.571 74.599 74.581 74.571 75.484 76.431 77.016 76.139 78.074 77.769 76.629 78.696 79.206 75.534 77.636 81.044 75.796 77.954 77.704 78.251 77.711 79.939 75.071 75.041 75.074 75.111 75.166 75.179 75.221 75.329 75.924 78.426 78.054
83.022 80.184 77.567 74.609 74.432 74.284 74.279 74.297 74.284 74.274 74.269 74.284 74.301 74.301 74.344 74.314 74.314 74.311 74.314 74.304 74.314 74.324 74.289 74.269 74.451 75.966 77.559 80.951 82.999 84.731 82.196 79.764 76.244 74.476 74.946 75.196 74.559 74.554 74.589 74.566 74.611 74.609 74.654 74.616 75.904 77.021 78.354 76.641 76.766 75.206 78.881 77.826 80.321 78.956 78.176 75.221 77.019 78.144 75.456 76.474 77.779 76.214 75.989 75.094 75.144 75.176 75.199 75.236 75.296 76.066 76.189 76.604
83.524 83.094 81.404 77.219 74.682 74.534 74.289 74.307 74.277 74.279 74.284 74.304 74.311 74.321 74.311 74.309 74.336 74.336 74.324 74.321 74.294 74.319 74.286 74.289 74.439 77.681 81.411 83.126 83.564 82.156 80.046 74.746 74.494 74.909 75.294 74.801 74.939 74.576 74.606 74.606 74.619 74.629 74.646 75.234 77.416 78.724 78.259 76.931 75.936 75.164 78.641 78.846 78.859 77.826 75.124 75.086 75.466 74.956 75.021 74.994 75.386 76.854 75.994 75.619 75.171 75.186 75.216 75.239 75.464 76.066 75.731 75.786
82.192 83.567 82.992 80.434 75.739 74.727 74.362 74.269 74.282 74.284 74.297 74.327 74.319 74.301 74.331 74.351 74.354 74.354 74.336 74.346 74.314 74.294 74.276 74.691 78.259 81.306 83.036 83.696 82.254 79.669 75.621 74.406 74.471 74.621 74.686 75.021 75.004 75.521 75.074 74.651 74.964 74.634 75.154 76.916 76.296 76.039 76.889 75.341 76.874 75.974 75.276 75.649 76.581 76.966 75.766 75.324 75.764 74.996 75.046 75.034 75.066 76.104 78.501 78.081 75.494 75.236 75.254 75.521 75.641 75.719 76.179 78.321
80.102 82.062 83.572 83.087 80.537 76.387 74.417 74.297 74.272 74.292 74.324 74.334 74.309 74.336 74.364 74.366 74.366 74.361 74.349 74.344 74.296 74.269 74.524 78.366 81.594 83.091 83.576 81.989 79.951 76.181 74.446 74.436 75.164 74.671 74.749 75.654 75.516 74.939 77.034 80.761 77.504 75.744 76.889 76.144 75.219 75.164 75.209 75.246 75.441 77.101 76.251 75.169 75.171 75.981 77.036 75.919 75.231 75.031 75.049 75.081 75.109 75.791 75.531 76.861 76.041 75.726 75.374 76.019 75.731 75.926 79.901 78.371
75.462 79.874 81.969 84.177 83.224 80.874 76.227 75.264 74.277 74.284 74.349 74.329 74.346 74.386 74.364 74.381 74.366 74.354 74.356 74.304 74.329 74.674 78.339 81.316 82.999 83.514 82.081 80.069 75.734 74.706 74.451 74.514 74.639 74.731 74.794 75.354 74.684 76.161 80.076 82.676 78.906 77.539 77.339 77.849 75.674 75.246 75.269 75.251 75.331 75.929 77.516 75.506 75.206 75.224 75.909 76.159 75.911 76.934 77.159 75.094 75.186 75.196 75.294 75.979 77.021 75.989 75.511 75.764 76.511 83.091 84.074 81.394
74.339 75.364 79.889 82.152 83.637 83.319 81.927 82.214 76.992 74.277 74.302 74.344 74.356 74.366 74.384 74.379 74.369 74.371 74.324 74.314 75.291 79.116 81.689 83.076 83.526 82.144 80.049 76.216 75.129 74.469 74.526 74.544 74.569 74.609 74.574 74.624 75.451 78.259 79.314 80.174 78.966 76.679 76.381 78.481 75.749 75.251 75.274 75.291 75.629 77.414 79.506 78.321 75.959 75.259 75.316 75.416 75.859 78.111 77.961 75.409 75.234 75.269 75.286 75.569 77.176 77.459 75.694 75.739 78.674 83.716 84.684 84.134
74.899 74.479 75.792 80.044 82.212 83.584 83.232 83.709 82.197 76.939 74.299 74.332 74.384 74.396 74.379 74.401 74.381 74.336 74.694 75.094 77.504 81.646 83.791 83.564 81.884 79.354 75.381 74.614 74.461 74.504 74.506 74.531 74.529 74.544 75.174 74.871 76.356 78.514 78.516 78.046 77.414 75.486 75.571 76.941 76.961 75.524 75.441 75.674 75.884 79.744 82.814 79.099 76.811 76.056 75.366 75.374 75.404 76.264 76.116 75.281 75.301 75.214 75.324 76.009 77.984 77.396 76.041 75.751 76.216 81.454 83.321 84.641
74.649 75.092 74.452 78.032 82.069 82.734 84.747 83.207 81.427 77.384 74.372 74.334 74.349 74.384 74.381 74.379 74.346 74.621 75.634 79.374 81.701 83.271 83.756 82.116 79.074 74.609 74.451 74.484 74.499 74.496 74.514 74.539 74.524 74.519 74.761 76.096 77.154 78.059 78.626 76.764 75.899 75.374 75.446 75.474 76.456 76.854 76.321 75.726 78.444 84.399 84.724 83.791 77.251 76.164 75.756 75.421 75.476 75.941 76.674 75.729 75.776 75.369 75.474 75.756 77.376 81.564 77.454 76.026 77.439 79.724 82.659 84.124
75.037 75.327 76.622 81.027 82.632 83.559 82.909 83.649 82.839 81.242 76.179 74.579 74.514 74.386 74.399 74.381 74.574 75.439 78.431 81.771 83.709 83.779 82.591 80.081 75.754 74.549 74.501 74.511 74.511 74.496 74.506 74.509 74.524 74.486 74.504 75.686 77.191 78.956 76.446 75.899 75.466 75.469 75.531 75.534 75.724 76.764 78.091 76.574 80.751 83.854 85.431 85.026 84.549 76.866 76.799 75.649 75.529 75.586 75.934 76.514 75.721 75.646 75.596 76.561 82.186 84.754 83.154 78.709 77.929 81.354 84.056 84.744
75.624 75.194 77.177 82.514 83.577 82.574 81.294 82.277 83.629 82.807 80.772 75.599 74.661 74.361 74.359 74.444 74.656 78.964 81.729 83.156 83.444 81.951 80.089 75.189 74.511 74.511 74.549 74.514 74.514 74.509 74.506 74.509 74.504 74.499 74.924 78.594 78.594 77.684 76.596 75.624 75.499 75.564 75.594 75.624 75.709 75.694 76.586 76.536 81.154 83.759 85.354 85.164 83.859 79.116 77.611 78.854 76.069 75.654 75.701 75.986 76.529 75.771 75.689 76.659 83.551 84.256 84.636 83.309 78.421 80.179 84.339 83.169
75.159 75.149 75.142 80.327 82.544 80.757 77.947 80.492 82.372 84.159 82.804 81.044 75.524 74.836 74.404 75.744 78.801 81.814 83.371 83.456 81.706 78.734 75.189 74.416 74.511 74.561 74.559 74.511 74.526 74.519 74.521 74.526 74.509 74.634 77.809 78.501 76.519 76.306 77.224 76.176 75.696 75.821 75.696 75.716 75.726 75.866 75.941 81.019 84.366 85.399 85.166 83.846 79.974 75.949 77.111 79.016 76.489 75.709 75.764 75.786 76.071 77.069 76.249 77.004 79.569 82.546 83.946 84.681 83.941 83.454 82.939 79.254
