LIDAR-DSM-2M-TQ28ne/tq2589_DSM_2M.asc
ncols 500
nrows 500
xllcorner    525000
yllcorner    189000
cellsize     2
NODATA_value -9999
[rows 0 to 31 of 500, columns 426 to 496 of 500]
93.079 92.014 91.284 91.336 91.279 91.254 91.269 91.299 91.279 91.359 91.614 89.231 86.069 86.066 86.109 86.211 86.241 86.349 86.449 86.479 86.604 86.939 86.901 86.736 86.709 86.716 86.756 86.771 86.786 86.779 86.791 87.521 89.966 91.219 91.734 91.976 92.556 92.316 92.006 91.406 90.756 90.749 90.741 91.036 91.816 91.454 95.134 98.064 99.151 99.204 98.144 96.556 91.356 90.824 90.689 91.151 90.619 90.556 90.679 90.701 90.679 90.661 90.639 90.804 92.099 90.689 90.936 90.664 90.391 91.721 92.131
92.116 91.366 91.306 91.291 91.269 91.276 91.309 91.334 91.956 93.546 89.204 86.179 85.956 86.056 86.129 86.204 86.279 86.349 86.394 86.539 86.914 86.756 86.624 86.651 86.651 86.674 86.659 86.674 86.689 86.726 87.256 90.846 91.059 91.024 90.994 91.036 92.384 92.431 91.069 90.814 90.806 90.776 90.826 90.989 90.981 92.086 94.376 97.686 98.846 99.164 96.301 91.124 90.896 90.679 90.676 90.936 90.999 90.534 90.749 90.794 90.816 90.894 90.666 90.686 92.854 91.281 90.886 91.261 91.569 90.976 91.126
91.306 91.344 91.294 91.286 91.289 91.336 91.359 92.681 95.244 95.691 94.824 85.881 85.971 86.076 86.111 86.176 86.269 86.349 86.536 86.861 86.664 86.534 86.541 86.539 86.584 86.611 86.626 86.624 86.654 87.779 90.509 92.644 91.086 91.069 91.026 91.886 92.341 92.271 90.934 90.814 90.801 90.799 90.854 90.931 91.179 91.741 94.039 98.201 99.334 98.794 97.264 93.651 90.939 90.744 90.719 91.071 91.289 90.559 90.844 90.906 90.864 90.991 90.769 90.974 91.481 90.569 90.644 90.979 90.889 90.806 91.331
91.326 91.309 91.324 91.316 91.339 91.379 91.759 93.854 95.909 96.321 95.311 90.726 85.966 86.021 86.119 86.149 86.259 86.434 86.611 86.574 86.454 86.466 86.506 86.496 86.479 86.511 89.009 86.589 88.209 91.239 91.581 91.666 91.121 91.139 91.884 92.701 92.489 91.571 90.924 90.819 90.789 90.741 90.864 90.841 90.896 90.764 94.789 98.099 99.201 99.189 98.129 96.796 91.794 90.909 91.064 90.736 90.694 90.619 90.736 90.696 90.674 90.664 90.699 90.679 90.659 91.336 90.921 90.931 90.901 90.801 90.829
91.314 91.334 91.349 91.389 91.391 91.829 93.476 94.924 95.941 96.234 95.449 93.581 89.849 86.064 86.124 86.184 86.356 86.581 86.429 86.359 86.369 86.389 86.386 86.406 86.421 86.799 90.881 89.526 92.996 93.849 91.501 92.796 91.261 91.646 92.609 92.886 91.846 91.039 90.926 90.799 90.806 90.799 90.876 90.884 90.826 91.114 94.164 97.719 98.826 99.366 97.651 93.339 90.834 90.754 90.709 90.699 90.694 90.609 90.531 90.551 90.566 90.654 90.699 91.226 91.846 90.984 90.989 90.921 90.869 90.796 90.736
91.296 91.334 91.396 91.434 92.069 93.021 94.164 96.081 96.549 96.564 96.591 94.966 94.526 88.691 86.116 86.424 86.529 86.306 86.291 86.301 86.751 86.944 86.341 86.996 86.514 86.429 89.941 93.299 91.831 92.861 92.294 91.116 91.594 93.356 92.759 93.326 91.066 90.999 90.914 90.829 90.814 90.776 90.866 90.861 90.804 91.206 93.906 97.806 99.219 98.901 96.836 93.511 90.761 90.766 90.711 90.794 90.699 91.031 90.621 90.581 90.584 90.684 91.564 91.544 91.244 91.691 90.971 90.936 90.846 90.789 90.746
91.354 91.401 91.454 92.229 93.816 93.359 94.669 96.004 96.356 96.416 96.846 96.319 95.429 94.401 90.609 86.374 86.254 86.189 86.216 86.206 86.936 86.501 87.024 87.506 86.461 88.734 91.564 92.956 93.244 92.029 92.266 91.659 91.569 93.561 94.014 91.931 91.329 90.999 90.946 90.829 90.824 90.781 90.846 90.861 90.799 90.759 95.316 98.111 99.199 99.186 98.076 96.574 91.459 91.209 90.749 90.931 90.739 90.721 90.621 90.604 92.564 94.141 92.844 93.261 90.984 91.281 91.761 91.134 90.839 90.789 90.714
91.369 91.424 92.501 93.769 93.884 93.701 93.821 93.986 94.351 96.426 96.996 96.126 95.579 94.326 95.736 92.836 86.124 86.101 86.146 86.164 86.154 86.154 86.426 86.736 88.631 91.271 91.401 92.224 92.561 92.091 92.044 93.219 94.706 94.246 93.449 93.754 92.276 91.001 90.956 90.849 90.804 90.781 90.874 90.846 90.814 90.879 93.989 97.751 98.824 99.391 98.459 95.389 91.971 90.729 90.739 90.789 90.779 90.739 90.721 90.816 94.864 94.489 95.001 92.641 91.334 90.964 91.016 91.006 90.801 90.746 90.836
91.501 92.299 93.749 94.046 93.546 94.116 93.674 93.566 93.671 94.946 96.759 97.076 96.741 95.349 95.506 94.629 86.486 86.066 86.064 86.086 86.084 86.111 86.226 89.759 91.454 91.374 91.246 92.096 94.346 94.119 93.056 93.566 94.209 93.924 91.904 92.846 91.389 91.046 90.994 90.866 90.841 90.796 90.869 90.834 91.094 91.449 93.559 97.479 98.881 98.954 96.689 91.609 90.716 90.731 90.749 90.821 90.781 90.919 91.819 91.626 97.296 93.969 93.774 91.029 90.964 90.914 91.021 90.936 90.796 92.561 97.424
92.556 93.811 93.776 93.266 93.291 93.679 93.424 93.864 93.689 93.916 94.934 96.816 96.941 96.794 95.121 94.739 94.974 87.576 85.956 86.009 86.014 86.219 89.971 91.961 91.824 91.751 91.229 92.329 91.681 94.146 93.406 92.356 92.984 95.044 93.464 91.896 91.084 91.081 91.026 90.866 90.846 90.821 90.881 91.334 92.081 90.919 94.659 98.124 99.164 99.129 98.046 96.611 91.531 90.761 90.824 91.116 91.651 93.856 95.394 94.394 94.371 96.704 95.779 91.139 90.949 90.934 91.354 90.899 90.746 95.121 99.389
93.784 93.951 93.259 93.139 93.124 93.129 93.206 93.231 93.339 93.659 93.711 94.979 95.951 96.571 96.144 94.584 95.484 93.424 86.181 85.949 86.499 90.866 91.356 91.544 93.381 92.876 91.424 92.289 91.826 91.224 91.194 91.659 93.194 92.034 92.836 91.664 91.114 91.109 91.036 90.879 90.874 90.821 90.884 91.036 91.009 90.844 93.506 97.746 98.821 99.404 98.244 97.151 92.231 90.724 90.871 91.384 96.619 95.401 94.606 93.349 97.019 93.969 93.784 91.364 91.006 91.169 91.009 90.794 93.806 99.246 100.089
93.981 93.056 93.039 93.029 93.076 93.164 93.246 93.231 93.259 93.406 93.646 93.736 94.331 95.661 95.289 94.349 95.661 95.134 91.806 87.224 90.874 91.494 91.446 92.014 91.691 91.846 91.271 91.244 91.194 91.141 91.139 92.234 93.324 94.254 95.051 91.361 91.096 91.089 91.074 90.919 90.854 90.831 90.921 90.944 90.931 90.964 93.446 97.179 98.471 97.751 93.524 90.776 90.789 91.056 91.961 93.951 95.731 97.396 94.484 93.334 94.126 96.536 93.749 90.964 90.911 90.881 90.871 92.551 92.546 97.891 100.351
93.361 92.976 93.024 93.009 93.056 93.199 93.219 93.176 93.206 93.279 93.484 93.616 93.801 94.219 96.036 96.321 96.176 94.511 93.866 93.739 91.946 91.521 91.469 91.446 91.724 91.459 91.246 91.274 91.274 91.159 92.091 93.844 94.734 92.349 92.224 91.081 91.086 91.099 91.096 90.939 90.859 90.829 90.949 91.434 91.374 90.911 92.364 92.901 91.759 90.846 90.774 90.781 90.826 92.669 95.299 93.866 91.771 94.796 95.726 99.291 101.466 100.179 95.849 91.106 90.911 90.854 95.239 99.199 99.006 93.986 97.669
92.949 92.924 92.989 93.001 93.096 93.171 93.164 93.161 93.176 93.226 93.811 93.989 93.719 95.191 95.879 96.229 95.719 95.506 93.744 92.226 91.639 91.579 91.544 91.441 91.439 91.489 91.436 91.289 91.296 91.229 91.124 92.211 94.464 93.689 93.269 91.371 91.149 91.146 91.104 90.961 90.894 90.851 90.956 91.216 90.829 90.764 90.684 90.776 90.956 90.874 90.844 91.066 91.616 94.101 95.691 95.741 95.811 93.234 92.281 101.971 102.899 101.796 98.241 91.854 90.831 92.236 99.266 99.961 100.726 99.929 95.054
93.569 93.596 92.964 92.959 93.024 93.059 93.076 93.099 93.149 93.446 94.094 93.886 94.249 95.766 96.749 95.434 95.279 94.379 92.294 91.701 91.619 91.534 91.489 91.379 91.324 91.489 91.236 91.241 91.291 91.269 91.186 91.989 93.299 95.904 95.114 95.129 91.269 91.206 91.136 91.009 90.916 90.904 91.269 92.179 90.956 90.839 90.774 92.274 92.869 92.561 95.211 94.336 94.634 94.001 92.869 93.994 95.326 102.819 99.484 102.086 103.899 103.476 101.564 95.011 92.974 98.921 99.904 100.719 101.521 101.286 99.944
93.684 93.419 92.904 92.914 92.954 92.954 93.039 93.079 93.201 94.074 94.736 93.956 95.089 96.241 95.869 95.021 95.119 92.496 91.696 91.589 91.389 91.359 91.309 91.236 91.426 91.116 91.181 91.234 91.286 91.311 91.256 91.941 93.596 94.811 96.801 95.419 91.619 91.221 91.151 90.999 90.979 90.959 91.064 94.766 92.691 91.516 93.926 96.866 96.359 101.766 97.741 96.584 94.261 94.881 91.379 93.839 98.529 105.514 102.261 100.504 102.581 101.959 99.169 93.219 97.704 99.786 100.649 101.226 101.099 100.671 99.776
93.409 92.829 92.879 92.919 92.929 92.934 93.916 93.339 93.309 94.286 94.369 94.239 96.074 96.836 96.654 95.749 93.731 91.724 91.591 91.454 93.679 91.254 91.116 91.234 90.944 91.099 91.194 91.219 91.266 91.316 91.321 91.284 94.854 93.429 96.041 92.896 91.279 91.211 91.134 91.036 90.999 91.059 91.144 95.211 94.891 93.531 94.391 94.769 97.914 100.711 96.904 96.959 93.586 92.429 91.299 92.364 96.096 99.714 95.801 95.134 98.369 97.934 92.244 96.324 99.664 100.541 101.341 101.224 99.879 99.411 97.819
92.751 92.804 92.901 92.899 92.891 93.159 94.271 93.984 93.491 94.101 94.291 94.376 94.306 95.861 96.019 92.214 91.804 91.611 91.676 95.064 100.119 95.774 91.186 90.686 90.841 91.031 91.184 91.299 91.259 91.311 91.364 91.454 92.311 91.486 93.199 91.291 91.274 91.151 91.111 91.074 91.029 91.099 91.181 91.199 91.919 94.056 95.786 93.381 97.366 97.974 95.889 94.834 91.989 91.299 91.249 91.254 91.246 91.714 91.531 91.334 91.424 91.969 96.764 100.026 100.819 101.304 101.626 100.826 99.789 98.421 96.009
92.659 92.776 92.839 92.836 92.839 93.924 94.499 93.476 93.219 93.621 94.261 94.234 94.004 93.326 92.869 92.059 91.651 91.084 95.981 101.616 102.974 102.589 97.591 90.489 90.676 90.939 91.396 91.339 91.301 91.286 91.371 91.364 91.566 91.584 91.179 91.184 91.154 91.106 91.139 91.089 91.059 91.169 91.204 91.166 92.191 93.941 93.679 93.611 92.701 92.861 95.254 94.866 91.776 91.259 91.264 91.244 91.471 91.949 91.314 91.319 91.291 96.224 99.979 100.771 101.669 102.069 101.081 100.081 99.229 94.949 94.896
92.626 92.714 92.754 92.746 92.959 94.114 93.499 93.061 93.071 93.501 93.779 93.679 92.916 91.804 91.794 91.709 91.146 93.864 99.281 102.951 103.644 103.261 102.371 94.584 90.541 91.031 91.351 91.481 91.416 92.174 91.386 91.364 91.359 91.329 91.244 91.159 91.156 91.149 91.121 91.081 91.134 91.209 91.379 92.194 93.621 94.779 95.164 94.584 92.596 91.834 93.434 95.301 92.421 91.259 91.256 91.256 91.649 91.716 91.334 91.326 95.369 99.854 100.721 101.521 102.116 101.529 100.644 99.399 97.291 91.839 92.264
92.556 92.634 92.674 92.676 92.729 93.076 92.986 92.961 92.919 93.341 93.319 92.799 91.829 91.789 91.689 91.336 94.184 101.361 102.926 103.614 103.731 103.719 103.361 102.509 98.079 90.989 91.129 91.481 91.389 91.961 91.549 91.419 91.406 91.366 91.326 91.276 91.209 91.196 91.171 91.074 91.219 91.249 91.574 95.709 95.529 93.391 94.574 95.219 95.929 95.371 91.439 91.904 91.856 91.274 91.261 91.259 91.259 91.331 91.804 93.909 99.744 100.606 101.456 101.654 101.524 100.779 99.959 97.531 91.494 91.034 91.649
92.501 92.561 92.606 92.654 92.674 92.786 92.796 92.799 92.726 92.674 92.036 91.749 91.781 91.679 91.691 91.609 100.616 103.149 103.624 103.729 103.699 103.716 103.711 103.439 102.794 98.054 91.074 91.561 91.431 91.494 91.866 91.376 91.396 91.379 91.381 91.311 91.271 91.219 91.154 91.121 91.459 91.726 92.536 93.814 92.726 93.984 94.814 98.456 94.671 93.019 91.604 91.359 91.339 91.296 91.264 91.264 91.269 91.216 91.519 98.411 100.391 101.376 102.014 101.219 100.116 99.861 97.201 92.854 91.349 91.966 91.064
92.444 92.501 92.556 92.611 92.681 92.736 92.721 92.639 92.466 92.131 91.701 91.694 91.584 91.464 97.054 100.846 103.096 103.846 103.824 103.731 103.731 103.534 103.669 103.359 102.356 98.194 91.364 91.511 91.639 91.476 92.589 91.426 91.366 91.356 91.364 91.324 91.236 91.191 91.156 91.714 92.481 92.226 91.694 92.436 92.979 92.209 91.769 91.704 91.469 91.434 91.859 91.476 91.374 91.334 91.299 91.276 91.259 91.221 91.214 92.389 97.441 100.879 101.776 100.964 99.666 98.541 94.124 92.379 91.966 91.159 90.996
92.396 92.474 92.556 92.586 92.644 92.644 92.546 92.406 91.846 91.661 91.676 91.554 91.101 95.974 101.691 103.036 103.831 103.996 104.044 103.849 103.744 103.736 103.106 102.469 98.936 91.544 91.374 91.559 91.801 91.459 91.761 91.471 91.396 91.349 91.351 91.279 91.251 91.306 94.679 92.876 91.964 91.686 91.674 91.661 91.636 91.619 91.561 91.464 91.349 91.284 91.201 91.611 91.619 91.366 91.324 91.266 91.226 91.226 91.209 91.199 91.249 97.236 100.469 100.194 98.374 94.511 94.779 93.066 92.139 91.089 90.986
92.369 92.454 92.491 92.496 92.516 92.456 92.334 91.749 91.671 91.684 91.846 91.049 92.874 101.436 102.976 103.784 104.024 104.071 104.074 104.029 103.889 103.504 102.584 99.106 93.424 91.969 91.839 91.906 92.466 91.526 91.349 91.349 91.356 91.359 91.296 91.251 94.136 94.466 94.966 94.271 92.066 91.694 91.649 91.649 91.636 91.596 91.516 91.351 91.324 94.479 99.326 93.649 91.389 91.721 91.361 91.254 91.211 91.219 91.191 91.199 91.181 91.611 96.764 99.181 92.879 92.099 92.021 91.369 91.231 91.039 91.034
92.331 92.411 92.664 92.719 92.379 92.196 91.666 91.601 91.651 91.951 92.066 92.189 97.911 102.924 103.801 104.019 104.061 104.104 104.031 104.014 103.781 102.911 101.009 93.331 92.276 91.866 92.514 92.876 92.036 91.389 91.336 91.361 91.371 93.749 92.609 94.984 96.439 95.136 96.356 95.609 92.649 91.634 91.601 91.609 91.601 91.526 91.416 91.224 96.301 99.141 99.876 99.639 93.614 91.246 91.576 91.386 91.244 91.184 91.176 91.164 91.166 91.199 91.466 93.174 91.901 92.004 91.879 91.204 91.074 91.046 91.249
92.291 92.799 93.359 93.396 92.696 91.644 91.626 91.666 91.529 91.084 91.409 100.384 102.851 103.744 103.969 104.009 104.051 104.054 104.021 103.831 102.994 101.269 94.651 91.611 91.589 91.624 91.551 91.831 91.411 91.371 91.359 91.371 91.346 94.634 97.841 95.414 97.699 98.324 97.196 96.791 94.056 91.791 91.584 91.539 91.539 91.416 91.246 94.504 99.664 99.959 100.499 100.229 99.721 95.964 91.214 91.816 91.304 91.229 91.199 91.219 91.141 91.216 91.216 91.441 92.049 91.904 91.304 91.106 91.069 91.131 91.146
92.494 93.676 93.431 93.041 91.611 92.501 91.656 91.539 91.364 90.956 96.669 102.489 103.466 103.931 104.026 104.051 104.056 104.019 103.844 103.061 101.561 94.459 91.019 91.716 92.931 91.866 91.524 91.681 91.736 91.396 91.401 91.336 91.306 95.609 96.299 97.399 96.974 97.251 97.916 96.539 92.971 92.821 91.539 91.509 91.436 91.309 93.341 99.101 100.229 100.479 100.579 100.601 100.296 99.794 96.819 91.664 91.946 91.324 91.264 91.206 91.194 91.239 91.239 91.274 91.379 91.419 91.131 91.111 91.324 91.974 91.274
93.309 93.669 93.176 91.666 91.564 91.639 91.566 91.186 91.379 95.406 101.736 103.329 103.709 103.771 104.039 104.089 104.041 103.874 103.121 102.066 97.941 90.974 91.379 91.759 92.571 91.706 91.551 92.144 91.704 91.371 91.354 91.399 92.994 93.136 95.651 94.864 97.486 95.551 96.734 96.586 92.444 92.754 91.486 91.476 91.334 93.121 97.786 100.041 100.691 100.684 100.074 100.154 100.541 100.174 99.546 95.414 93.086 92.344 91.349 91.246 91.239 91.259 91.311 91.291 91.286 91.161 91.146 91.154 91.111 91.406 91.259
93.364 92.744 91.689 91.511 91.596 91.629 91.316 91.431 97.689 102.316 103.259 103.694 103.716 103.749 103.724 103.874 103.864 103.166 102.051 98.219 91.519 91.464 91.894 92.079 91.619 91.621 91.574 91.429 91.389 91.369 91.926 91.579 91.604 91.466 91.831 92.806 96.156 98.549 95.304 95.414 93.436 93.089 91.466 91.431 91.239 95.474 99.656 100.254 100.636 100.191 99.544 99.541 100.056 99.741 96.994 92.306 91.721 92.674 91.739 91.371 91.306 91.704 92.071 91.329 91.224 91.151 91.176 91.126 91.206 91.271 91.211
92.554 91.479 91.469 91.546 91.626 91.644 91.324 91.179 98.211 102.951 103.606 103.814 103.796 103.726 103.746 103.704 103.246 102.006 98.104 91.964 91.649 92.459 92.104 91.554 91.699 92.106 91.579 91.376 91.346 91.956 92.044 91.591 91.509 91.496 91.611 92.276 94.124 96.631 96.191 92.741 94.276 91.474 91.466 91.311 93.789 99.086 100.051 100.601 100.379 99.804 99.289 99.149 99.416 97.874 92.514 91.391 91.661 91.751 91.656 91.851 91.529 91.994 91.574 91.286 91.211 91.221 91.166 91.201 91.259 91.206 91.696
91.549 91.374 91.466 91.554 91.609 91.651 91.566 91.146 96.929 101.584 102.731 103.534 103.746 103.734 103.679 103.056 102.284 98.324 92.184 91.399 92.331 92.311 91.556 91.404 91.419 91.429 91.411 91.399 91.724 93.376 91.846 91.729 91.536 91.516 91.511 91.494 92.679 93.576 96.124 94.324 95.711 94.829 91.461 91.346 94.001 98.931 99.896 100.324 100.574 100.306 99.771 99.286 97.989 95.561 91.516 91.391 91.474 91.589 92.046 91.619 91.831 91.529 91.349 91.239 91.236 91.221 91.176 91.271 91.231 91.201 92.091
