LIDAR-DSM-2M-TQ28ne/tq2585_DSM_2M.asc
ncols 500
nrows 500
xllcorner    525000
yllcorner    185000
cellsize     2
NODATA_value -9999
[rows 0 to 31 of 500, columns 360 to 431 of 500]
99.646 99.751 99.936 97.591 102.924 101.239 99.634 101.459 101.691 95.416 98.164 96.034 98.921 103.486 103.831 100.346 97.194 95.384 95.639 95.691 95.804 99.696 106.416 106.914 106.131 101.839 98.234 99.016 103.801 99.176 96.894 96.799 96.834 96.904 96.889 96.826 96.796 96.829 97.809 99.311 101.159 99.756 98.274 98.386 98.461 98.366 98.186 98.176 98.239 98.326 100.809 105.691 106.501 107.074 111.261 102.706 101.291 100.346 104.644 105.491 102.966 98.216 98.264 98.324 98.326 98.986 100.636 110.259 104.499 103.156 101.299 100.851
96.411 98.121 101.436 100.879 101.874 100.799 100.456 98.384 99.276 99.034 96.589 98.086 95.009 96.676 100.414 99.744 100.214 97.034 95.636 96.634 100.244 103.774 106.509 106.566 105.954 97.606 95.996 101.629 101.474 103.694 97.206 98.174 98.706 96.836 96.806 96.821 97.391 97.441 96.814 99.044 99.554 99.454 99.134 98.429 98.304 98.296 98.156 98.144 98.264 99.131 100.166 105.614 102.664 104.476 105.316 103.889 103.779 102.066 99.844 97.936 98.076 98.111 98.209 98.181 98.261 98.376 102.831 110.996 108.919 102.096 102.786 101.441
96.604 100.784 102.201 100.686 102.934 100.031 99.869 97.914 99.684 97.611 97.891 95.311 94.871 94.874 97.591 102.019 101.889 98.864 96.186 100.704 106.244 105.911 105.381 104.276 102.344 95.914 95.969 96.461 96.069 96.351 99.051 101.006 100.199 96.694 96.741 96.769 96.914 97.414 96.724 96.916 100.039 98.369 98.134 98.299 98.199 98.276 98.196 98.649 102.289 101.611 101.801 101.966 105.809 105.374 105.124 101.476 100.384 97.641 97.821 97.976 98.024 98.014 98.039 98.174 98.271 99.396 102.669 110.461 102.759 105.626 104.966 103.464
95.719 99.646 99.989 101.351 99.526 98.056 99.826 98.124 97.956 102.576 96.606 94.841 94.834 94.844 97.214 100.851 101.799 99.526 97.574 102.336 105.981 103.794 97.729 95.816 95.884 95.894 95.944 96.011 96.089 98.891 97.236 98.121 100.404 96.639 96.619 96.684 96.761 96.669 96.569 96.624 97.096 98.156 98.126 98.216 98.324 98.394 98.109 100.356 104.729 102.379 107.854 104.009 109.254 102.176 102.611 99.754 98.699 97.639 97.791 97.849 97.856 97.921 98.064 98.329 98.966 98.466 98.604 98.701 101.914 105.656 106.904 105.236
96.119 97.759 100.879 103.231 101.549 101.659 98.899 98.521 94.864 95.779 94.841 94.834 94.899 96.676 97.051 95.886 96.979 98.886 100.906 101.106 100.116 97.341 95.839 95.844 95.854 95.871 95.916 95.986 96.154 97.029 97.439 97.939 100.714 97.926 96.574 96.576 96.651 96.664 96.589 96.519 96.591 97.279 98.361 98.059 98.466 101.789 100.391 102.984 100.029 101.961 105.344 105.696 105.781 99.664 100.956 97.729 97.521 97.641 97.681 97.704 97.804 97.936 98.591 98.564 98.801 98.594 98.319 97.736 99.761 101.774 105.486 106.281
95.639 95.609 97.269 101.301 103.169 102.989 98.521 94.901 94.871 94.854 94.841 95.034 95.731 97.424 95.649 95.101 95.036 97.366 101.076 99.601 96.301 95.836 95.844 95.851 95.874 95.874 95.934 96.199 96.641 97.216 97.466 96.644 99.589 99.504 96.556 96.496 96.509 96.629 96.614 96.651 97.026 96.584 97.641 98.666 99.509 100.654 100.701 103.401 102.961 104.776 98.736 98.456 101.494 99.681 97.401 97.396 97.489 97.531 97.544 97.666 97.799 98.051 98.894 98.334 98.406 98.969 99.361 101.184 107.359 104.694 101.841 104.764
96.614 96.899 99.294 102.746 103.734 102.049 96.016 94.884 94.881 94.874 94.874 95.676 95.564 97.069 95.959 94.931 95.076 95.694 96.426 97.659 96.331 95.809 95.836 95.851 95.871 95.994 96.379 96.824 97.064 97.124 97.844 103.416 101.844 96.654 96.539 96.481 96.434 96.506 96.564 96.614 97.961 96.901 97.044 100.711 100.464 100.716 101.596 102.056 103.291 102.614 99.506 104.179 101.501 99.804 97.269 97.339 98.114 98.016 97.536 98.204 99.414 98.684 99.709 99.121 98.396 102.524 104.064 107.676 109.141 109.766 103.291 103.546
97.066 98.714 102.049 103.404 102.941 101.944 100.579 95.964 95.569 95.939 95.541 95.134 97.016 96.326 96.604 95.411 95.101 95.176 95.201 95.569 96.164 95.964 95.814 95.844 96.029 96.544 97.026 97.276 97.469 101.036 104.939 105.984 106.026 98.724 96.296 96.486 96.409 96.369 96.461 96.514 96.866 97.186 99.309 102.794 101.521 99.309 104.716 103.349 101.901 106.201 107.316 98.656 97.351 97.126 97.179 97.381 97.784 97.566 98.674 99.014 99.061 99.004 99.714 100.926 104.269 108.551 108.599 109.256 109.776 109.371 109.494 103.399
96.051 100.079 101.406 100.089 96.976 102.891 103.594 97.521 99.024 99.269 95.704 95.196 95.754 96.966 96.221 95.466 95.111 95.124 95.179 95.209 95.871 97.221 96.591 97.634 96.854 97.106 97.279 97.594 101.669 105.759 105.994 106.024 106.039 104.874 97.291 99.159 98.916 96.766 96.339 96.386 96.446 96.349 96.934 101.066 102.556 99.829 98.319 98.629 103.084 98.416 99.931 96.889 96.971 97.229 98.071 97.369 97.841 100.429 99.421 98.864 98.926 100.374 101.901 106.936 108.529 110.294 109.876 110.099 110.159 110.134 111.196 110.739
96.859 96.104 96.239 95.776 99.071 99.446 100.514 99.519 99.881 98.266 96.264 94.791 94.849 96.201 96.211 96.354 95.791 95.114 95.146 95.196 95.314 95.804 100.659 98.439 98.766 97.661 97.804 103.106 106.039 106.001 105.974 106.026 106.014 106.016 104.886 100.754 98.754 96.289 96.244 96.269 96.319 96.359 96.696 99.656 102.956 99.594 99.841 103.241 100.434 96.621 96.769 96.836 97.279 97.189 97.186 97.499 99.311 99.251 100.271 99.071 99.684 102.431 107.756 109.566 110.429 111.229 110.709 110.306 110.631 111.406 111.626 111.596
97.526 95.556 94.824 95.131 97.996 99.036 98.361 100.074 98.491 97.401 96.074 94.914 94.991 96.344 95.819 95.631 95.786 95.156 95.134 95.189 95.246 95.259 97.266 97.889 98.624 97.761 98.351 104.961 106.034 106.021 106.589 106.041 106.071 106.001 105.971 103.051 96.736 96.544 96.214 96.169 96.189 96.296 96.329 97.109 100.111 97.131 97.031 97.129 97.164 96.649 96.761 97.291 97.311 96.904 97.804 98.926 99.566 99.264 99.901 100.441 101.924 107.441 109.741 110.616 111.539 112.119 111.916 110.734 109.696 111.351 111.641 111.651
96.599 94.839 94.781 94.781 95.566 99.871 100.654 102.419 98.676 100.009 96.316 97.649 96.229 94.791 94.889 94.726 95.606 95.686 95.281 95.199 95.244 95.239 95.686 96.759 97.754 101.909 105.904 106.036 106.006 106.621 107.411 106.839 106.006 106.001 105.986 102.464 96.414 96.626 97.971 96.191 96.079 96.146 96.249 96.286 96.259 96.286 96.354 96.446 96.526 96.559 96.564 96.681 96.781 97.431 98.034 98.589 100.089 98.781 98.826 101.071 100.976 107.249 109.326 110.571 111.926 112.154 112.131 111.629 110.574 110.469 111.516 111.696
96.269 94.771 95.276 95.556 98.169 99.526 102.624 101.271 101.061 98.669 96.264 97.726 96.074 95.609 94.776 94.679 94.879 96.156 95.594 95.194 95.209 94.924 94.731 95.016 98.766 106.004 106.021 106.021 106.036 106.161 107.074 106.394 105.986 106.046 102.691 95.789 95.949 96.684 99.276 99.689 96.044 96.071 96.194 96.251 96.326 96.366 96.376 96.421 96.444 96.444 96.489 96.684 98.394 99.351 98.624 98.406 98.861 100.499 106.206 102.366 101.609 108.604 109.326 109.846 111.021 112.079 112.186 111.989 110.954 109.821 108.761 109.081
95.699 96.446 97.046 97.624 98.719 101.869 100.176 100.381 99.729 96.156 94.796 94.759 95.299 95.516 94.721 94.636 94.656 95.174 96.149 95.606 95.141 95.571 95.161 96.034 96.459 104.181 105.986 106.031 106.041 106.054 106.071 105.226 102.449 99.216 97.084 96.479 96.181 97.371 99.419 100.159 97.451 96.004 96.121 96.249 96.316 96.349 96.341 96.329 96.341 96.401 96.546 96.814 99.206 100.844 99.099 99.296 102.506 105.984 107.721 108.156 107.671 101.341 104.421 108.014 109.984 111.276 111.731 111.239 110.394 108.569 105.821 103.311
97.304 97.636 97.171 97.026 98.166 102.739 103.704 103.694 102.784 95.536 94.761 95.719 95.574 96.564 95.199 94.604 95.114 96.269 96.684 95.986 98.821 100.449 101.416 99.869 97.631 96.924 104.754 106.101 106.044 106.026 106.044 105.976 98.881 95.676 96.044 95.891 95.824 97.309 98.521 96.269 95.926 95.974 96.134 96.219 96.201 96.364 96.366 96.194 96.326 96.431 97.106 96.789 97.456 98.879 98.464 102.184 107.146 108.671 109.141 108.604 107.379 101.159 100.116 103.409 109.136 110.146 110.591 110.501 108.796 106.424 103.399 101.341
97.589 97.599 97.561 96.596 95.919 99.669 102.886 103.439 101.744 94.874 94.741 95.104 95.626 96.724 96.919 95.199 95.151 96.381 97.971 99.649 101.041 101.564 102.144 102.159 98.656 96.961 98.234 105.651 105.991 106.016 105.971 102.821 96.116 95.631 96.071 96.049 96.669 97.114 95.906 95.834 95.854 96.021 96.126 96.134 96.286 97.019 96.541 96.311 96.431 96.586 97.234 98.596 98.311 101.054 103.701 107.131 108.836 109.496 110.416 109.399 107.926 105.574 100.661 102.596 108.106 109.509 109.356 106.961 107.346 105.034 100.744 100.706
97.604 97.669 96.734 95.199 94.946 95.011 96.964 99.364 97.706 96.339 95.096 94.709 94.779 96.266 96.559 95.841 94.709 97.321 100.646 101.186 101.746 102.486 103.221 101.961 100.631 98.051 96.084 100.654 106.034 105.849 100.384 95.654 96.369 96.599 98.339 97.701 96.784 95.751 95.771 95.824 95.949 96.036 96.074 96.061 96.084 96.334 96.259 96.559 96.681 96.789 99.696 101.534 98.001 98.216 104.239 107.411 108.846 110.311 110.974 110.556 109.251 107.854 103.101 101.051 107.291 107.261 105.931 104.314 102.554 101.119 100.651 101.186
97.419 96.351 95.009 94.941 94.936 95.231 95.186 95.664 96.294 95.931 95.479 94.694 94.734 95.616 94.651 95.926 98.314 100.784 101.309 101.824 102.644 103.039 102.634 102.076 99.869 96.401 97.094 96.359 101.804 98.141 95.486 95.204 97.536 98.181 98.086 96.054 95.696 96.254 95.804 95.871 95.974 95.991 96.496 96.174 96.101 96.251 96.599 97.031 96.951 96.981 97.421 98.091 97.869 99.059 101.409 106.429 107.639 109.224 110.644 111.004 110.219 108.706 107.561 103.146 102.104 101.606 101.921 101.356 100.679 101.031 101.426 101.706
93.894 93.486 94.989 94.994 95.321 95.449 94.319 94.679 95.196 96.376 95.436 95.096 97.199 98.161 96.716 99.891 100.044 101.084 102.031 102.926 102.944 102.481 101.954 101.386 99.919 94.789 95.261 94.966 94.889 95.414 95.601 96.686 98.066 98.186 96.054 96.994 96.451 96.289 95.819 95.876 95.889 96.266 96.336 96.034 96.201 96.641 97.006 97.036 97.094 97.724 102.309 104.651 99.491 99.291 100.301 101.081 106.309 108.101 109.561 110.721 110.019 109.026 107.634 107.349 107.014 103.564 102.266 101.329 101.569 101.499 101.691 101.774
91.546 91.361 93.921 95.384 96.091 95.934 94.231 94.036 94.309 96.361 96.566 96.774 98.226 98.504 98.804 100.961 101.554 100.201 102.531 102.799 102.294 101.769 101.246 100.726 98.604 94.834 94.836 94.854 94.966 95.179 95.581 96.041 100.309 101.291 96.424 95.569 95.809 95.824 95.854 95.816 95.809 95.866 95.984 96.196 96.664 96.861 97.011 97.079 97.366 102.196 106.244 107.069 107.426 98.786 100.499 100.361 102.906 107.704 108.509 109.359 108.731 107.661 106.594 106.629 108.476 106.264 105.346 102.206 101.656 101.646 101.741 101.821
91.346 93.149 95.151 95.606 95.884 94.846 94.061 94.141 94.919 95.699 96.839 96.929 97.266 98.739 100.539 101.679 102.224 102.701 99.654 101.766 101.611 101.096 100.569 95.921 95.656 95.099 95.004 95.171 95.094 95.206 95.469 95.619 96.451 95.541 95.959 95.664 95.761 95.771 95.749 95.694 95.746 95.886 96.319 96.651 96.699 96.909 97.374 98.421 98.676 104.354 106.909 107.654 107.124 103.761 98.236 100.829 104.091 106.874 108.026 108.264 107.344 106.544 104.966 102.201 102.904 106.469 106.411 105.859 102.016 101.676 101.764 101.854
94.379 95.099 95.691 94.424 94.126 94.046 93.971 94.451 96.224 97.444 97.281 96.074 95.359 100.634 101.841 102.174 102.489 102.479 101.644 98.546 100.956 100.234 97.469 96.019 96.406 95.314 95.051 95.491 95.286 95.321 95.351 95.356 95.419 95.509 95.626 95.711 95.836 96.254 95.831 95.719 95.799 96.341 96.541 96.496 96.694 97.164 100.886 105.526 105.169 107.144 108.239 108.931 108.181 106.816 101.846 99.771 104.249 107.241 109.299 108.946 107.359 105.314 100.491 100.096 100.289 104.184 105.004 107.611 103.126 101.774 101.801 101.879
97.809 94.674 94.191 94.031 93.999 95.016 94.094 94.446 95.771 95.674 96.901 95.449 95.549 98.811 102.169 101.771 101.399 101.694 101.286 99.641 98.254 97.104 95.071 95.331 95.236 95.404 95.466 95.399 95.586 95.331 95.301 95.349 95.499 95.604 95.669 95.646 96.039 96.144 95.746 95.894 96.016 96.124 96.306 96.489 96.709 100.209 105.916 107.091 107.196 108.476 109.521 110.174 109.374 107.891 106.486 100.679 102.351 108.889 111.041 109.684 103.956 100.569 99.856 99.911 100.084 100.786 102.891 103.736 104.456 102.639 101.991 101.924
94.306 94.106 94.901 94.194 94.186 94.571 95.454 94.754 95.721 94.614 96.059 94.974 95.154 95.751 98.826 101.086 100.596 98.559 100.591 98.084 96.436 97.029 97.006 95.054 95.714 96.789 96.591 95.439 95.334 95.311 95.411 95.511 95.559 95.596 95.564 95.566 95.554 95.846 97.226 99.241 97.654 96.256 96.381 96.499 96.621 98.549 107.081 107.439 108.081 109.451 110.291 110.224 109.509 108.269 107.709 105.731 102.286 112.141 115.944 113.081 111.809 110.229 102.824 100.366 101.309 102.474 102.279 102.739 104.246 103.449 102.959 102.004
97.351 94.719 96.324 94.851 94.909 96.309 99.106 96.069 94.541 94.041 94.174 95.476 97.356 95.551 95.794 98.014 98.371 96.321 96.264 94.869 97.309 98.659 100.214 94.966 95.939 96.839 96.274 95.301 95.309 95.346 95.486 95.546 95.569 95.546 95.466 95.531 95.621 99.181 101.654 104.631 102.774 96.799 96.431 96.529 96.606 96.666 102.229 106.376 107.669 108.549 109.781 109.181 108.286 107.241 107.496 107.104 107.984 113.286 116.991 120.026 115.349 112.126 102.599 100.564 100.614 100.634 100.656 100.726 102.066 107.074 105.236 103.229
100.019 97.876 96.936 96.884 96.011 96.099 97.491 94.496 94.196 94.824 98.896 99.694 98.246 97.726 95.981 95.961 96.769 97.196 94.766 94.784 96.276 96.799 100.096 95.359 95.216 95.651 95.591 95.931 95.411 95.439 95.474 95.616 96.009 95.469 95.549 95.856 96.226 99.511 101.971 101.121 103.036 99.774 96.471 96.576 96.619 97.434 101.204 102.681 106.161 107.689 108.484 107.899 107.024 105.239 106.461 107.606 108.941 112.879 117.869 120.124 117.521 112.669 102.116 100.641 100.646 100.689 100.691 100.931 106.664 111.099 105.819 103.856
100.979 99.384 96.916 96.869 96.706 96.196 95.099 94.096 94.614 99.176 100.594 100.854 99.424 96.891 96.711 95.154 95.174 96.144 94.764 94.791 94.854 98.131 96.266 96.186 95.206 95.154 95.794 95.716 95.444 95.469 95.554 96.299 96.249 96.224 97.071 96.134 97.654 103.854 101.976 106.434 103.121 98.764 96.514 96.604 97.241 99.381 101.149 102.586 104.901 106.971 107.229 106.594 104.684 99.266 104.884 106.429 105.169 104.384 112.909 117.654 117.719 115.499 103.201 100.664 100.694 100.696 100.694 101.069 102.384 103.534 105.049 103.881
100.169 96.401 96.666 97.664 96.571 96.629 94.391 94.964 98.971 100.664 100.909 101.129 101.166 98.714 96.906 95.349 96.124 95.471 94.791 94.916 94.891 94.996 95.221 95.186 95.071 95.184 95.336 95.421 95.441 96.184 95.339 95.419 96.694 98.529 96.019 95.644 96.791 100.061 97.631 102.376 98.169 98.589 96.726 97.811 100.339 101.556 102.624 102.924 104.636 106.851 105.754 104.246 104.086 98.736 100.676 103.111 100.111 102.154 110.399 117.484 120.656 114.971 103.596 100.684 100.694 100.726 100.714 100.744 100.814 101.281 102.554 106.266
97.366 96.986 97.521 98.436 99.594 96.146 95.719 100.451 100.706 100.939 101.126 101.131 100.891 100.706 97.549 95.054 95.219 96.084 95.246 96.829 97.349 95.191 95.056 95.039 95.176 95.279 95.401 95.396 101.526 101.509 99.639 98.226 97.889 98.121 95.809 96.036 95.804 96.806 102.544 100.809 95.731 97.204 98.624 100.376 101.989 102.941 102.901 102.534 102.191 102.566 102.326 102.769 99.469 98.229 98.351 98.689 99.126 102.009 109.274 115.034 117.149 114.591 106.251 100.756 100.739 100.759 100.739 100.771 101.011 101.454 104.049 107.346
95.766 98.416 101.146 102.166 101.749 96.901 99.356 100.809 100.991 101.161 101.054 100.849 100.609 98.349 95.721 94.434 94.991 95.606 96.016 98.794 97.094 96.669 95.046 95.164 95.251 95.294 95.319 99.566 99.201 102.316 101.741 100.336 97.866 95.886 95.981 96.356 99.339 104.869 106.101 103.266 97.266 96.226 97.941 99.839 101.749 102.734 102.469 102.131 99.921 96.849 97.824 98.124 98.206 98.944 99.006 99.009 99.101 99.484 103.919 109.086 110.844 106.641 104.844 101.906 100.866 100.814 100.874 101.066 101.391 101.701 103.621 107.736
99.249 101.596 101.106 103.081 100.481 95.781 97.109 101.069 101.141 100.981 100.776 100.461 98.191 94.314 94.306 94.556 94.694 94.846 96.404 98.151 95.309 95.046 95.164 95.191 95.259 95.229 96.876 104.679 101.109 100.676 103.089 103.399 96.504 95.956 96.476 102.631 105.959 107.639 107.491 106.924 102.569 97.034 96.456 97.926 100.581 102.521 102.694 100.721 96.911 96.656 97.276 98.324 99.024 98.996 99.186 99.241 99.449 99.541 100.106 103.049 101.976 102.294 103.286 102.814 101.811 101.391 101.384 101.486 101.529 103.401 107.101 106.231
98.971 100.116 101.196 99.059 95.129 94.721 95.884 99.259 100.964 100.716 100.631 97.219 94.589 94.589 95.656 95.896 96.044 94.956 96.851 95.759 95.009 95.131 95.211 95.226 95.976 101.556 98.026 98.411 100.451 100.246 98.194 98.621 98.699 97.279 102.801 106.934 107.149 108.769 109.039 107.676 107.259 100.689 96.039 99.466 102.064 103.214 103.874 101.326 96.551 97.134 98.021 98.611 98.994 99.124 99.259 99.481 99.539 99.571 99.596 99.596 99.639 100.624 100.746 103.606 108.926 106.231 105.386 103.806 101.714 106.609 107.294 108.771
