LIDAR-DSM-2M-TQ28ne/tq2587_DSM_2M.asc
ncols 500
nrows 500
xllcorner    525000
yllcorner    187000
cellsize     2
NODATA_value -9999
[rows 160 to 191 of 500, columns 288 to 359 of 500]
73.109 77.387 80.079 81.052 80.894 81.439 80.047 75.804 73.774 73.352 74.229 77.309 79.599 80.931 81.821 81.159 79.629 74.786 73.786 73.586 76.039 78.829 80.316 80.659 77.729 73.926 73.239 73.224 73.189 73.181 73.179 73.159 73.076 74.589 74.226 75.234 73.636 74.124 81.191 81.439 80.006 81.056 82.601 79.839 75.574 74.911 74.186 73.566 73.876 74.669 74.604 75.241 73.846 73.696 73.566 73.561 73.501 73.549 73.569 73.736 74.046 75.601 77.891 73.991 73.989 74.131 74.824 80.409 82.619 77.839 74.451 74.406
73.007 74.947 79.922 79.909 79.479 79.974 80.122 79.124 78.729 77.704 78.392 80.174 81.454 81.571 80.939 81.424 79.484 76.049 75.211 75.601 77.471 77.821 78.311 76.161 74.061 73.314 73.251 73.249 73.199 73.199 73.194 73.571 73.799 73.769 74.889 73.756 73.326 73.696 75.889 77.546 78.484 79.411 78.434 75.856 75.969 75.751 74.426 73.691 74.629 73.846 75.636 75.459 75.971 74.206 74.274 73.504 73.596 73.541 74.061 74.104 73.851 73.874 73.991 74.184 74.196 75.249 77.399 79.139 79.429 74.859 74.609 74.721
73.042 72.994 75.449 74.649 75.509 74.852 78.114 80.372 80.869 80.117 80.774 82.232 81.436 79.596 78.771 79.416 75.279 73.756 73.649 74.511 74.291 76.889 76.819 76.434 73.956 73.369 73.296 73.284 73.214 73.319 74.361 75.989 75.639 73.974 73.669 73.304 73.341 73.339 73.366 73.429 75.219 76.339 75.051 75.791 75.931 75.751 74.086 74.291 73.656 73.416 73.531 75.364 78.379 76.151 74.121 73.814 73.626 73.654 73.816 74.706 73.921 73.944 74.254 74.176 75.284 77.211 78.161 80.664 79.729 79.614 79.089 78.146
73.054 73.177 73.184 73.382 73.444 73.149 74.894 79.654 81.489 81.684 81.552 80.529 78.346 74.469 73.694 73.941 73.071 73.151 73.156 73.456 73.611 75.071 77.326 77.061 74.581 73.474 73.324 73.351 75.126 74.781 75.701 75.596 74.594 73.901 73.341 73.324 73.329 73.351 73.506 73.516 74.404 75.929 75.581 75.176 75.586 74.634 79.571 80.136 73.799 73.389 73.399 73.909 78.729 81.246 74.739 73.671 73.954 73.649 73.709 73.654 73.701 73.856 74.096 74.229 74.156 76.439 76.999 78.729 79.616 82.656 82.284 83.516
73.062 73.422 74.584 73.417 73.342 73.242 73.119 76.389 80.219 81.109 79.882 78.767 75.571 75.416 75.426 75.079 73.226 73.321 73.416 73.504 73.479 73.509 75.761 77.041 74.881 75.224 77.114 76.476 78.929 76.256 75.819 73.876 73.771 74.746 73.899 75.066 73.691 73.376 73.956 74.539 76.399 76.299 78.666 75.261 74.861 77.449 83.199 82.284 79.301 74.719 73.391 73.379 73.691 76.326 75.831 73.984 74.751 73.669 73.699 73.664 73.709 73.804 73.929 74.231 74.159 75.176 80.794 78.034 77.199 78.199 79.236 82.251
74.179 74.962 73.599 73.384 73.329 73.317 73.177 73.094 77.964 79.014 74.689 76.614 75.331 74.889 76.951 77.514 73.784 73.534 73.499 73.459 73.441 73.431 73.464 75.311 75.324 78.944 76.824 75.506 80.006 79.414 74.699 76.181 73.609 73.476 75.584 78.234 76.461 74.734 74.979 74.544 73.639 73.629 76.139 75.729 73.744 76.849 81.301 82.834 82.316 80.251 74.514 73.401 73.386 73.544 74.354 74.949 73.924 73.629 73.711 73.779 73.759 73.791 73.889 74.054 74.329 74.646 75.341 75.729 75.209 77.866 78.744 78.906
75.009 74.724 73.879 73.339 73.347 73.369 73.299 73.189 73.707 74.109 73.169 73.912 73.856 74.876 76.136 76.291 76.246 73.614 73.534 73.499 73.664 74.374 73.436 73.971 77.089 77.296 77.334 76.639 77.749 78.584 73.474 74.114 73.609 73.384 74.521 77.616 77.386 75.994 73.529 73.366 73.329 73.341 73.569 73.911 74.529 75.721 80.296 81.996 83.176 81.986 79.736 75.006 73.411 74.161 73.574 74.149 74.801 73.906 73.684 73.736 73.851 73.896 73.871 74.009 74.166 74.366 74.354 74.729 75.006 75.924 76.286 77.574
74.649 74.819 74.632 73.359 73.352 73.359 73.354 73.309 73.227 73.177 73.657 75.022 75.876 75.086 74.259 73.966 76.016 74.931 73.584 73.536 73.491 73.531 73.461 74.401 76.529 79.011 77.844 80.514 77.166 77.231 75.456 73.384 73.271 73.264 73.394 74.239 75.269 76.069 74.559 73.361 73.319 73.399 73.809 73.481 74.819 79.896 81.879 83.079 83.361 83.216 81.966 77.021 74.756 74.129 73.459 75.119 74.921 74.686 73.666 73.744 73.861 73.964 73.934 73.931 74.091 74.314 74.444 74.261 74.574 74.431 75.466 82.791
73.362 74.767 74.919 73.749 73.394 73.369 73.389 73.419 73.539 73.937 75.382 75.897 75.136 74.021 74.001 74.006 74.774 77.009 75.204 73.646 73.519 73.521 73.704 73.866 75.271 78.634 79.486 78.531 76.386 74.211 74.246 73.254 73.269 73.266 73.289 73.406 74.431 75.269 75.856 73.981 74.494 79.459 77.104 74.834 79.726 81.806 83.534 83.384 82.984 81.969 79.911 73.584 75.341 75.181 73.579 74.561 74.934 75.209 73.674 73.749 73.834 73.936 74.029 74.011 74.044 74.169 74.384 74.441 74.374 75.376 78.809 79.731
73.207 73.507 75.367 74.349 73.397 73.407 73.404 73.617 74.119 75.142 76.032 74.429 74.011 74.004 73.986 73.989 73.979 75.529 76.419 73.579 73.629 73.644 73.929 73.999 76.404 77.961 78.266 76.839 76.111 74.601 73.754 73.906 73.271 73.286 73.301 73.406 73.544 75.039 75.279 73.926 79.361 83.001 81.511 80.291 81.764 83.156 83.684 83.111 81.881 79.534 74.764 73.831 73.461 74.409 74.281 74.921 74.974 73.759 73.671 73.674 73.779 73.861 74.029 74.064 74.046 74.411 74.366 74.501 74.506 74.391 75.336 74.549
73.262 73.649 74.232 74.759 73.567 73.507 73.684 74.232 75.604 75.134 74.032 74.012 74.009 73.986 74.009 74.009 73.994 74.194 76.071 74.739 73.896 74.351 73.611 76.561 77.201 76.501 74.581 77.046 75.819 75.334 75.116 73.654 73.321 73.314 73.346 73.399 73.509 75.036 74.276 75.011 79.006 81.841 82.979 82.039 82.961 82.446 83.166 81.841 77.746 75.096 73.591 73.811 73.376 75.529 76.224 75.116 73.679 73.674 73.609 74.241 74.036 73.881 74.014 74.134 74.151 74.806 75.389 74.409 74.634 76.694 75.424 74.546
73.309 73.539 75.069 75.884 75.612 75.099 74.032 75.777 74.979 73.977 74.007 73.987 73.974 73.976 73.989 74.001 73.994 73.994 75.049 76.411 75.924 76.249 76.094 77.029 75.864 74.239 73.324 73.899 74.059 73.961 74.194 74.569 73.534 73.464 73.389 73.734 75.814 77.156 75.351 74.909 74.379 79.051 82.219 83.186 81.979 80.546 82.071 79.864 75.011 74.439 74.841 76.111 75.924 75.484 75.544 73.904 73.676 73.666 74.421 74.919 74.911 74.476 74.009 74.101 74.211 74.244 74.881 74.379 75.644 77.366 76.729 77.634
73.774 74.277 76.464 75.974 76.317 75.272 75.849 74.019 74.002 74.009 73.982 73.972 73.981 74.004 73.986 74.011 73.976 74.006 73.981 74.799 76.911 77.184 77.086 75.286 74.119 75.229 73.396 73.306 73.281 73.351 73.916 74.591 75.081 73.904 73.639 73.746 75.659 77.549 78.019 79.896 77.051 74.779 81.231 81.684 79.111 75.961 75.631 73.429 74.026 75.631 81.739 80.909 80.374 77.251 74.391 73.941 73.686 74.696 75.231 74.334 74.321 75.246 74.124 74.571 74.229 74.284 74.346 74.344 74.994 75.486 77.821 77.086
74.182 75.879 75.939 74.224 74.872 75.197 74.094 74.004 73.997 73.992 73.999 73.982 73.984 73.984 73.996 74.011 73.986 73.989 74.004 74.024 75.966 76.956 76.631 74.981 75.211 74.106 73.754 73.334 73.309 73.374 73.446 73.586 74.324 75.126 73.694 73.676 73.671 76.226 80.646 81.594 81.829 80.429 80.854 79.554 75.089 73.396 73.379 73.354 73.324 74.259 80.546 80.756 79.424 76.714 73.979 73.719 74.361 75.274 74.524 73.849 74.349 74.674 75.056 75.196 74.636 74.334 74.436 74.454 74.429 74.569 75.516 75.451
74.934 75.207 74.057 74.019 74.009 74.007 73.974 73.994 73.994 74.014 73.994 73.992 73.999 73.986 73.976 73.994 73.986 73.974 73.986 73.989 75.026 75.989 74.361 74.276 75.191 75.416 74.481 73.599 73.351 73.396 73.454 73.469 73.471 74.656 74.771 73.789 75.424 79.531 81.361 83.126 83.036 81.359 79.439 77.519 75.184 73.899 73.364 73.394 73.881 74.394 79.899 78.344 76.696 74.206 73.776 74.884 74.856 73.874 73.771 73.754 73.769 76.049 76.421 74.839 74.399 74.591 74.389 74.511 74.529 74.564 75.734 74.891
74.479 74.067 74.019 74.004 73.977 73.992 73.987 73.989 73.982 74.002 73.994 73.982 73.999 73.999 74.009 73.991 74.004 74.006 74.199 75.534 76.196 74.821 75.054 74.061 73.604 74.734 74.894 73.746 73.474 73.431 73.466 73.474 73.574 73.604 74.211 75.984 78.996 81.481 83.064 83.319 81.811 79.669 74.764 76.191 75.239 75.211 73.796 73.414 75.671 78.004 75.141 74.379 76.616 78.269 79.476 77.949 74.281 73.921 73.756 73.806 74.011 74.626 76.054 76.404 74.851 75.101 74.646 74.569 74.646 74.646 75.191 75.309
74.004 73.989 73.999 73.979 73.992 73.999 74.004 74.034 73.992 74.017 73.994 74.014 74.011 73.999 73.996 73.976 74.111 74.329 75.691 78.136 74.141 73.619 73.679 73.531 73.476 73.629 74.896 75.136 73.761 73.524 74.016 75.636 73.676 73.509 75.301 79.489 82.056 83.036 83.296 82.334 79.501 73.989 73.506 73.764 74.724 74.939 75.216 76.429 77.729 75.396 77.114 74.331 75.886 78.979 79.891 79.821 77.354 74.126 73.786 74.036 76.791 76.001 74.314 75.119 75.759 75.009 74.914 75.136 74.746 74.729 74.739 74.891
74.007 74.004 73.999 74.019 74.017 74.002 74.014 74.017 73.994 74.017 73.974 74.024 73.999 73.999 73.996 74.019 74.004 76.874 78.154 77.131 74.219 73.586 73.561 73.516 73.504 73.471 73.444 75.446 75.539 73.936 75.766 77.431 76.639 76.186 79.406 81.534 83.221 83.246 81.854 79.264 73.606 73.451 73.499 73.454 73.684 74.779 74.584 75.951 78.766 79.729 75.924 73.781 75.216 78.169 76.919 79.434 76.996 76.661 74.466 78.936 81.726 78.736 74.984 74.151 74.936 76.359 74.841 76.279 77.309 75.881 74.851 74.899
74.022 73.992 74.007 74.027 74.024 74.004 74.002 73.987 73.992 74.007 74.002 74.009 73.994 73.989 74.034 74.611 77.144 77.271 75.541 74.949 76.109 74.214 73.561 73.534 73.501 73.481 73.419 73.651 75.754 74.459 73.974 76.604 78.834 79.934 81.406 83.106 83.271 81.716 78.169 74.476 73.451 73.396 73.469 73.531 73.441 73.889 74.601 75.059 77.344 76.601 75.481 74.114 75.451 76.574 76.061 76.649 76.674 74.951 77.524 82.364 83.301 82.304 79.514 73.926 74.959 75.111 76.346 78.564 79.436 77.649 74.826 74.931
74.142 74.019 73.984 74.004 73.999 73.979 74.009 73.979 73.999 73.987 73.987 73.982 73.979 74.041 74.554 77.676 76.191 75.149 73.824 73.859 74.939 76.116 74.501 73.571 73.536 73.494 73.491 73.506 74.104 74.856 73.574 75.436 80.354 81.691 83.241 83.311 81.664 79.276 75.276 74.209 73.421 73.384 73.444 73.786 73.489 74.229 74.776 74.629 74.094 73.831 75.081 74.836 73.814 73.679 73.694 75.401 76.036 78.034 81.479 82.981 83.809 83.501 82.291 77.346 73.904 74.526 75.994 77.069 80.181 74.814 74.849 74.931
74.287 74.049 74.009 73.982 73.994 73.997 74.002 73.987 74.004 73.992 73.999 74.004 74.021 74.091 74.536 75.419 75.084 73.906 73.771 73.756 73.781 74.471 76.164 74.964 73.536 73.496 73.554 73.539 74.679 79.459 75.731 75.256 79.631 82.626 83.174 81.976 79.714 74.531 73.709 75.011 74.006 75.406 76.196 75.224 74.471 74.431 74.251 74.206 73.844 74.396 76.376 74.471 73.836 73.759 73.639 74.384 78.756 81.726 83.089 83.741 83.599 83.024 83.141 81.941 77.621 74.056 75.124 75.646 76.191 74.881 79.274 77.379
75.717 74.122 74.047 74.032 73.992 74.022 73.999 73.984 74.007 73.979 73.997 74.152 74.186 74.861 76.661 74.489 74.354 73.854 73.809 73.771 73.774 73.761 74.204 75.931 74.574 73.591 73.524 74.161 80.971 82.516 80.334 75.656 76.354 81.671 81.609 79.119 73.866 73.369 73.346 73.936 75.189 75.301 77.344 76.481 74.369 74.779 75.694 73.889 74.686 74.861 76.891 79.461 76.209 74.281 73.784 78.186 82.776 83.411 84.036 83.891 82.551 81.216 82.844 83.106 78.714 74.136 74.536 75.529 75.671 77.939 78.016 78.584
76.484 74.432 74.347 74.019 73.984 74.004 74.009 73.987 74.012 74.049 74.314 74.494 74.841 74.811 75.394 77.896 74.666 74.436 73.871 73.766 73.766 73.736 73.704 74.074 75.751 75.041 73.501 76.431 80.586 82.541 82.441 80.249 79.774 80.926 79.044 75.116 73.326 73.354 73.394 73.371 74.056 75.821 77.106 77.729 78.156 77.061 78.726 74.469 75.976 74.886 76.676 75.069 75.124 73.671 73.756 77.124 81.259 83.016 83.654 82.569 80.616 75.801 80.356 79.219 74.411 74.119 74.354 74.754 75.341 75.669 76.791 75.106
75.382 77.649 75.814 74.132 74.009 74.014 74.019 74.004 74.034 74.187 74.667 74.797 75.676 74.399 74.281 75.091 76.621 75.201 73.989 73.736 73.744 73.704 73.689 73.711 74.296 76.136 74.464 74.056 77.791 81.171 82.899 82.571 81.019 78.269 74.991 74.816 73.446 73.344 73.389 73.551 75.311 75.919 76.406 76.454 76.769 77.844 77.676 78.006 74.256 74.436 79.711 80.764 76.969 75.651 75.114 78.891 81.874 83.409 82.574 80.681 75.354 74.216 74.596 74.066 73.976 74.179 75.086 75.241 74.891 75.751 75.816 75.184
78.327 78.334 78.869 75.682 74.059 73.994 74.044 74.049 74.057 74.304 75.674 76.887 76.411 74.546 74.724 74.284 74.861 76.276 74.539 75.776 74.046 73.701 73.681 73.631 73.751 73.741 75.534 76.766 80.836 82.284 82.889 81.729 77.706 74.864 74.661 75.071 74.491 73.459 73.434 74.571 75.266 75.684 76.624 74.426 80.641 78.179 80.629 74.721 75.946 78.106 81.369 78.701 77.959 76.296 79.659 81.964 83.309 82.556 80.324 75.671 73.954 74.514 75.591 75.786 76.646 75.076 76.371 79.071 77.999 75.066 75.889 75.529
78.324 78.029 78.039 78.259 74.529 74.097 74.612 74.074 74.199 75.769 78.309 77.182 76.376 74.574 74.226 74.554 74.491 75.179 76.374 77.356 76.621 74.494 73.649 75.184 77.514 75.114 77.366 80.646 82.354 82.991 81.491 77.266 73.364 73.336 74.309 74.871 75.236 74.316 74.584 75.391 74.339 75.809 77.546 74.064 78.781 76.941 75.789 76.001 78.059 78.516 77.574 77.539 77.044 79.941 81.181 81.331 82.956 82.916 81.936 77.436 73.916 74.131 75.254 76.774 76.889 77.476 80.576 83.836 82.236 77.781 74.896 75.706
78.382 76.827 76.534 77.774 77.312 75.397 77.019 75.099 75.429 75.392 77.674 77.659 75.156 74.254 74.294 74.269 74.301 74.324 75.826 76.626 77.066 75.646 75.304 82.839 81.901 79.901 80.974 82.424 83.716 83.381 82.499 80.486 74.066 73.361 73.444 74.349 75.279 75.286 76.296 74.754 74.676 78.676 75.456 78.714 78.596 76.324 74.394 74.679 75.301 77.851 74.279 74.416 79.496 81.361 79.761 76.501 81.144 82.984 83.154 80.841 74.589 74.149 74.339 76.579 77.604 79.526 82.176 83.834 83.986 82.779 78.029 75.174
74.289 74.374 73.969 76.097 78.499 77.787 75.452 75.449 75.834 75.789 76.279 75.444 74.259 74.279 74.301 74.314 74.294 74.281 74.324 75.776 75.866 73.759 77.381 81.751 82.894 82.091 82.494 83.251 83.496 82.464 81.331 75.476 73.459 73.419 73.414 73.466 74.281 75.164 74.661 74.524 74.249 78.664 81.359 79.109 75.481 74.286 75.049 74.669 76.344 74.779 75.986 79.349 82.149 82.449 79.109 74.704 77.016 81.296 81.831 75.229 74.561 74.204 74.776 76.666 78.546 81.769 83.059 82.804 83.999 83.934 82.579 77.314
73.882 73.897 73.882 76.299 79.219 77.812 77.439 75.514 75.257 77.434 76.589 77.219 74.284 74.286 74.294 74.399 74.361 74.331 74.289 74.321 75.826 75.549 75.809 78.674 81.436 82.914 83.261 83.349 82.551 80.749 76.864 73.664 73.369 73.426 73.604 73.989 75.031 75.006 74.844 74.199 75.246 79.629 79.081 75.909 75.471 74.119 74.389 75.126 74.124 75.126 80.019 82.106 83.391 83.354 82.366 79.354 74.506 76.124 75.866 74.321 74.254 74.556 76.239 76.241 74.944 80.046 81.779 81.369 82.634 83.891 83.799 81.936
73.877 73.942 76.047 76.844 79.002 78.719 78.652 77.204 74.937 75.654 76.634 75.872 75.691 74.334 74.296 74.319 74.329 74.311 74.314 74.296 74.401 75.666 75.526 74.834 79.426 82.021 83.151 82.549 80.559 77.366 74.684 74.386 73.841 73.584 74.631 74.361 75.011 74.871 74.016 74.144 74.809 74.646 76.876 76.704 75.144 74.006 75.299 74.924 75.816 80.276 82.209 83.376 82.671 82.059 83.234 82.199 79.141 74.651 76.286 75.564 74.599 75.944 75.916 74.579 74.531 75.244 77.996 81.054 83.346 82.979 83.649 80.271
75.297 75.592 80.347 78.767 78.569 80.132 79.009 77.097 76.157 75.407 75.727 76.627 74.834 75.086 74.306 74.319 74.346 74.369 74.349 74.306 74.304 74.396 75.714 74.719 74.196 79.684 81.481 82.036 76.286 73.599 73.544 74.369 74.821 74.106 74.724 74.981 74.386 74.181 74.251 75.039 75.196 76.069 75.574 75.871 74.176 74.079 74.586 76.129 80.086 82.359 83.786 82.714 81.284 80.499 81.949 81.136 76.574 75.344 76.261 76.354 76.931 76.629 74.639 74.531 74.516 74.549 75.376 78.396 81.396 81.604 77.799 77.554
77.597 77.949 76.739 78.137 78.857 78.279 76.514 76.237 75.189 75.447 75.497 76.704 75.229 74.621 75.351 74.329 74.351 74.394 74.364 74.339 74.309 74.289 74.261 75.616 74.656 73.989 77.261 74.104 73.544 73.424 73.559 73.884 74.649 74.751 74.749 74.986 74.144 74.114 75.254 74.296 74.396 75.559 75.084 75.181 74.446 74.771 75.846 80.484 82.341 83.524 82.981 81.291 79.686 76.999 79.716 75.836 73.956 75.134 75.851 77.681 77.989 76.164 76.791 75.304 74.534 74.559 74.726 76.904 78.449 76.984 76.849 77.851
