LIDAR-DSM-2M-TQ28ne/tq2586_DSM_2M.asc
ncols 500
nrows 500
xllcorner    525000
yllcorner    186000
cellsize     2
NODATA_value -9999
[rows 210 to 239 of 500, columns 276 to 344 of 500]
102.054 104.789 102.931 96.991 101.614 106.051 100.229 101.191 101.551 103.911 98.249 98.031 99.966 99.159 100.129 101.951 102.671 102.919 104.154 98.674 98.554 98.736 104.474 102.661 101.131 103.549 103.466 101.486 106.116 103.939 107.046 102.886 103.144 103.289 105.861 105.404 100.431 107.601 104.729 104.209 105.076 105.051 110.806 111.289 108.614 107.674 103.451 105.656 109.276 108.889 105.426 102.249 104.166 111.771 105.459 107.974 109.256 108.209 106.379 110.166 110.559 105.074 104.884 105.021 102.894 102.971 103.069 100.711 100.824
105.636 100.839 98.564 98.736 100.026 106.766 100.549 99.171 99.074 102.541 99.741 98.881 97.949 98.589 97.581 99.086 100.819 103.371 100.124 97.764 97.764 97.789 100.391 102.266 103.496 100.099 103.356 100.229 103.926 103.009 105.256 102.206 103.291 104.644 102.674 105.836 102.861 104.276 103.911 100.416 101.689 104.601 111.894 106.929 105.431 107.651 103.344 105.446 107.624 101.084 105.611 108.229 104.169 111.101 113.644 105.576 102.721 104.374 106.674 100.781 104.044 101.241 100.554 104.911 110.041 104.246 101.711 100.654 100.644
104.531 99.491 101.161 98.661 107.251 102.956 99.179 97.121 101.344 101.406 100.591 98.476 97.611 97.971 98.246 100.726 105.491 100.421 101.899 97.819 97.826 97.861 98.066 98.341 98.361 100.639 98.879 103.459 102.866 101.809 101.374 103.374 103.829 100.616 104.941 104.524 105.411 100.931 104.931 103.536 100.774 100.941 107.929 102.606 100.586 102.581 106.564 102.551 110.244 108.631 101.859 103.419 104.811 110.234 113.286 111.891 101.764 107.179 100.706 100.689 104.901 100.654 104.346 109.041 107.234 105.074 100.761 100.556 101.736
97.369 98.336 98.789 100.101 99.781 96.346 99.014 103.831 100.211 99.381 97.894 96.756 97.021 100.246 103.751 106.166 104.801 100.809 98.054 97.876 97.896 97.956 98.189 100.649 99.516 98.341 98.591 102.456 100.446 103.389 102.424 108.474 101.606 105.099 99.521 105.449 104.064 101.024 105.914 104.746 106.709 103.816 104.999 104.836 105.701 105.751 102.864 102.424 107.986 110.536 101.354 110.181 102.744 110.514 105.191 105.804 117.801 101.699 107.519 110.561 110.614 104.216 101.684 103.956 103.896 101.989 100.711 105.184 100.531
97.884 96.839 98.244 99.104 103.361 97.549 98.956 101.831 102.121 99.621 97.869 96.889 98.689 99.656 99.679 100.854 98.204 100.431 97.941 97.916 97.916 98.066 98.296 100.291 100.304 98.996 98.941 103.779 101.979 101.669 99.731 106.741 106.196 101.891 104.061 101.686 102.451 101.321 100.954 105.736 107.796 108.434 105.041 107.704 108.571 109.319 105.211 102.541 105.469 107.961 101.546 107.369 104.344 110.484 105.561 105.444 109.484 107.611 112.386 109.381 108.959 108.616 104.914 109.131 100.854 101.126 103.679 101.089 101.029
97.854 99.641 101.324 103.361 99.469 98.464 101.241 100.559 100.204 98.459 96.704 97.419 98.076 98.309 97.529 101.284 101.276 99.711 97.996 97.966 97.994 98.399 98.556 100.461 104.099 103.944 103.181 107.731 104.984 102.816 108.221 99.856 109.286 104.044 104.141 106.304 102.601 100.004 103.239 104.329 111.864 114.399 109.454 110.549 105.254 105.874 107.706 111.849 108.494 104.451 108.086 104.596 107.966 105.174 109.484 114.891 102.979 110.844 110.724 105.179 101.834 110.481 107.514 113.716 104.724 100.999 104.039 102.686 102.994
97.204 96.679 99.391 99.356 100.479 100.996 100.589 98.366 103.374 105.219 97.626 100.189 98.654 100.204 103.171 100.644 104.591 101.286 98.014 98.026 98.134 98.676 98.744 98.856 100.011 102.951 100.414 104.841 107.154 105.474 105.289 111.771 103.074 104.044 108.904 107.881 100.459 100.236 100.254 102.739 102.171 100.586 101.281 105.466 102.904 106.999 109.916 113.146 113.611 109.916 108.376 107.306 107.544 111.934 107.786 107.249 101.179 113.129 103.431 102.299 102.434 108.056 109.871 106.804 107.324 103.804 102.544 104.219 103.584
97.051 99.699 98.496 100.311 104.779 100.101 98.239 98.776 100.796 100.476 105.006 102.929 99.031 99.744 102.559 101.629 102.191 98.476 98.099 98.114 98.274 98.586 100.064 101.284 103.186 102.929 101.569 109.299 109.606 106.656 104.196 103.846 109.246 107.376 103.336 103.381 100.761 100.319 100.404 102.886 106.651 105.434 112.469 102.581 102.114 104.496 108.936 107.471 109.661 107.389 102.151 106.956 116.344 105.059 106.629 108.196 103.089 109.546 100.971 102.384 106.884 107.364 104.094 103.606 107.519 107.884 101.916 102.631 100.844
96.936 101.524 102.419 103.426 102.384 103.541 102.634 105.786 98.339 97.184 99.169 99.526 102.329 99.799 100.106 99.394 100.741 98.154 98.156 98.216 98.379 99.744 101.614 102.609 104.619 103.179 105.031 100.656 100.524 106.259 106.891 106.069 106.621 110.521 104.591 102.684 106.384 102.574 102.566 102.974 110.696 102.129 102.066 106.601 104.676 101.261 105.921 110.186 112.694 109.499 115.701 103.499 114.099 108.396 105.504 105.684 107.896 112.354 101.051 104.179 101.061 108.186 103.326 105.319 107.559 105.531 101.341 100.941 100.981
99.814 98.059 101.806 100.239 99.866 101.464 105.369 104.569 101.381 98.526 100.371 100.339 100.531 100.421 108.021 101.056 98.284 98.239 98.226 98.704 100.031 102.346 104.339 104.476 103.991 100.459 102.144 101.636 103.519 104.379 104.606 116.189 111.786 108.966 103.801 100.661 102.134 103.254 102.639 105.866 106.309 101.614 107.911 105.054 102.096 103.466 104.554 105.961 109.639 108.331 105.749 109.126 113.369 103.036 109.811 108.539 117.741 118.776 108.851 105.844 102.276 110.144 103.519 101.056 103.816 106.059 108.821 102.229 103.566
100.364 98.204 98.659 100.109 100.524 106.431 104.151 105.456 105.184 105.374 98.869 98.189 99.089 100.291 105.384 98.354 99.316 99.209 101.016 102.464 101.256 106.909 106.529 104.436 103.949 107.234 101.669 100.221 104.386 99.876 101.604 105.264 107.059 105.909 106.636 104.561 104.191 104.124 103.886 105.314 108.294 109.856 107.564 112.591 107.971 106.951 101.754 113.176 113.531 112.464 109.506 102.139 105.564 106.054 113.941 112.931 110.269 115.564 101.639 112.671 106.004 108.519 101.919 106.101 110.146 104.606 109.474 109.849 108.941
99.681 97.599 98.081 101.206 103.159 99.879 99.271 98.526 99.429 103.341 101.176 104.499 101.069 101.209 100.469 103.034 100.959 106.314 100.769 104.479 103.021 105.986 107.326 104.076 103.231 106.804 102.994 100.811 105.384 101.834 106.854 105.041 105.849 111.499 108.234 103.754 107.164 103.544 110.319 105.859 102.134 106.881 109.609 110.959 110.444 105.896 110.746 106.001 107.741 110.921 101.751 105.424 107.416 106.554 106.661 106.269 104.739 101.794 106.101 106.244 103.749 111.291 112.901 113.079 108.536 106.099 107.489 103.194 108.096
99.049 98.589 99.499 103.726 105.099 103.024 99.349 99.301 98.484 99.721 99.754 101.671 98.631 98.729 100.184 102.701 98.591 102.691 103.489 104.279 105.139 103.361 104.516 103.381 102.494 103.449 104.044 102.284 104.451 111.104 108.661 113.771 109.264 105.431 107.579 107.639 105.001 103.299 106.711 110.381 105.444 105.474 115.151 112.349 104.434 106.889 102.579 101.769 104.529 106.721 107.044 106.364 109.711 103.491 101.959 102.886 106.589 106.911 103.206 108.339 110.676 112.844 121.179 103.909 107.494 106.416 103.244 105.666 105.084
98.491 99.289 100.829 98.386 99.976 99.831 98.049 99.336 98.441 100.616 103.506 100.341 103.229 102.486 98.614 106.279 99.831 98.569 98.689 103.226 102.239 100.111 100.006 99.839 101.501 104.381 106.306 103.329 105.954 103.426 102.161 102.624 104.326 109.166 107.794 106.264 107.464 107.676 108.041 109.846 109.709 101.441 108.151 108.096 108.021 105.831 105.396 101.894 101.911 102.956 102.004 110.774 111.801 102.321 105.464 103.059 110.324 102.626 104.896 101.844 102.834 112.126 109.169 109.211 108.254 105.599 106.116 113.544 107.301
98.979 97.964 98.249 98.486 99.219 97.971 98.614 98.136 98.321 102.801 102.364 102.596 100.756 100.626 103.619 100.349 99.574 98.706 98.809 98.951 99.071 99.846 100.809 101.864 101.554 104.096 105.844 105.369 103.929 105.519 110.044 102.764 104.506 108.961 106.786 106.599 103.431 104.034 106.261 107.531 110.444 110.501 111.296 104.374 107.799 106.001 112.719 113.094 104.921 108.729 109.359 107.181 107.469 104.026 107.196 104.851 102.399 102.331 105.509 105.201 105.416 110.041 112.339 108.859 101.694 101.321 102.729 109.004 108.991
99.484 98.424 98.129 100.599 101.184 98.841 98.841 98.586 98.559 102.081 105.384 110.101 100.801 99.236 101.224 102.126 99.899 98.811 99.604 100.401 99.426 99.406 101.641 100.689 99.634 101.539 106.239 106.629 101.806 100.304 102.866 108.309 105.116 107.011 103.981 105.366 102.294 103.536 101.474 103.934 105.231 102.901 101.831 109.249 105.101 113.424 113.234 102.456 108.269 107.956 108.074 105.351 105.066 103.171 103.504 107.134 105.226 102.589 104.951 103.681 108.559 107.416 114.186 104.936 101.539 101.474 101.319 112.959 106.626
100.446 101.534 97.971 98.949 99.404 98.234 98.526 99.064 98.791 98.791 111.346 109.896 105.411 101.524 104.714 98.829 99.126 100.154 101.194 100.316 99.984 99.774 99.786 100.644 103.501 103.251 106.691 102.566 101.706 101.949 106.499 104.871 101.034 109.166 107.656 105.316 101.536 107.806 111.804 112.629 109.794 105.529 115.864 113.206 106.159 106.269 105.966 110.071 114.076 108.949 111.976 103.911 109.676 109.309 112.551 105.214 106.074 106.004 107.519 113.226 109.624 111.069 102.424 101.669 101.606 101.629 103.576 107.816 105.119
101.539 101.521 98.199 98.139 98.046 99.604 98.401 98.719 98.909 98.989 99.376 101.741 105.114 108.479 105.394 99.231 102.741 102.156 101.171 101.251 100.066 101.499 100.046 99.929 105.224 107.171 110.479 106.271 114.009 107.579 104.826 104.619 101.296 109.791 105.106 107.521 105.059 103.674 114.516 110.021 109.954 105.246 105.921 105.364 108.749 109.884 109.531 108.334 112.066 105.839 108.124 107.676 103.931 116.874 106.691 109.879 106.584 105.484 111.194 105.421 112.521 106.039 101.821 101.869 101.839 101.809 101.551 112.994 111.949
100.586 102.914 99.309 99.019 102.786 99.381 98.769 98.669 98.979 99.021 99.224 100.666 102.821 103.359 103.459 101.501 104.554 104.731 99.401 100.871 101.761 101.671 100.689 102.186 103.771 106.776 113.621 108.906 112.101 108.134 109.439 103.206 106.961 116.751 111.259 105.111 101.916 106.609 109.196 108.906 102.231 106.111 103.991 103.394 109.744 106.471 104.944 109.526 112.941 112.726 110.841 108.429 105.514 114.846 115.224 108.904 114.296 105.484 106.989 105.541 103.856 103.791 102.061 101.926 101.941 101.804 101.659 105.024 118.169
101.221 99.414 99.329 99.599 101.724 100.031 98.856 100.254 102.359 99.731 100.969 104.724 106.529 110.444 104.646 105.001 100.666 104.541 99.541 101.051 102.466 103.511 103.346 103.504 104.666 101.884 110.034 111.694 110.464 106.881 109.596 106.714 106.996 110.976 116.606 110.019 102.066 103.704 109.189 112.379 109.444 106.911 103.469 107.984 109.991 103.609 106.586 104.366 108.959 110.759 107.491 109.211 110.761 116.941 115.824 114.019 113.961 106.206 102.524 108.104 109.399 113.424 109.129 102.254 106.591 101.699 101.861 107.751 110.679
101.256 103.131 105.214 104.756 104.146 103.884 100.809 104.456 102.919 99.294 100.486 102.064 99.346 101.209 101.916 102.559 101.391 101.811 100.031 102.399 103.406 103.131 101.669 100.399 109.554 103.421 104.271 107.589 109.984 103.816 108.274 103.331 108.794 104.026 111.604 107.964 105.339 110.109 108.559 112.936 110.681 112.321 113.891 108.951 107.144 106.119 104.971 103.359 105.446 107.476 106.039 112.076 105.601 113.959 112.769 106.489 107.326 111.666 106.084 113.524 114.341 106.014 104.774 105.274 108.016 104.149 105.556 106.181 109.841
102.449 107.081 101.036 109.034 110.229 103.181 100.996 101.119 102.664 100.006 99.399 103.134 107.471 107.744 104.036 101.381 101.016 108.384 102.389 100.114 102.394 103.314 104.346 102.644 107.364 110.376 110.674 104.014 113.726 105.541 102.754 105.449 109.501 107.514 109.736 109.501 109.051 110.006 112.241 107.424 107.621 107.996 109.301 105.686 109.534 105.921 105.424 103.859 111.439 107.976 108.101 107.114 107.704 109.724 114.046 109.586 116.419 107.444 110.231 106.494 105.211 102.709 105.271 101.924 102.461 106.844 102.759 116.244 109.586
103.096 109.649 110.961 104.424 104.061 101.671 100.554 100.749 101.141 99.924 101.454 105.044 106.234 107.101 101.236 103.189 111.389 102.781 102.849 104.434 106.129 103.096 106.729 101.664 105.204 111.689 106.071 109.014 110.186 112.536 107.814 102.459 111.079 113.354 105.654 111.694 108.284 116.711 110.439 112.989 108.581 107.191 115.041 110.679 103.861 106.569 109.604 107.311 114.059 110.604 112.404 107.376 107.069 107.136 110.754 106.946 115.124 114.221 113.021 108.114 112.946 107.711 102.784 102.114 102.336 102.976 113.596 115.961 113.566
101.811 111.156 111.704 107.919 109.444 101.566 99.639 99.239 99.369 99.599 99.449 100.329 103.819 99.539 100.531 109.221 115.751 108.121 101.454 102.009 106.006 103.674 108.626 103.736 107.976 105.436 107.289 112.921 111.981 106.719 106.241 102.854 114.136 107.554 112.916 114.916 120.481 112.654 103.134 103.119 108.514 107.621 103.546 107.161 103.119 106.391 119.971 109.756 105.766 110.466 106.589 106.861 106.491 110.076 108.134 107.616 105.189 107.259 104.931 103.561 110.626 117.469 115.274 105.631 103.194 110.534 104.269 107.036 110.701
105.716 107.101 103.574 102.939 102.651 100.621 100.219 99.481 99.489 99.534 99.494 99.439 101.894 101.579 104.419 106.111 108.894 110.604 107.249 108.594 108.271 104.749 102.309 103.661 103.821 103.426 107.904 106.459 108.446 105.264 109.479 110.906 113.749 108.189 112.859 109.069 104.759 102.826 103.054 106.401 104.014 106.874 107.106 112.024 113.194 107.161 116.269 117.871 109.699 108.041 103.596 107.921 109.289 106.071 110.214 107.034 108.124 109.991 107.111 111.284 110.586 113.241 115.641 115.814 108.729 116.169 108.654 107.611 111.944
103.174 100.714 102.764 100.794 100.839 100.374 99.624 100.311 99.666 99.716 99.551 99.504 101.856 100.439 106.284 104.934 103.999 101.969 104.831 106.774 107.841 103.429 107.886 106.701 105.479 108.589 112.259 106.209 113.711 110.716 103.421 104.829 103.736 106.764 104.734 102.584 108.156 105.286 103.121 103.334 104.234 105.824 109.161 111.406 116.194 111.584 107.571 111.621 111.056 113.289 106.324 108.754 112.029 115.141 107.971 108.699 106.501 111.501 107.466 107.119 112.229 106.391 108.584 113.534 108.276 114.881 108.369 106.366 103.044
112.244 101.766 105.064 100.519 104.111 102.406 100.909 100.386 99.749 99.666 99.601 99.619 99.656 104.746 104.666 104.449 107.389 105.319 103.341 107.529 105.784 101.956 108.301 105.216 105.001 105.026 106.219 104.701 106.474 107.379 102.961 111.581 104.616 103.544 110.261 102.834 106.764 103.096 108.866 104.509 107.106 109.196 108.106 112.119 106.841 117.216 112.984 109.016 107.981 114.984 113.169 109.079 112.256 107.191 107.219 109.064 115.174 110.941 118.821 109.454 108.796 102.889 102.819 102.749 112.699 107.639 104.494 105.851 103.536
104.434 103.744 99.201 100.991 104.459 99.196 99.524 100.006 99.844 99.729 99.729 99.794 103.149 103.719 103.711 105.826 104.306 102.041 107.309 107.636 104.369 104.284 112.074 107.116 103.806 104.299 109.931 109.144 102.194 104.516 108.616 105.456 102.864 102.746 103.246 103.104 108.919 107.874 115.339 113.914 110.909 111.801 108.499 104.601 107.081 109.046 113.489 108.374 108.126 109.049 111.766 112.206 108.226 107.271 112.099 114.924 111.504 109.989 118.934 107.146 105.079 104.776 111.619 105.459 108.551 103.089 108.814 102.859 108.964
102.204 105.201 104.589 105.446 101.779 99.434 99.651 99.769 99.876 99.826 99.841 100.559 104.464 107.261 104.364 106.689 105.246 102.056 103.404 104.649 103.936 106.714 104.916 106.126 105.121 109.721 107.944 106.944 105.704 103.871 108.761 104.394 105.206 106.979 113.241 103.844 104.386 116.331 115.421 110.621 110.386 109.449 108.299 109.804 108.364 109.284 105.591 105.826 105.166 108.006 112.209 111.926 103.899 110.021 111.114 111.404 110.361 108.571 111.781 109.824 107.289 106.654 108.984 112.729 105.986 110.111 107.519 109.796 103.591
103.481 105.969 105.604 105.214 105.864 100.669 99.964 99.989 99.944 99.904 99.884 100.736 102.309 107.774 104.934 104.009 102.316 106.216 106.284 103.691 105.529 106.294 106.116 109.064 106.316 107.591 106.231 104.096 104.701 105.511 107.524 106.801 108.359 107.204 106.674 111.931 110.599 108.819 107.769 105.641 107.541 111.561 109.016 104.226 110.239 110.981 115.371 115.831 109.679 108.371 104.031 105.446 105.171 107.524 103.869 105.339 117.314 112.766 109.054 116.551 109.806 109.121 110.541 107.396 104.731 107.794 110.034 106.324 102.764
