LIDAR-DSM-2M-TQ28ne/tq2586_DSM_2M.asc
ncols 500
nrows 500
xllcorner    525000
yllcorner    186000
cellsize     2
NODATA_value -9999
[rows 390 to 419 of 500, columns 207 to 275 of 500]
105.649 109.139 112.484 114.417 114.784 114.862 114.869 111.787 105.107 105.682 105.749 106.507 106.392 107.042 106.944 106.339 106.397 106.722 107.234 106.854 106.944 107.027 111.577 111.507 110.519 108.167 109.117 109.874 110.422 110.784 110.692 110.544 110.594 110.704 110.784 110.689 111.904 114.549 115.009 115.092 112.659 110.624 110.747 110.967 111.309 111.657 112.462 113.714 115.589 114.707 114.894 114.799 114.427 113.842 113.862 115.202 114.192 117.729 119.619 122.349 122.932 124.177 120.652 120.349 119.949 124.084 120.882 120.194 120.254
103.437 107.859 109.462 111.787 114.884 114.857 114.804 114.857 110.697 106.484 107.154 106.862 106.469 107.829 106.844 106.489 106.919 106.712 107.234 107.282 107.089 107.154 108.182 108.037 107.369 107.552 108.617 109.374 109.939 111.377 112.812 112.807 111.314 111.592 113.074 113.489 111.617 115.197 114.372 112.512 110.989 110.534 110.717 111.219 112.609 114.709 115.374 113.392 114.617 114.827 113.827 113.854 113.842 113.844 113.889 113.874 113.922 117.659 119.462 121.699 117.592 121.814 121.187 119.874 119.487 123.102 120.422 120.602 120.602
103.192 107.394 109.387 109.804 113.494 114.844 114.872 114.864 109.847 106.797 106.814 106.499 107.042 106.987 106.597 106.654 107.329 107.919 106.964 106.937 107.354 107.282 107.362 107.464 107.682 107.794 107.804 108.737 109.497 110.437 114.817 119.014 112.692 113.592 112.474 114.462 110.677 109.979 110.219 110.109 110.284 111.464 111.142 112.929 117.612 118.387 117.577 115.067 113.052 115.404 114.084 113.972 113.864 113.857 114.144 114.082 114.174 117.342 119.722 122.499 120.527 119.334 118.039 118.339 118.184 119.024 119.464 119.602 119.707
103.144 103.882 108.774 109.479 110.049 113.572 115.087 110.859 105.542 105.349 105.527 106.867 106.777 106.542 106.747 106.807 108.077 111.789 108.319 107.139 107.447 108.132 107.467 107.569 107.622 108.317 107.789 107.872 108.822 109.479 110.247 112.682 114.964 114.562 112.319 115.864 114.879 111.474 109.862 111.079 111.169 114.474 116.652 122.032 121.189 120.069 117.637 114.477 113.387 114.657 114.049 114.174 113.837 113.872 113.909 114.422 114.689 114.227 117.117 121.377 120.952 116.399 118.804 121.012 125.037 124.917 122.382 127.124 124.252
103.792 104.459 103.772 108.594 108.957 110.219 111.964 105.662 105.312 105.209 105.624 109.522 112.097 110.959 107.099 106.924 112.832 115.029 112.099 107.972 107.304 107.779 107.819 107.599 107.747 107.802 107.849 107.889 108.032 108.539 109.042 109.717 115.082 115.794 116.764 113.494 113.122 114.404 110.209 112.754 117.057 119.142 121.332 121.852 121.982 120.937 116.937 111.877 111.522 112.684 114.049 114.267 114.329 114.219 114.497 114.137 114.004 114.027 115.152 116.954 121.162 119.792 124.732 123.142 122.744 125.647 124.817 125.127 128.969
104.429 103.449 103.187 104.234 107.042 108.962 108.887 105.529 105.549 105.019 109.162 115.382 117.112 115.897 109.052 108.419 113.169 115.667 115.222 109.024 108.202 107.532 107.547 109.409 108.329 107.912 107.967 108.447 108.537 108.109 109.002 109.434 114.444 115.759 113.782 114.727 115.892 112.869 114.489 118.939 121.129 121.669 122.219 122.744 122.519 121.617 120.022 113.834 111.539 111.589 112.567 114.527 113.964 111.984 113.434 114.257 114.012 114.052 114.164 121.407 120.214 120.942 122.327 121.129 123.532 124.177 124.002 119.937 122.432
103.297 103.272 104.544 104.162 106.427 109.039 107.889 106.414 108.764 107.917 115.122 117.149 116.977 115.754 111.142 108.499 112.184 113.697 110.944 107.887 108.364 108.037 108.127 109.242 110.842 109.727 108.057 108.109 108.137 108.117 109.584 110.864 114.997 113.554 114.602 114.334 116.787 113.972 112.057 119.879 121.409 122.622 122.712 123.192 123.027 123.517 121.329 115.724 111.537 111.999 115.269 116.247 111.667 111.959 113.474 113.979 114.049 114.052 114.072 122.839 122.674 120.564 116.939 117.257 119.012 126.449 124.167 119.139 120.084
107.292 106.034 107.089 105.489 105.139 106.832 107.084 110.849 112.252 115.349 117.199 118.269 117.674 116.479 114.439 108.629 108.097 107.882 107.577 107.507 107.622 107.669 110.254 110.359 112.477 108.189 108.084 108.187 108.259 108.294 108.899 113.777 114.524 111.724 114.594 113.069 112.327 110.977 111.444 116.054 120.182 122.522 122.427 123.022 122.889 122.329 121.612 118.947 115.924 116.109 117.234 117.482 114.947 113.972 114.454 113.989 114.032 115.087 118.509 119.579 123.272 122.047 119.769 120.509 119.179 119.589 120.752 119.089 118.674
105.254 108.294 105.527 106.507 106.544 105.654 105.514 110.702 115.602 117.019 118.367 119.239 118.852 117.592 116.949 113.837 108.077 107.832 108.442 108.239 107.337 107.522 109.949 112.947 111.189 109.234 108.014 108.519 108.297 108.337 108.344 108.299 112.269 113.122 109.399 109.864 110.149 110.202 111.064 111.842 116.179 120.749 123.589 122.434 122.002 121.477 120.322 118.394 117.619 117.477 117.319 117.497 115.802 114.757 114.214 114.419 115.119 118.557 123.052 122.574 120.889 120.019 121.062 120.374 119.997 117.339 117.932 117.682 118.012
107.874 108.864 112.322 107.399 106.382 104.759 104.862 108.607 115.909 117.874 118.924 119.277 119.272 118.564 117.349 116.582 109.422 107.992 107.789 106.989 107.409 107.904 107.699 111.612 110.179 108.094 108.079 111.854 112.417 108.377 108.432 108.477 111.104 111.689 109.162 109.212 109.149 109.137 110.662 111.724 115.104 120.484 121.492 121.569 120.469 117.194 114.792 113.662 115.322 117.119 116.534 116.984 113.854 113.659 115.739 116.872 117.757 118.289 121.752 115.719 118.022 121.502 124.027 124.152 120.049 119.439 117.249 118.652 119.447
110.124 113.582 109.277 109.532 104.549 104.695 104.795 104.969 107.665 116.549 117.347 118.579 118.757 117.707 116.854 113.902 108.667 110.192 109.827 107.232 108.122 107.502 107.582 107.692 107.922 109.07 110.652 111.552 111.222 108.952 108.435 108.445 108.46 108.41 108.365 108.82 109.689 109.06 109.384 110.975 112.115 119.024 120.962 119.524 112.614 111.927 111.427 111.477 111.832 112.887 114.197 113.419 114.552 113.647 115.819 117.009 118.029 117.207 116.712 114.389 118.282 117.637 122.417 120.529 116.387 116.577 117.114 117.862 119.482
112.487 113.482 115.847 112.67 104.532 104.617 104.757 104.835 104.967 108.507 116.222 117.392 117.522 117.134 113.404 111.854 111.005 113.452 113.872 110.78 108.927 107.34 107.825 107.765 108.259 110.827 112.992 111.612 109.514 108.999 109.147 108.477 108.46 108.445 108.359 109.665 108.862 110.097 109.342 110.365 111.005 115.67 117.789 115.974 111.479 111.817 112.477 112.737 112.654 111.842 111.829 112.952 114.987 113.464 113.632 113.924 114.349 115.254 115.282 114.229 114.642 117.722 123.754 118.832 120.239 116.192 116.122 116.754 118.572
110.042 113.66 114.009 109.634 110.609 104.59 104.712 104.807 104.877 105 110.755 115.137 117.322 112.805 113.174 113.452 113.597 114.835 115.06 112.219 109.952 108.867 107.492 107.744 108.219 110.072 113.582 114.147 111.799 111.142 109.972 108.945 108.482 108.467 108.407 110.719 111.017 113.517 109.362 110.509 110.575 111.277 118.742 116.627 114.892 113.012 114.442 114.187 113.942 116.224 114.424 114.047 111.999 113.657 113.772 113.724 113.807 114.222 114.527 115.229 114.592 114.979 122.629 124.542 123.009 115.964 115.782 117.917 117.484
108.46 108.869 111.847 112.314 111.415 106.567 104.642 104.734 104.829 104.935 105.072 109.812 114.452 113.994 114.4 114.537 113.677 115.002 115.325 115.34 113.439 110.344 109.81 109.064 108.547 110.674 113.479 113.505 113.027 112.947 111.052 109.609 108.592 108.497 108.499 111.237 111.354 113.817 110.475 111.282 110.772 111.299 114.672 116.424 115.684 118.694 120.689 120.464 120.844 119.784 116.064 114.529 111.904 113.084 113.814 113.697 113.774 113.849 114.174 114.514 115.002 114.804 115.157 120.069 115.564 115.734 115.769 117.414 116.672
110.657 109.597 110.31 110.88 112.757 110.024 106.642 104.652 104.78 104.867 105.424 107.615 111.975 113.479 114.622 113.84 113.93 114.592 114.342 114.887 114.104 112.009 114.472 114.255 109.054 109.939 109.397 112.627 112.777 112.252 111.362 110.237 108.505 108.439 108.475 109.487 110.619 110.35 110.477 110.564 110.442 110.585 117.305 120.202 120.687 121.224 121.859 122.312 122.084 120.572 116.817 112.802 111.379 112.084 113.002 113.622 113.754 113.802 113.852 113.872 114.369 114.504 114.917 116.129 117.339 115.587 115.394 115.004 114.672
110.812 112.042 110.522 111.384 108.562 111.167 110.604 107.642 104.689 104.927 106.234 106.825 109.365 112.102 113.197 113.025 114.035 113.805 112.992 113.85 112.385 113.869 115.569 114.954 112.484 108.125 108.132 109.052 110.494 110.317 110.897 108.654 108.277 108.395 108.442 111.762 114.064 108.439 109.115 112.13 111.329 111.187 116.552 121.469 121.282 122.292 123.654 123.527 122.692 120.954 117.862 112.794 111.454 112.004 113.302 113.552 113.727 113.777 115.079 115.489 115.519 116.124 115.869 115.834 115.112 114.222 114.237 114.972 114.537
110.369 108.115 112.975 110.66 112.707 112.46 113.402 108.869 104.627 104.82 106.725 106.432 107.147 109.17 110.735 112.499 112.912 112.687 112.509 111.667 114.077 115.877 117.445 116.314 114.272 109.867 108.222 108.957 108.297 109.075 108.299 108.35 109.465 111.272 109.267 108.38 109.524 108.195 108.889 112.6 111.632 111.204 115.149 118.632 120.619 123.589 123.377 123.932 123.387 122.027 119.262 113.639 111.329 112.407 114.794 115.122 114.289 114.992 116.129 115.102 118.312 118.407 114.284 114.214 114.029 113.994 115.019 115.602 114.787
105.624 110.632 108.415 110.057 112.299 113.762 111.814 109.42 104.952 104.984 105.795 107.732 108.197 105.905 106.742 110.202 111.009 112.012 108.727 106.99 112.045 115.522 117.687 117.634 116.63 114.965 108.262 108.292 108.332 108.197 108.242 109.482 114.109 110.365 109.162 108.31 108.327 108.172 108.252 109.902 110.437 111.249 111.729 115.089 120.062 122.949 123.554 123.849 123.727 122.149 120.299 115.239 112.497 112.672 113.244 112.459 112.599 113.124 113.539 114.837 114.599 118.364 114.014 114.134 114.364 114.019 114.177 114.532 114.099
112.232 106.805 105.02 108.262 114.289 115.227 112.837 109.017 106.354 107.317 106.49 107.34 106.347 105.862 106.594 106.549 107.242 107.772 106.952 106.924 107.542 115.29 120.255 120.89 121.307 120.002 114.829 109.672 108.172 108.645 108.277 110.14 113.31 111.905 111.077 108.292 108.27 108.34 108.232 108.325 108.967 110.982 112.634 117.999 120.037 121.214 122.742 122.149 121.647 121.127 120.097 117.774 114.734 114.634 114.612 112.197 112.119 112.454 113.369 116.392 116.132 114.069 113.989 114.012 114.257 114.182 114.479 114.432 114.197
109.367 110.139 112.582 108.405 110.472 112.377 110.557 109.509 108.774 107.817 105.49 105.572 105.655 105.792 105.704 105.972 106.07 106.579 107.91 106.704 111.187 116.829 118.837 120.737 121.18 119.92 118.087 109.68 108.219 109.185 108.399 109.359 109.197 109.649 109.042 108.317 108.255 112.06 110.952 111.475 111.905 112.145 113.372 116.857 121.457 121.162 120.667 120.902 120.007 118.862 118.724 117.997 115.627 114.734 114.494 112.877 112.084 112.547 112.902 114.644 116.259 114.037 114.062 114.022 114.049 114.787 115.032 114.837 116.474
110.359 108.494 107.975 108.704 107.892 109.177 107.889 110.075 108.472 105.802 105.575 105.594 105.549 107.302 108.157 105.439 105.499 105.947 107.267 106.84 110.977 117.422 119.06 120.717 120.915 119.727 117.882 111.035 108.137 108.37 108.359 108.622 109.74 109.174 108.907 108.272 109.549 115.152 112.717 114.572 113.717 113.457 113.442 115.017 118.752 118.034 117.684 115.084 115.157 117.539 117.794 117.447 116.009 114.487 114.554 112.444 112.079 112.554 112.767 113.097 113.789 113.932 113.894 113.922 113.919 113.957 114.439 114.524 119.217
107.442 107.777 111.52 108.637 107.607 105.939 106.712 109.549 109.252 105.302 105.352 105.259 106.517 107.984 110.857 108.042 108.53 109.064 106.475 107.212 112.994 116.76 119.259 120.825 120.897 119.697 119.31 112.452 108.119 108.072 108.28 108.649 110.167 112.037 110.757 108.094 108.762 112.362 109.247 110.297 110.542 111.212 110.78 113.884 114.822 114.367 114.144 114.244 114.424 115.984 117.034 116.904 114.462 114.082 112.674 112.489 112.819 113.062 112.879 113.199 113.557 113.699 113.809 113.752 114.224 116.312 114.404 114.969 119.712
109.997 103.674 105.657 105.825 105.197 105.927 106.677 105.594 105.447 105.204 105.417 107.222 106.344 105.767 110.047 108.04 109.689 109.207 107.642 108.052 115.242 118.577 119.56 119.517 120.562 119.852 120.079 115.9 107.755 108.032 108.049 108.514 110.93 110.312 109.302 108.255 108.035 107.979 110.645 109.592 111.212 112.479 110.842 112.912 114.157 114.074 113.732 113.517 113.687 114.289 114.444 113.864 112.622 113.287 113.174 113.194 113.804 113.639 112.909 113.544 113.742 113.569 113.567 113.584 117.897 117.462 114.384 115.794 117.794
102.744 102.707 103.987 104.887 106.482 106.704 106.882 106.562 105.28 105.275 104.962 105.087 106.43 107.124 108.619 111.149 112.277 108.225 109.427 105.64 114.174 118.047 118.617 113.71 118.7 118.697 118.93 115.317 107.92 107.954 107.929 109.072 109.237 107.922 108.737 107.95 107.939 107.937 107.872 107.935 107.96 108.07 109.547 111.737 117.144 117.477 117.334 116.019 114.959 114.502 114.594 116.012 113.527 111.127 111.809 111.799 114.244 114.099 112.174 112.789 114.427 113.374 116.144 115.579 119.132 118.674 114.389 118.117 118.149
102.31 102.377 102.48 104.712 106.322 107.66 107.049 107.857 105.079 104.64 105.965 105.602 109.292 107.042 107.715 112.555 112.755 110.999 111.49 106.887 106.447 110.792 115.229 113.302 111.764 114.045 114.892 112.445 108.079 108.035 108.532 108.414 108.979 107.71 109.35 107.887 107.89 107.852 107.85 108.229 108.299 108.187 109.725 113.654 118.187 118.507 118.832 118.312 117.874 117.572 117.339 117.062 113.964 110.799 111.402 111.369 112.712 113.024 111.872 112.122 112.482 114.884 113.504 119.399 121.342 119.887 115.672 116.792 124.169
102.262 102.335 105.122 106.207 109.96 108.999 106.76 108.347 107.877 105.352 107.827 110.555 108.787 112.617 108.867 111.999 113.397 115.014 111.972 110.799 109.465 109.535 109.522 109.505 108.374 108.354 107.465 109.962 110.172 109.942 110.009 109.617 108.612 113.067 108.945 107.767 107.807 108.435 107.927 108.075 108.727 109.53 109.53 113.332 116.854 118.224 119.872 120.037 118.372 117.779 117.799 117.727 114.022 111.244 111.479 111.674 111.807 111.842 111.847 112.199 112.232 114.992 118.462 115.999 120.752 120.982 121.567 121.187 121.922
102.372 104.575 106.342 108.285 106.335 108.049 109.382 108.187 106.652 106.869 110.74 109.28 108.627 111.642 107.799 108.21 108.272 107.917 113.522 116.104 116.88 116.532 116.637 116.005 114.859 114.037 111.85 109.18 107.509 108.189 108.102 108.582 109.509 111.612 108.747 107.692 108.337 108.59 108.647 108.469 108.939 109.317 109.497 112.549 116.992 118.969 120.434 121.162 118.927 117.072 115.267 113.484 112.027 111.047 111.767 111.809 111.802 111.794 111.982 112.894 112.732 116.322 118.604 119.174 120.522 117.472 118.547 120.509 119.977
104.002 105.082 107.499 105.81 106.29 108.137 112.049 112.134 108.062 105.939 109.572 106.932 107.117 108.055 105.722 105.797 107.182 108.865 111.085 116.032 116.882 116.887 116.99 115.687 116.077 115.609 115.532 111.692 107.494 107.54 108.057 109.015 110.222 111.275 108.17 107.65 109.372 108.792 111.117 108.612 109.079 109.41 109.499 111.084 115.459 118.902 120.712 120.917 119.124 117.642 113.737 110.987 110.177 110.902 111.474 111.612 111.732 111.724 111.772 113.152 114.364 117.537 118.564 115.159 121.962 121.752 117.104 117.379 114.874
102.677 103.287 106.402 105.882 106.537 108.947 115.062 117.012 110.854 110.344 109.454 106.482 106.202 105.307 105.402 105.232 105.137 105.45 105.692 109.35 114.104 116.682 117.962 118.2 116.59 115.469 115.454 112.314 107.447 107.454 107.52 108.252 108.57 107.715 107.647 107.535 109.329 109.737 108.734 109.922 108.747 109.005 109.344 111.284 116.472 119.099 122.477 121.692 118.809 116.887 114.124 110.852 110.527 111.167 111.059 111.207 111.467 111.559 111.622 112.232 113.939 118.694 118.354 118.329 120.732 116.824 117.324 119.019 114.737
103.954 104.507 103.592 102.762 106.222 105.922 112.072 107.262 106.957 109.755 109.447 108.497 104.437 105.1 106.134 105.145 105.715 105.169 105.272 107.322 114.035 116.727 118.272 118.244 116.415 114.49 113.404 108.007 107.402 107.405 107.472 108.305 107.374 107.295 107.387 107.472 107.737 109.742 107.95 109.594 108.737 109.005 109.329 113.427 117.307 119.337 121.287 120.442 118.477 116.129 113.689 111.909 114.157 114.582 111.752 111.367 111.757 112.872 112.354 113.212 116.467 117.909 115.734 115.477 117.492 117.819 118.242 117.724 118.704
