LIDAR-DSM-2M-TQ28ne/tq2588_DSM_2M.asc
ncols 500
nrows 500
xllcorner    525000
yllcorner    188000
cellsize     2
NODATA_value -9999
[rows 64 to 95 of 500, columns 71 to 141 of 500]
76.582 76.497 76.324 73.062 73.952 73.917 72.709 72.949 73.939 73.652 72.942 72.882 73.674 72.819 73.289 74.789 73.529 73.349 73.047 72.772 73.357 72.839 72.497 72.932 72.427 73.117 74.779 73.722 72.574 72.539 72.939 74.047 73.417 73.187 72.742 72.689 73.472 73.287 78.007 81.577 83.117 80.855 79.213 74.853 73.379 72.692 73.471 72.782 72.362 72.543 72.803 72.669 72.739 73.036 74.663 78.61 79.677 80.087 79.497 77.589 74.382 73.402 73.022 73.042 73.009 72.972 72.924 73.402 74.489 76.207 79.789
73.842 74.307 72.812 72.784 73.307 73.679 73.267 72.984 72.997 74.917 74.922 72.864 73.357 73.522 74.169 74.284 73.719 73.179 72.782 72.734 74.632 74.377 72.787 72.722 72.997 73.582 73.892 73.004 72.537 72.699 72.702 73.257 72.957 72.744 72.807 72.754 72.714 72.949 74.649 78.099 80.864 81.52 80.17 78.208 73.793 73.434 74.231 73.248 72.372 72.447 73.408 73.24 72.76 72.785 73.266 78.276 78.552 78.934 80.497 78.992 75.957 73.822 74.089 73.029 73.022 73.044 73.917 73.904 73.062 73.297 77.502
73.087 73.547 73.572 72.869 72.907 73.777 74.864 72.979 72.792 74.079 75.009 73.772 72.627 74.109 73.977 74.402 74.392 73.317 74.194 72.869 73.229 76.412 73.464 73.512 75.327 75.222 72.774 73.194 73.049 73.204 73.774 73.409 72.694 72.762 72.807 72.817 73.812 73.484 73.009 73.964 79.344 80.982 81.484 79.657 76.168 73.25 73.721 73.309 72.823 72.486 72.731 73.882 73.086 73.045 72.889 74.295 74.502 78.347 79.712 79.949 78.402 77.032 76.482 73.367 73.024 74.697 74.854 73.424 72.957 73.684 78.564
73.282 73.184 74.122 74.009 73.244 73.179 74.064 73.982 72.829 72.897 73.947 74.439 73.897 73.947 74.224 73.827 74.454 76.429 73.734 73.309 72.917 75.957 75.669 73.137 74.079 76.639 72.932 73.369 75.132 78.037 75.224 75.189 72.769 72.804 73.387 74.724 74.497 72.989 72.987 73.247 76.652 79.807 82.055 80.858 79.188 74.864 74.119 73.101 72.787 72.629 72.547 72.998 73.756 72.847 73.149 73.125 73.262 77.027 79.044 79.884 79.614 78.064 76.834 74.544 75.147 75.582 75.132 74.264 72.989 73.479 76.354
74.407 73.714 74.367 74.634 73.062 72.874 73.404 74.449 73.109 72.762 72.937 74.917 75.259 75.782 73.029 74.432 75.114 77.682 75.249 73.709 74.417 76.519 74.789 73.059 75.669 74.469 76.594 74.664 74.654 76.732 76.832 72.802 72.847 73.327 73.879 73.334 72.997 73.007 73.674 74.682 76.032 78.599 80.297 81.511 80.32 78.194 74.714 73.732 72.639 72.876 72.846 72.663 73.34 72.913 72.981 72.897 72.897 73.502 76.602 78.812 78.347 74.624 74.984 75.772 75.852 74.687 73.862 73.269 73.032 72.992 73.314
75.357 75.189 74.507 73.622 73.919 73.244 73.577 74.639 74.314 73.839 73.937 75.922 75.832 76.257 72.754 72.664 73.749 75.259 76.032 73.722 76.147 76.134 76.044 73.349 75.879 75.482 75.369 72.784 74.917 72.849 72.777 73.297 73.944 74.032 72.997 72.999 73.014 73.917 74.922 75.429 73.699 73.954 79.099 80.821 81.61 79.882 76.53 73.92 73.194 73.036 73.442 72.622 72.732 73.161 72.856 73.064 72.957 72.997 73.999 75.074 74.524 75.034 73.897 75.489 73.872 73.527 73.314 73.274 73.257 73.517 73.619
76.437 75.299 73.174 73.027 74.349 74.364 73.034 72.987 74.384 74.609 75.102 76.124 75.979 74.407 72.974 73.697 74.179 75.362 75.117 74.322 75.137 75.947 75.897 75.919 73.854 73.414 72.727 72.794 72.874 73.927 73.607 74.359 73.142 72.994 72.959 72.967 73.797 75.514 75.882 73.977 72.902 73.452 77.068 79.664 82.267 81.79 79.293 74.584 73.016 73.278 73.438 72.862 72.645 73.04 72.826 72.863 73.197 72.982 73.282 75.214 74.442 73.927 77.567 77.674 73.524 73.407 73.379 73.689 74.467 74.127 73.089
77.484 76.259 73.749 73.159 73.007 73.887 73.459 73.609 73.974 74.387 75.694 76.687 75.972 75.169 74.392 73.967 73.642 74.992 75.184 74.497 74.177 75.557 75.282 73.752 72.797 72.802 72.827 72.867 73.482 75.129 74.012 73.067 72.959 73.104 73.264 75.377 76.162 76.507 74.257 74.619 74.897 75.672 75.993 78.095 80.17 81.542 80.464 77.972 73.844 73.152 72.857 73.25 72.782 72.689 73.36 73.244 73.057 73.362 73.867 74.139 74.079 78.327 81.239 79.634 76.229 73.524 73.972 74.577 74.234 73.492 73.057
76.927 73.982 72.979 72.927 72.827 74.622 74.554 74.737 74.819 72.947 74.177 76.447 76.309 73.987 74.132 73.432 72.832 73.882 77.314 76.462 76.477 75.004 73.829 72.759 72.839 72.884 72.944 73.764 74.877 73.589 73.777 72.967 72.992 73.449 75.667 75.572 76.364 75.734 73.534 75.939 76.102 74.389 73.308 73.82 78.744 80.704 80.982 78.224 73.832 73.767 73.739 72.765 72.971 72.756 72.839 73.266 72.922 73.224 73.129 73.229 75.322 78.704 80.719 81.134 79.014 75.947 74.504 73.567 73.477 73.164 73.119
73.072 73.007 72.939 72.887 74.604 74.679 73.817 74.472 74.132 72.692 73.299 74.962 73.874 74.377 74.754 73.719 73.284 74.182 76.452 76.504 76.582 77.252 75.037 74.174 74.829 74.132 76.434 74.942 73.479 73.832 72.954 72.984 74.099 73.872 77.394 75.327 76.304 75.329 75.179 76.782 76.919 74.047 73.232 73.023 76.191 79.237 77.094 73.673 74.231 74.093 73.95 73.074 73.358 73.284 72.843 72.851 72.958 73.009 73.322 73.399 73.389 77.999 79.984 81.497 80.379 78.352 76.017 75.319 73.317 73.984 74.249
72.979 72.917 73.747 75.289 74.222 72.777 73.107 73.847 73.952 73.432 73.892 72.974 72.602 73.084 73.944 74.404 73.302 73.144 74.842 75.154 75.732 76.837 75.094 74.484 76.649 78.229 75.847 72.994 73.982 73.492 73.429 74.137 74.237 74.199 76.444 77.244 75.822 75.694 77.219 75.974 77.514 74.772 73.401 74.062 74.739 74.192 74.119 74.354 74.019 73.347 73.37 73.361 73.588 73.77 72.946 72.857 72.99 72.934 73.407 73.359 73.689 77.449 79.154 80.634 81.337 79.904 77.684 75.514 74.607 75.417 73.699
73.122 74.509 74.512 74.322 72.794 72.734 72.912 73.364 74.917 73.914 72.939 72.742 72.974 73.954 74.012 72.694 72.884 73.369 75.417 74.272 73.279 73.864 75.492 73.942 76.127 75.807 73.869 73.144 73.224 74.402 74.259 73.092 75.049 73.844 74.222 76.492 75.529 75.849 77.092 77.289 77.119 75.192 75.532 74.922 73.484 75.04 75.617 74.339 73.507 74.004 73.76 73.652 74.789 73.955 75.025 73.028 73.008 73.579 73.254 73.657 74.147 74.354 78.124 79.902 80.569 81.104 79.354 76.252 74.512 73.769 73.374
75.294 76.197 75.887 72.719 72.909 72.834 72.799 73.967 73.002 72.752 72.817 74.062 73.359 74.279 72.647 72.672 73.274 75.987 75.477 74.337 72.857 72.934 74.069 74.272 73.864 74.504 74.494 74.439 74.247 73.954 73.094 73.674 73.277 73.127 74.499 76.059 76.794 76.577 76.229 75.822 74.437 75.399 76.166 75.937 75.394 76.029 77.072 76.769 73.583 73.534 73.644 73.772 74.889 74.026 73.547 73.45 72.974 73.372 73.867 73.162 74.719 73.399 74.217 77.182 78.944 81.007 80.804 78.719 74.519 74.287 73.514
76.252 78.129 79.484 74.627 73.199 73.794 73.372 72.882 72.687 72.619 73.169 73.574 74.652 74.187 73.129 74.412 74.537 74.242 72.957 72.744 72.767 72.864 73.159 73.284 75.214 75.469 75.002 74.712 74.022 73.504 73.224 75.402 75.534 76.062 75.169 73.347 74.532 74.584 73.639 73.492 74.322 76.147 75.869 74.546 76.481 78.544 79.206 79.026 75.827 73.746 73.909 74.449 73.792 73.402 73.318 74.119 73.01 73.017 73.309 73.424 73.254 73.594 73.492 74.654 75.182 79.379 81.404 79.984 78.304 76.142 74.712
79.232 81.309 80.732 79.062 75.012 73.382 72.827 72.679 73.009 73.754 73.224 72.869 73.082 74.134 76.644 73.784 73.067 72.789 72.742 72.767 73.109 74.069 73.399 74.307 74.462 75.284 74.367 75.709 75.052 73.387 73.384 75.299 77.752 75.312 74.612 73.357 73.382 73.434 73.857 73.769 74.079 75.739 75.239 73.72 76.102 80.592 80.833 80.372 80.579 75.387 74.4 74.515 73.761 73.907 73.798 73.946 73.516 73.134 73.057 73.942 73.284 73.614 73.317 73.969 74.534 77.839 80.344 81.074 79.487 77.089 74.632
78.639 80.642 82.054 80.597 76.962 73.079 72.912 73.207 74.077 73.009 72.714 72.869 73.249 74.134 74.789 72.862 72.654 74.107 72.692 73.084 75.137 75.149 73.879 72.779 74.539 76.967 77.297 79.022 75.872 73.927 74.782 75.024 82.132 79.379 78.904 73.827 73.474 73.747 74.152 74.177 74.174 73.892 73.687 73.716 74.296 78.803 81.296 82.352 83.195 79.819 74.142 73.682 73.561 73.583 74.405 73.502 73.985 74.114 73.109 73.117 73.482 73.137 73.262 73.369 73.382 77.572 79.967 81.429 80.917 78.419 73.917
75.069 79.432 81.374 81.412 79.609 74.449 73.144 74.029 74.517 72.817 74.549 76.829 73.974 75.209 72.869 72.649 72.652 72.797 73.117 72.952 73.319 75.229 73.654 72.724 75.977 79.227 79.174 75.784 75.994 74.352 73.207 73.659 81.969 81.694 75.239 73.464 73.659 73.844 74.257 73.814 73.584 73.672 73.689 73.701 73.79 75.165 82.128 83.522 82.526 81.05 76.851 73.761 73.938 74.198 73.714 73.595 73.293 73.472 73.152 73.167 73.614 73.712 73.414 73.407 73.297 75.714 78.922 79.982 81.217 80.639 77.402
73.692 77.087 79.934 81.559 80.949 79.267 73.774 72.874 73.047 73.499 75.419 74.354 72.774 72.767 72.622 72.717 72.924 73.857 72.812 72.769 73.682 76.117 73.677 74.417 75.049 75.962 74.499 77.864 75.067 73.874 73.867 74.094 73.477 75.479 80.159 75.502 73.902 73.924 73.722 73.632 73.644 73.677 73.707 73.685 74.28 75.188 78.206 81.557 82.391 81.817 80.171 75.398 74.215 73.761 73.487 73.631 73.703 73.207 73.109 73.184 73.179 73.419 73.287 73.407 73.509 73.822 78.234 79.914 80.242 81.307 79.517
73.744 73.319 77.709 80.892 81.597 80.374 76.627 73.009 73.919 74.202 75.589 73.919 74.057 72.627 72.674 73.227 72.937 73.612 73.654 72.902 73.027 74.429 74.124 74.632 77.097 76.524 75.762 76.312 74.442 74.357 74.122 74.257 73.454 76.067 80.622 75.679 74.067 73.972 73.609 73.609 73.614 73.657 73.942 74.443 74.892 74.082 74.228 79.337 81.339 82.682 81.331 78.905 74.292 73.821 73.765 73.758 73.797 73.682 73.494 74.127 73.194 73.247 73.767 73.324 73.707 73.434 73.454 77.272 78.822 80.537 76.114
73.969 73.277 74.384 79.454 80.997 81.537 79.884 76.449 73.652 72.729 75.794 74.644 76.037 74.347 73.342 74.489 73.637 74.559 74.659 72.899 74.477 74.969 74.942 74.972 74.917 73.712 75.067 74.734 75.759 74.774 74.334 73.399 73.389 73.929 74.709 73.649 73.579 73.617 73.624 73.637 73.722 74.312 74.789 74.731 74.076 73.868 73.956 75.82 80.122 82.296 82.47 80.739 77.17 73.812 73.897 74.012 73.813 73.707 73.649 74.327 73.694 73.254 73.272 73.179 73.749 74.519 73.689 73.764 75.529 73.902 74.179
73.429 72.827 72.854 76.777 79.764 83.237 81.757 79.337 75.122 73.197 74.347 74.717 74.399 73.132 73.042 73.024 72.764 73.267 73.077 74.677 76.699 78.657 75.837 74.939 74.562 73.909 75.124 76.657 76.639 75.332 74.304 73.589 74.547 75.082 74.597 73.532 73.589 73.619 73.624 73.604 74.719 74.654 76.704 77.131 74.078 73.786 73.914 74.947 76.982 80.638 82.246 81.93 80.152 75.948 74.375 74.128 73.898 73.757 73.819 73.484 73.237 73.272 73.254 73.147 73.654 77.334 74.779 74.517 74.444 74.492 73.772
73.269 73.544 73.509 75.294 78.532 81.089 81.587 80.504 77.994 75.144 73.947 73.904 73.057 72.852 72.872 72.857 73.179 73.364 74.644 75.987 74.454 74.399 74.874 74.612 74.744 74.329 73.217 76.379 78.089 76.999 75.137 74.569 74.202 74.757 73.744 73.599 73.584 74.252 74.932 75.929 74.844 73.719 75.049 76.054 73.921 74.118 74.513 74.592 73.937 78.188 81.146 82.586 81.587 79.171 74.689 73.927 73.838 73.599 74.499 74.859 73.274 73.759 73.257 73.229 73.164 73.399 73.947 74.294 74.214 73.584 75.162
72.479 73.059 72.904 73.794 73.909 79.014 80.762 79.872 77.209 73.509 73.264 72.927 72.764 72.744 73.002 73.177 74.474 75.167 75.277 76.379 74.702 73.627 73.744 74.039 76.047 75.709 74.394 75.994 76.264 75.802 75.237 74.767 74.757 73.952 74.319 74.662 74.152 75.234 77.544 75.992 73.744 73.724 73.712 73.8 74.27 74.13 73.856 73.924 74.014 74.943 79.995 82.218 82.514 80.826 77.905 74.275 74.054 74.587 73.824 74.014 74.094 73.767 73.464 73.277 73.197 73.179 73.279 73.862 73.387 73.507 76.259
72.422 72.539 73.257 72.532 72.929 76.244 78.559 74.902 74.854 77.112 74.209 72.677 72.742 72.867 73.462 74.367 74.137 74.454 75.319 74.897 74.289 74.249 73.987 72.909 74.857 75.527 75.139 77.082 76.344 75.187 73.717 75.197 76.084 74.939 75.687 76.034 75.297 75.532 75.862 74.257 73.774 73.772 74.019 74.413 73.831 73.851 73.91 74.049 74.727 74.649 76.356 80.504 82.202 81.996 80.352 76.717 75.01 74.013 74.162 73.922 74.109 73.472 73.972 73.682 73.272 73.214 73.174 73.322 73.549 73.569 74.872
72.407 72.409 72.372 72.342 72.784 72.827 73.154 75.207 78.567 79.634 78.167 74.014 73.249 74.294 74.654 75.184 74.939 74.857 75.392 75.057 74.022 75.242 75.897 74.364 74.807 76.842 75.602 76.809 75.462 74.262 74.434 76.987 76.679 76.889 76.427 74.347 73.819 74.087 73.842 73.844 73.769 74.399 75.202 75.36 74.818 74.457 74.062 74.411 75.329 74.599 74.047 77.423 81.047 82.565 81.601 79.652 75.031 74.047 73.859 73.809 75.974 77.597 75.662 73.922 73.277 73.262 73.437 73.534 73.529 73.464 73.997
73.004 72.392 72.354 72.269 72.359 72.859 72.884 78.104 79.887 81.004 79.452 76.844 73.484 74.109 74.554 74.054 74.214 75.184 75.859 74.604 72.869 75.227 75.374 75.537 73.572 75.189 74.844 75.307 74.579 74.957 75.039 75.247 75.304 75.589 74.854 73.847 73.634 73.797 73.702 74.184 74.429 76.524 76.097 75.359 75.89 76.297 74.699 75.801 74.642 73.969 74.133 74.456 79.313 81.998 82.616 80.966 78.246 73.881 74.034 74.409 78.264 79.987 77.807 73.332 73.704 73.337 73.459 74.737 74.539 73.987 73.464
74.692 72.309 72.314 72.262 73.124 72.792 72.794 75.109 79.007 81.019 82.052 78.949 75.284 74.194 75.517 73.762 75.724 76.002 75.432 73.414 73.782 74.252 75.112 76.037 74.859 73.169 73.674 74.374 73.717 75.917 77.649 76.097 75.187 76.764 76.417 74.429 73.724 74.557 74.457 74.709 75.324 76.392 75.892 75.535 75.79 76.261 74.24 74 74.106 74.84 75.469 75.459 76.607 80.146 82.081 82.099 80.921 77.283 74.912 74.219 74.897 76.964 74.714 73.532 74.104 73.612 73.262 73.279 73.152 73.389 74.012
75.204 72.217 72.234 72.219 72.619 73.347 74.334 72.889 76.799 79.319 81.414 80.134 78.049 74.847 73.682 74.449 74.884 74.427 73.857 73.927 73.392 74.684 76.097 75.914 76.064 74.677 74.342 73.127 73.077 74.169 77.237 76.834 77.027 77.982 75.707 74.214 74.012 74.477 77.832 76.952 76.472 73.924 74.392 75.513 75.524 75.161 74.775 75.026 74.181 76.097 75.687 74.488 73.982 76.672 81.07 82.498 83.044 81.754 75.219 73.872 73.774 73.699 73.787 74.912 73.477 73.247 73.237 73.217 73.347 73.384 73.419
73.277 72.174 72.189 72.227 72.237 74.252 73.967 74.142 74.597 77.764 79.817 81.032 79.669 76.139 72.442 72.439 72.812 74.307 73.792 73.209 72.657 73.852 75.987 75.947 75.402 74.634 72.997 72.997 73.159 73.812 74.982 75.117 77.422 75.032 77.449 75.107 74.604 73.779 75.387 75.134 73.989 74.082 74.489 74.882 75.291 78.717 77.247 77.439 75.139 76.307 74.082 73.981 74.408 75.057 80.091 83.141 82.63 81.115 77.452 73.837 73.854 73.879 75.717 77.817 74.457 73.509 74.257 73.277 73.424 74.024 73.232
73.294 72.337 72.117 72.167 72.167 73.977 72.502 75.624 75.192 74.724 79.559 80.464 80.782 79.082 75.469 72.967 73.987 73.094 73.154 72.584 72.607 72.654 74.294 74.234 75.207 74.487 73.012 72.992 73.492 74.789 74.434 73.702 74.332 76.552 75.319 76.834 75.754 74.229 74.927 74.834 74.267 75.642 74.999 74.369 75.669 80.209 80.536 78.785 75.494 75.731 75.133 74.356 75.182 75.254 76.564 81.728 81.175 79.978 78.562 75.617 74.552 76.059 76.067 77.809 74.049 73.549 73.987 73.314 73.234 73.284 73.134
72.759 73.057 72.134 72.084 72.124 72.444 72.669 73.339 73.669 72.654 76.339 79.172 80.744 80.257 78.599 75.189 72.802 72.722 72.699 73.004 73.279 74.499 73.754 73.074 76.422 76.414 73.519 73.559 74.319 73.197 73.367 73.392 74.812 74.327 76.842 74.339 75.139 74.037 75.207 76.857 76.912 76.652 74.619 75.017 75.013 79.615 79.804 77.934 76.04 74.565 74.97 76.501 75.83 74.949 73.872 76.075 80.625 80.634 77.877 76.284 76.369 75.217 74.827 78.124 74.162 73.737 73.287 74.092 73.352 73.207 73.077
75.162 72.562 72.317 72.449 72.182 72.084 72.097 72.682 72.402 72.742 73.369 77.564 80.624 82.512 79.774 77.127 72.064 72.297 73.402 74.097 74.029 72.759 72.567 72.689 74.899 75.939 74.139 73.189 73.157 73.237 74.837 73.579 74.969 73.819 73.384 74.474 75.792 75.067 76.042 76.432 75.934 74.487 73.932 74.372 74.81 76.178 77.006 75.817 74.34 75.531 76.284 77.234 75.436 74.047 73.938 74.007 77.353 77.24 75.982 75.482 75.167 76.954 80.984 80.454 77.402 73.954 73.819 73.544 73.537 73.172 73.114
