LIDAR-DSM-2M-TQ28ne/tq2589_DSM_2M.asc
ncols 500
nrows 500
xllcorner    525000
yllcorner    189000
cellsize     2
NODATA_value -9999
[rows 0 to 31 of 500, columns 213 to 283 of 500]
92.961 93.104 89.546 87.119 86.869 86.989 98.359 95.896 95.576 101.814 101.534 93.496 86.959 86.926 86.906 86.911 87.004 88.001 90.789 90.624 89.424 92.119 87.816 87.709 87.524 87.351 87.311 87.324 87.326 87.371 87.386 87.444 87.474 87.459 87.471 87.504 87.554 87.589 87.551 87.571 87.556 87.576 87.584 87.616 87.666 87.719 87.794 87.869 87.904 87.909 87.909 87.946 88.111 88.486 88.994 89.196 89.129 89.336 92.206 96.711 97.571 97.419 95.774 91.111 89.071 88.861 89.346 91.724 92.526 92.584 92.576
88.744 88.721 87.289 86.899 86.816 87.706 92.554 101.054 99.459 101.396 95.359 93.194 87.644 86.916 87.261 86.874 86.986 87.139 90.694 93.311 94.046 96.179 94.436 87.736 87.549 87.344 87.314 87.291 87.344 87.379 87.389 87.426 87.434 87.451 87.489 87.491 87.516 87.521 87.521 87.516 87.511 87.541 87.569 87.609 87.636 87.691 87.761 87.844 87.879 87.891 87.866 87.886 87.911 88.024 88.351 88.806 89.199 89.141 89.179 91.586 95.131 96.784 90.439 88.846 88.871 88.874 88.844 89.069 91.771 92.554 92.586
87.144 86.996 86.759 86.771 87.444 87.676 92.516 97.889 98.116 99.266 99.849 98.486 93.721 86.929 86.851 86.854 86.956 87.266 90.061 93.834 98.314 99.606 97.264 88.719 87.436 87.319 87.294 87.316 87.319 87.336 87.361 87.386 87.434 87.451 87.471 87.486 87.494 87.494 87.494 87.499 87.499 87.511 87.549 87.596 87.621 87.674 87.771 87.821 87.846 87.866 87.851 87.859 87.889 87.876 87.949 88.221 88.731 89.131 89.106 89.141 90.039 91.966 89.191 88.849 88.861 88.834 88.901 89.171 92.481 92.554 92.571
87.039 86.724 86.709 86.711 87.149 87.634 87.234 87.901 89.421 93.344 93.929 95.561 91.716 87.439 86.821 86.856 86.936 87.076 89.264 95.571 99.311 98.634 96.336 87.546 87.359 87.274 87.279 87.294 87.309 87.341 87.356 87.404 87.434 87.431 87.444 87.474 87.489 87.474 87.481 87.494 87.504 87.506 87.549 87.579 87.586 87.664 87.714 87.781 87.821 87.809 87.836 87.851 87.854 87.869 87.854 87.904 88.066 88.461 88.841 89.109 89.269 89.414 90.351 89.809 88.816 88.781 89.319 91.449 92.514 92.581 92.599
86.746 86.694 86.691 86.951 86.754 87.496 87.454 87.149 87.459 88.164 93.119 95.856 88.986 89.204 86.831 87.491 87.206 88.861 87.371 92.546 97.261 97.014 90.859 87.364 87.281 87.249 87.254 87.281 87.306 87.336 87.376 87.376 87.399 87.416 87.421 87.454 87.459 87.431 87.459 87.471 87.464 87.514 87.554 87.584 87.579 87.619 87.671 87.719 87.749 87.756 87.774 87.831 87.859 87.849 87.829 87.856 87.849 87.949 88.299 89.594 89.509 91.824 93.506 91.244 88.781 88.741 90.704 92.456 92.546 92.591 92.609
86.664 86.676 86.651 86.751 86.896 86.794 86.964 87.084 87.009 87.021 91.446 96.936 93.299 92.219 90.606 93.101 94.081 95.294 91.591 88.934 91.381 90.744 87.894 87.269 87.206 87.209 87.216 87.264 87.291 87.326 87.331 87.356 87.371 87.376 87.389 87.406 87.406 87.394 87.424 87.429 87.464 87.491 87.544 87.561 87.584 87.631 87.654 87.674 87.724 87.741 87.761 87.801 87.824 87.809 87.799 87.811 87.794 87.804 87.901 88.469 90.921 93.069 92.834 90.144 89.501 90.371 92.091 92.506 92.576 92.586 92.626
86.601 86.611 86.606 86.709 87.096 86.761 87.094 90.131 87.639 86.976 91.019 96.349 99.629 96.869 93.949 97.444 99.306 98.566 93.691 89.339 87.256 87.116 87.136 87.129 87.164 87.199 87.226 87.274 87.269 87.274 87.304 87.319 87.331 87.349 87.371 87.361 87.344 87.349 87.389 87.416 87.424 87.506 87.526 87.554 87.559 87.599 87.636 87.651 87.724 87.739 87.729 87.739 87.724 87.724 87.719 87.716 87.721 87.741 87.819 88.989 91.306 91.464 93.806 90.316 89.519 92.301 92.496 92.536 92.619 92.594 92.704
86.551 86.584 86.534 86.531 87.271 86.944 88.519 90.616 88.619 86.974 90.281 96.141 98.251 91.744 93.716 98.309 100.856 98.066 94.719 91.034 86.924 86.961 86.984 87.021 87.096 87.164 87.186 87.221 87.239 87.269 87.264 87.266 87.304 87.304 87.326 87.321 87.319 87.319 87.364 87.391 87.416 87.476 87.524 87.551 87.559 87.589 87.609 87.649 87.656 87.661 87.651 87.649 87.601 87.584 87.921 89.366 88.299 87.641 87.794 87.931 89.781 90.359 93.344 88.996 90.139 92.289 92.529 92.529 92.561 92.586 92.621
86.516 86.494 86.494 86.494 86.581 86.964 89.891 89.359 87.571 87.929 88.556 92.984 91.121 91.349 90.786 95.614 99.141 97.104 91.301 90.161 86.814 86.844 86.919 86.954 86.999 87.071 87.146 87.174 87.209 87.226 87.239 87.249 87.264 87.281 87.281 87.286 87.319 87.306 87.326 87.359 87.409 87.429 87.489 87.481 87.529 87.561 87.576 87.591 87.619 87.544 87.526 87.559 88.096 88.799 93.151 93.746 89.499 88.766 87.746 87.866 88.089 90.556 89.331 88.661 88.734 90.009 91.759 92.539 92.534 92.554 93.276
86.434 86.449 86.439 86.451 86.479 86.561 87.346 89.404 87.651 86.886 86.744 90.184 88.361 87.781 89.834 91.239 93.889 93.704 88.349 88.306 86.771 86.786 86.826 86.881 86.941 86.991 87.066 87.106 87.144 87.186 87.189 87.216 87.226 87.249 87.244 87.254 87.266 87.249 87.271 87.304 87.386 87.419 87.431 87.461 87.486 87.501 87.516 87.541 87.596 89.379 88.696 91.291 92.196 93.244 94.526 94.261 93.879 91.529 89.656 91.624 89.891 88.254 90.249 94.266 89.931 88.881 89.039 91.296 92.516 92.464 91.284
86.379 86.386 86.381 86.399 86.446 86.641 86.716 86.969 87.324 87.081 88.336 89.191 86.986 87.146 87.686 89.204 93.406 95.776 92.941 89.949 86.759 86.734 86.784 86.839 86.891 86.939 86.959 87.021 87.101 87.151 87.176 87.174 87.186 87.186 87.204 87.209 87.191 87.171 87.226 87.251 87.341 87.379 87.401 87.419 87.431 87.466 87.466 87.674 91.429 95.369 95.624 94.454 96.359 96.764 95.299 94.544 92.939 94.114 95.171 96.779 93.991 92.634 92.684 93.991 94.194 93.876 88.634 89.269 91.099 91.191 88.886
86.309 86.319 86.331 86.344 86.356 86.629 86.559 86.664 86.709 86.774 86.999 87.274 87.609 87.316 89.204 96.546 99.779 98.211 94.909 93.684 87.454 86.771 86.761 86.806 86.886 86.971 86.914 86.984 87.016 87.074 87.136 87.151 87.129 87.136 87.151 87.141 87.144 87.151 87.171 87.209 87.269 87.314 87.341 87.369 87.416 87.449 87.726 88.421 91.379 95.736 95.979 94.001 99.364 95.794 93.414 92.099 91.371 93.784 95.266 95.636 93.899 94.936 91.276 94.139 94.796 95.649 92.524 91.999 90.306 89.024 88.831
86.264 86.256 86.279 86.279 86.311 86.401 86.489 86.469 86.946 87.174 87.276 87.306 87.661 87.144 93.211 104.004 105.864 102.509 100.391 99.581 94.499 89.466 86.806 86.794 86.891 86.969 86.929 86.914 86.956 86.991 87.044 87.066 87.111 87.131 87.086 87.091 87.111 87.121 87.626 87.144 87.471 88.061 91.099 88.426 87.374 87.429 88.594 90.289 92.836 94.771 92.376 94.976 97.806 93.791 90.866 93.606 88.826 96.066 93.744 94.331 94.919 96.529 94.439 97.064 94.251 93.384 94.191 95.814 91.749 89.834 88.836
86.214 86.216 86.239 86.246 86.256 86.279 86.471 86.286 86.919 87.121 87.246 87.121 87.521 87.861 93.259 100.921 109.169 108.289 102.036 106.114 98.314 94.359 87.609 86.806 86.811 86.834 86.989 86.874 86.911 86.946 86.979 87.019 87.056 87.099 87.064 87.079 87.079 87.116 88.549 90.389 90.679 89.499 91.899 90.981 88.319 87.476 89.534 91.731 91.651 91.861 94.246 94.571 98.424 96.251 91.471 89.889 88.329 89.839 90.331 92.634 93.886 91.079 98.734 96.131 97.466 96.861 96.804 96.719 91.069 89.274 90.049
86.151 86.171 86.179 86.176 86.224 86.236 86.259 86.259 86.376 86.921 88.089 90.241 88.324 90.681 96.204 104.349 106.839 107.564 101.529 105.641 102.694 92.176 87.539 86.796 86.781 86.776 86.799 86.824 86.876 86.891 86.931 86.981 87.024 87.044 87.036 87.054 87.311 88.511 89.341 91.571 91.761 89.216 89.756 89.576 90.756 89.034 88.424 95.444 94.691 93.526 96.496 99.891 98.874 96.774 93.391 91.151 89.879 92.441 89.229 92.569 92.329 92.546 96.334 97.434 98.706 100.354 97.359 96.109 92.316 91.971 92.374
86.124 86.116 86.134 86.129 86.199 86.231 86.246 86.231 86.096 86.524 87.439 91.256 90.641 90.334 91.076 105.196 101.106 100.264 103.346 99.144 95.991 88.666 86.856 88.094 87.759 87.399 87.204 86.789 87.306 86.836 86.884 86.931 87.001 87.184 87.801 87.791 89.009 89.389 88.814 89.801 89.739 89.114 88.871 92.761 90.889 91.399 87.481 88.471 90.111 90.799 95.044 99.614 97.036 95.426 92.011 89.749 91.411 92.531 90.309 97.111 91.931 90.321 97.209 101.781 99.119 97.871 95.069 94.834 95.184 95.964 92.634
86.036 86.046 86.091 86.306 86.304 86.336 86.244 86.206 86.004 86.566 92.781 92.599 93.786 91.844 94.639 102.521 100.326 99.811 98.064 95.399 89.161 88.486 86.879 87.856 89.779 89.596 89.406 87.229 88.151 86.806 87.326 87.231 87.634 87.611 88.429 91.844 89.529 89.281 88.721 88.434 89.174 89.954 88.994 92.554 93.654 92.951 87.449 90.961 94.111 98.271 99.296 95.359 95.289 92.119 92.374 95.891 90.179 94.121 89.409 93.474 93.969 89.181 99.821 102.514 96.529 98.154 97.306 97.864 93.609 93.734 92.024
86.009 86.034 86.041 86.086 86.124 86.396 86.339 85.951 86.811 87.796 90.216 91.699 93.381 89.726 87.714 94.256 94.571 91.589 89.694 88.521 86.964 86.809 86.826 87.706 96.806 92.601 92.109 89.639 88.264 87.514 89.149 88.566 89.336 88.469 91.024 91.266 89.536 89.319 89.146 89.496 89.346 90.866 88.204 89.654 92.884 93.486 89.911 87.506 88.769 98.106 90.869 92.044 92.631 89.996 95.116 93.464 88.669 89.511 88.971 92.236 90.986 88.889 94.369 96.344 94.989 94.831 92.271 94.261 91.526 90.349 91.054
85.966 86.404 86.771 86.501 86.091 86.211 86.246 85.879 85.879 88.046 91.789 90.929 93.041 89.381 87.104 87.329 88.239 87.156 87.126 87.336 86.776 86.786 86.799 88.076 100.464 102.946 95.341 93.841 90.271 89.026 89.676 91.469 90.881 89.519 90.811 87.856 88.991 88.844 90.001 90.866 91.704 92.569 91.204 93.299 95.689 93.659 93.769 96.316 97.281 94.134 88.264 87.769 88.891 88.716 93.484 90.356 88.744 89.649 91.419 91.041 91.839 92.629 96.339 96.396 94.809 91.519 91.529 89.694 92.919 96.076 92.621
85.961 86.456 87.114 86.709 86.199 86.076 85.886 85.854 85.904 87.984 90.956 90.841 92.369 87.049 87.086 86.926 89.431 87.116 87.621 88.534 87.004 86.769 86.831 87.916 95.604 97.886 96.759 98.354 92.916 89.769 91.224 88.554 90.864 90.394 93.819 87.359 88.186 89.171 91.411 91.699 91.979 91.776 91.984 92.486 93.511 90.801 89.761 104.119 98.861 98.724 89.189 87.989 88.479 89.249 89.366 90.164 88.451 88.381 88.181 88.116 89.654 88.471 89.676 93.279 92.114 93.454 92.789 93.246 94.959 91.844 92.409
85.881 85.921 85.951 86.206 85.954 85.864 85.866 85.891 85.904 88.501 87.854 89.129 86.789 91.199 86.661 88.209 94.039 91.726 88.766 90.544 88.699 87.909 87.634 94.616 106.734 104.759 102.454 97.961 92.769 89.919 90.404 92.094 90.616 91.381 97.119 93.046 96.289 89.529 89.939 89.081 89.134 93.656 93.174 88.829 88.699 88.991 96.604 107.171 105.454 101.091 92.704 87.829 88.141 90.254 88.941 88.786 88.399 88.159 88.026 88.306 88.776 89.419 90.034 89.434 91.676 92.879 90.741 93.379 91.339 91.801 87.926
85.839 85.879 86.074 86.234 85.946 85.869 85.881 85.879 85.889 85.914 85.899 90.499 89.594 91.641 90.039 88.664 89.709 92.534 91.714 94.264 88.089 95.026 90.319 87.266 108.004 104.779 103.829 97.479 92.909 88.176 88.904 90.661 87.371 92.644 99.609 98.871 101.174 92.886 95.466 87.544 89.709 91.989 91.241 88.641 87.636 92.779 102.154 110.324 108.806 102.239 91.681 87.809 87.981 88.261 88.004 88.326 88.311 87.981 88.629 89.511 88.879 90.186 89.651 88.321 87.964 88.924 90.009 89.126 87.709 87.686 87.709
85.861 86.156 86.104 85.939 85.879 85.866 85.866 85.891 85.869 85.884 85.899 86.494 88.836 87.969 87.454 88.014 88.441 94.289 92.834 91.831 93.331 91.146 93.979 90.756 95.499 90.166 97.389 93.124 88.904 87.806 87.409 87.196 87.029 91.044 98.749 103.006 99.196 99.599 92.639 87.531 92.111 90.579 92.201 87.946 87.546 93.221 102.146 108.144 107.066 98.401 91.424 87.974 88.034 88.044 88.811 89.614 87.891 88.976 88.861 90.314 89.456 88.881 88.126 87.874 87.774 87.729 87.744 87.741 87.734 90.329 87.714
86.194 86.051 85.871 86.046 86.169 85.889 85.899 85.854 85.876 85.856 85.901 86.281 87.919 85.924 86.751 88.379 89.354 87.746 92.509 87.874 90.576 89.441 90.264 90.149 89.196 88.656 91.681 90.739 88.649 88.119 87.671 87.404 87.699 88.904 95.941 100.361 100.346 100.319 92.644 87.529 87.494 87.489 87.359 87.291 87.346 89.856 98.586 104.991 105.244 96.579 88.756 87.876 87.874 87.879 89.929 88.706 88.289 89.426 89.104 90.711 91.096 91.316 88.239 87.716 87.726 88.859 88.614 88.081 88.799 93.549 92.681
87.694 86.279 85.974 86.261 86.359 86.019 85.876 85.871 85.864 85.896 85.896 85.921 86.061 85.934 85.926 86.546 87.514 86.766 86.861 87.211 87.279 86.879 88.076 89.111 91.271 90.716 90.221 88.321 87.489 87.701 87.836 88.234 88.579 88.629 92.031 98.321 101.059 99.031 90.939 89.011 87.101 87.066 87.076 87.166 87.219 87.594 93.549 99.024 98.169 93.264 87.729 87.686 87.729 87.776 87.964 88.401 88.104 88.296 89.969 90.944 91.231 93.861 91.379 89.714 87.851 93.339 94.979 90.076 93.921 93.826 93.611
87.484 86.681 87.204 86.799 85.944 85.856 85.874 85.859 85.846 85.891 85.884 85.916 85.906 85.891 85.906 85.951 86.001 86.584 87.654 86.794 90.396 88.884 89.194 86.876 89.586 94.304 91.924 90.334 88.871 87.186 87.741 91.196 89.631 90.276 89.254 93.916 98.411 94.729 89.519 87.106 87.996 89.036 88.349 87.261 87.236 87.291 89.064 92.311 89.689 87.889 87.579 87.679 87.719 87.606 87.781 87.899 88.946 89.336 90.274 89.861 90.789 93.361 91.904 94.266 93.089 96.576 97.384 96.579 95.404 94.134 94.311
85.799 86.426 86.729 86.704 85.871 85.849 85.861 85.869 85.869 85.866 85.881 85.911 85.899 85.921 85.931 85.951 85.956 86.034 86.449 91.341 94.256 95.151 91.106 87.814 92.854 96.386 93.084 95.369 90.686 89.991 87.844 93.979 89.886 88.556 87.831 89.279 91.511 88.954 88.526 87.486 91.849 93.329 90.549 88.004 90.736 89.164 87.706 87.774 87.909 87.451 87.494 87.534 87.566 87.934 88.271 88.466 89.951 90.206 88.559 89.954 87.806 89.616 88.789 95.891 97.211 97.659 98.461 97.611 96.659 94.416 95.439
85.851 85.846 85.829 85.854 85.829 85.851 85.856 85.849 85.886 85.874 85.859 85.879 85.899 85.921 85.929 85.919 85.969 86.716 87.204 92.684 99.021 98.904 91.149 89.671 93.699 95.356 94.181 95.501 94.454 93.771 91.339 91.854 88.184 89.366 89.584 91.534 94.061 91.619 90.964 90.636 91.989 91.736 94.526 95.309 91.426 87.946 87.964 88.001 87.524 88.386 89.786 89.299 90.391 90.856 88.236 88.406 91.074 89.246 89.354 89.809 89.174 88.356 96.216 97.471 98.201 98.449 98.439 97.516 96.139 90.114 92.474
85.794 85.789 85.814 85.821 85.849 85.851 85.864 85.821 85.879 85.879 85.876 85.874 85.906 85.899 85.899 85.926 85.964 89.491 87.551 89.741 96.994 95.511 91.349 89.086 93.129 92.439 92.054 93.104 97.939 95.151 89.131 88.446 87.789 90.206 89.269 88.914 93.339 91.926 90.521 93.136 93.776 94.874 97.639 99.274 95.371 89.789 87.424 87.509 87.404 88.566 92.761 93.694 94.934 95.861 88.136 89.384 89.406 88.816 88.716 88.919 87.776 92.391 96.706 97.726 98.709 98.566 97.481 96.064 92.401 88.189 88.404
85.924 85.816 85.819 85.801 85.821 85.821 85.854 85.839 85.879 85.884 85.899 85.891 85.884 85.894 85.906 85.926 85.951 87.631 89.201 88.934 93.901 94.686 91.334 95.521 91.636 89.659 93.749 95.879 96.416 95.949 89.904 87.869 87.481 92.106 92.344 91.811 90.809 90.571 92.444 90.554 93.964 97.421 97.881 99.711 95.474 90.669 89.096 87.324 87.511 88.389 94.211 94.089 95.974 96.164 89.359 89.029 88.971 90.866 88.111 87.394 87.421 93.604 97.094 98.216 98.629 97.696 96.594 93.311 88.049 87.754 87.734
86.089 85.821 85.819 85.786 85.821 85.816 85.844 85.831 85.846 85.871 85.864 85.881 85.881 85.884 85.884 85.924 85.934 85.959 85.986 86.279 87.166 89.209 94.819 95.219 89.241 90.381 94.956 95.524 94.626 94.954 87.594 87.776 89.691 86.914 92.456 89.801 91.349 94.509 95.479 90.884 92.741 97.541 96.669 95.011 90.369 89.899 89.509 87.296 87.686 89.049 94.249 95.621 98.399 99.091 93.101 88.954 89.781 87.984 88.356 87.289 92.599 96.639 97.989 98.646 98.079 96.771 93.661 88.631 87.686 87.724 87.719
85.776 85.789 85.814 85.809 85.816 85.804 85.864 85.829 85.869 85.851 85.861 85.874 85.884 85.916 85.894 85.914 85.916 85.921 86.029 87.064 86.146 91.699 97.519 93.954 90.191 88.184 91.471 95.841 93.816 93.859 87.586 88.854 90.654 88.729 90.419 88.739 90.339 88.229 93.186 91.214 89.211 94.394 90.584 88.876 87.286 92.491 90.931 87.931 87.741 87.989 90.191 97.024 100.124 99.026 89.534 90.089 90.621 88.316 87.154 89.166 96.129 97.409 98.721 98.056 97.499 94.836 89.759 87.666 87.591 87.581 87.624
