LIDAR-DSM-2M-TQ28ne/tq2587_DSM_2M.asc
ncols 500
nrows 500
xllcorner    525000
yllcorner    187000
cellsize     2
NODATA_value -9999
[rows 32 to 63 of 500, columns 72 to 143 of 500]
66.372 67.31 68.447 69.46 66.355 66.307 66.345 67.99 68.91 68.202 68.127 67.755 66.417 66.117 66.147 66.112 68.11 67.967 66.707 67.497 67.31 67.622 69.635 70.567 70.685 68.08 69.25 68.53 66.307 66.295 66.27 66.035 66.09 66.29 66.422 66.48 66.555 66.59 66.747 66.78 66.787 66.81 66.79 66.727 66.735 66.767 66.782 66.755 66.825 66.795 66.86 66.76 66.745 66.755 66.892 67.31 69 71.397 72.085 69.225 67.285 67.185 67.765 67.345 67.415 67.52 67.632 67.682 67.735 67.8 67.87 67.89
66.64 68.432 66.66 66.467 66.447 66.407 66.427 67.927 68.537 68.98 69.157 69.165 68.597 68.367 67.65 68.13 67.925 70.027 71.4 68.415 66.342 66.387 70.442 69.947 67.972 67.125 72.155 69.082 66.047 66.222 66.035 66.08 66.495 66.387 66.512 66.525 66.685 67.135 67.455 66.712 66.787 66.845 66.905 66.862 66.802 66.822 66.9 66.837 66.782 66.82 66.91 66.797 66.822 66.817 66.822 67.445 69.06 70.872 70.932 68.072 68.817 68.142 68.382 68.57 67.892 67.495 67.595 67.677 67.767 67.837 67.897 67.947
66.717 66.787 67.357 66.64 66.517 67.072 67.652 66.412 66.9 66.632 67.597 68.615 68.467 69.455 70.307 69.605 69.405 72.47 67.402 66.3 68.597 67.562 68.895 72.157 69.227 68.23 69.48 70.38 66.227 66.062 66.135 66.27 66.36 66.51 66.625 66.747 66.585 67.25 67.197 66.83 66.78 66.75 66.86 66.915 66.93 66.925 67 66.897 66.91 67.075 67.63 66.992 66.882 66.812 66.837 67.035 71.76 72.32 72.12 70.51 69.142 68.5 67.267 67.72 67.847 68.987 69.497 67.812 68.375 67.82 67.922 67.977
67.102 66.705 67.28 68.292 69.765 72.065 72.335 66.987 66.445 66.42 66.955 66.74 69.51 71.842 73.267 71.64 73.642 70.545 69.535 69.572 67.51 71.407 68.72 68.645 69.277 66.882 68.727 69.48 67.237 66.515 66.265 66.362 66.662 66.982 66.61 67.14 67.135 66.837 66.645 66.792 67.082 66.815 66.895 66.937 66.95 66.975 67.032 66.992 66.997 67.372 67.292 67.845 67.725 68.807 68.127 66.92 67.767 68.592 71.645 70.065 71.165 68.992 67.48 69.367 71.777 71.77 69.155 70.727 70.407 67.942 68.775 67.97
66.777 68.852 71.28 74.237 74.12 74.535 74.577 69.332 66.547 66.712 68.475 69.672 71.717 73.48 71.757 72.027 70.337 68.942 69.197 70.727 72.002 70.325 67.862 66.595 66.765 66.617 67.182 67.745 69.372 67.152 66.447 66.43 67.02 67.07 66.685 66.692 66.897 66.507 66.707 66.567 67.125 67.325 67.512 67.64 67.392 67.015 67.032 67.105 67.1 67.102 67.455 67.435 68.107 70.182 70.085 67.13 67.06 68.772 68.435 67.51 67.425 67.987 67.977 68.91 71.015 70.287 69.19 68.567 70.495 70.495 69.9 67.947
67.212 72.32 74.282 74.597 74.82 74.862 73.565 71.425 66.532 66.585 69.677 70.402 71.53 71.485 71.182 72.512 69.7 72.787 68.937 72.557 71.432 72.915 69.45 67.645 66.287 67.482 67.947 68.425 68.19 67.575 66.582 66.402 66.437 66.587 66.75 66.542 66.825 66.605 66.38 66.402 66.57 66.877 67.247 67.57 67.285 67.54 67.015 67.607 67.117 67.165 67.2 67.195 67.822 68.98 68.152 67.092 67.097 68.23 69.09 69.88 68.69 68.24 67.625 67.907 68.815 69.785 72.642 70.232 70.207 68.772 68.48 67.97
70.845 70.415 74.597 74.392 74.257 72.48 69.837 67.65 66.56 66.58 67.667 68.237 70.475 72.445 71.085 71.035 67.942 70.09 71.95 73.04 74.35 72.127 71.375 69.66 67.452 66.762 66.4 66.765 68.54 69.457 70.002 67.295 69.245 66.547 67.097 66.627 70.03 72.795 68.76 66.402 66.475 66.545 66.905 67.07 67.067 66.885 66.932 68.102 67.747 67.57 67.197 67.275 67.267 67.285 67.297 67.255 67.217 67.775 69.265 68.065 68.007 67.965 67.935 68.095 70.177 71.285 71.592 70.92 69.192 68.555 68.3 68.16
70.487 68.507 71.537 71.35 71.88 69.722 67.88 66.772 67.567 68.325 69.045 69.022 66.575 67.105 69.597 70.21 66.957 69.995 71.7 71.36 70.88 70.752 70.765 66.37 66.33 66.807 67.112 66.66 68.14 72.92 72.955 73.335 70.125 66.495 66.895 67.227 70.742 73.425 69.67 68.935 67.107 66.53 66.58 66.57 66.642 66.757 67.057 68.885 67.965 67.692 67.232 67.982 67.285 67.327 67.382 67.417 67.422 67.437 67.772 68.767 67.942 67.772 68.077 68.412 67.872 70.627 69.982 68.135 68.13 68.532 69.285 68.452
73.212 69.09 69.252 69.47 68.03 66.545 66.532 66.96 67.2 68.755 69.292 69.202 66.972 66.805 66.475 67.93 66.395 66.672 69.167 71.4 71.282 70.195 68.53 66.33 66.345 67.132 66.255 66.635 67.65 69.545 74.86 70.502 71.062 70.547 69.652 66.58 67.517 72.055 70.087 69.36 66.58 66.6 66.635 66.65 66.722 66.782 67.67 68.692 66.932 67.432 67.425 68.402 67.307 67.452 67.4 67.465 67.535 67.575 67.612 67.61 68.095 68.35 67.957 68.025 68.125 67.95 67.962 68.327 68.087 68.332 68.727 68.332
73.75 69.917 69.122 67.425 66.507 66.422 66.475 66.977 67.23 68.852 69.917 68.655 67.205 66.602 66.915 66.457 66.437 66.397 66.697 68.3 66.945 69.145 68.57 66.695 66.797 72.077 68.452 68.277 69.59 70.99 72.822 70.465 71.142 70.872 70.567 69.29 70.177 75.167 71.435 70.02 66.917 66.64 66.672 68.282 66.822 66.84 66.875 66.865 66.882 66.93 67.025 67.33 67.332 67.315 67.335 67.51 68.26 67.575 67.682 67.727 67.76 67.76 67.785 67.782 68.002 68.51 68.112 68.377 71.46 74.872 75.895 68.322
71.915 69.727 69.052 67.232 66.522 66.55 66.455 67.157 68.045 69.46 71.375 67.825 66.505 66.53 66.582 66.472 66.407 66.402 66.43 66.655 67.255 68.707 67.425 68.547 69.635 72.612 70.612 68.227 67.492 66.417 66.26 67.407 68.055 68.937 70.405 69.752 72.987 74.482 74.012 75.772 68.495 70.215 66.625 72.472 69.135 71.735 69.165 66.915 66.98 67.025 67.052 67.012 67.072 67.235 67.215 67.532 68.397 68.622 68.252 67.742 67.81 67.867 67.937 67.952 67.95 67.982 68.01 69.08 71.68 72.395 71.54 72.662
69.132 67.737 68.85 68.187 67.95 67.882 66.615 68.297 68.875 67.452 69.955 67.582 66.53 67.262 66.947 66.485 66.45 66.48 66.417 66.477 66.697 66.995 66.752 71.555 73.02 69.815 69.45 67.61 66.872 66.09 66.047 66.125 66.15 66.202 67.715 67.242 69.272 71.65 73.892 69.565 70.742 74.242 70.015 69.052 66.677 73.01 69.88 68.9 67.007 67.095 67.117 67.162 67.142 67.172 67.2 67.312 68.22 68.61 68.365 67.8 67.71 67.855 67.96 68.035 68.075 68.13 68.14 68.142 68.602 70.467 68.77 73.467
67.022 66.777 67.902 68.95 69.627 69.812 68.967 67.505 66.855 66.367 70.052 69.442 67.065 66.665 66.78 66.66 67.435 68.025 66.532 66.787 67.597 71.21 69.637 68.877 68.405 68.8 69.79 69.5 67.252 66.04 66.31 66.105 66.125 66.175 66.185 66.247 67.46 69.392 69.51 70.085 71.55 70.457 70.202 72.887 69.457 71.1 71.01 67.125 67.417 67.12 67.14 67.795 67.242 67.25 67.352 67.385 67.442 67.485 67.585 67.637 67.717 67.805 68.002 67.957 68.265 68.112 68.76 68.275 68.282 68.282 68.327 68.975
66.85 66.635 67.272 69.797 70.1 69.977 68.947 66.947 66.42 66.595 69.975 70.25 68.212 66.84 67.037 66.537 66.902 67.177 66.962 70.572 74.365 71.98 68.275 67.237 67.325 69.33 69.84 69.235 67.117 66.032 66.297 66.047 66.095 66.175 66.187 66.182 66.317 66.412 69.935 69.575 69.487 70.527 73.345 73.732 70.722 72.212 71.785 77.232 68.052 67.072 68.902 69.98 67.625 67.342 67.42 67.477 67.61 67.737 67.7 67.82 67.797 67.86 67.882 69.627 70.347 70.332 69.91 70.377 68.85 68.347 71.172 69.925
67.19 66.612 66.72 68.077 68.547 67.14 66.545 66.425 66.427 66.425 68.84 70.02 68.31 66.707 67.097 66.695 68.23 67.952 73.567 74.287 71.12 68.622 65.98 65.905 66.472 68.337 70.41 70.162 67.167 66.582 66.237 66.38 66.07 66.142 66.547 66.512 66.307 66.43 66.465 67.442 68.267 68.922 70.892 70.14 70.265 69.935 69.302 70.497 70.74 75.862 75.955 72.13 69.85 71.437 67.575 67.64 67.69 67.79 67.797 67.967 67.93 67.995 68.042 68.91 69.122 69.022 68.712 69.82 69.927 68.725 73.267 71.402
67.745 67.195 66.577 67.662 69.205 68.137 66.432 66.397 66.41 66.427 66.905 69.545 69.077 67.54 69.355 69.69 72.992 72.47 71.477 68.155 66.735 65.907 65.917 65.89 65.93 66.965 69.555 70.722 67.387 68.557 66.83 66.96 66.08 66.11 66.167 66.195 66.285 66.332 66.562 68.102 66.877 66.912 67.582 68.635 67.992 67.8 67.245 68.647 70.925 72.097 74.992 73.415 74.475 72.105 69.5 67.75 67.87 67.947 67.957 67.955 68.005 68.085 68.142 68.172 68.345 69.277 71.207 70.617 71.292 72.422 71.242 71.267
66.787 66.827 66.59 66.517 67.77 67.797 66.425 66.42 66.377 66.397 66.502 68.297 69.817 71.115 72.92 70.662 69.637 67 67.687 67.117 65.99 65.895 65.89 65.922 65.957 67.365 69.665 69.052 68.177 66.087 70.245 66.545 66.115 66.14 66.187 66.245 66.675 67.702 67.985 67.167 66.657 66.707 66.887 68.31 67.31 67.045 67.477 68.107 67.72 68.362 69.442 73.707 74.332 75.007 71.63 68.005 68.747 68.14 67.97 68.042 68.112 68.337 69.262 68.712 68.297 71.617 74.615 74.402 74.842 75.295 71.05 73.212
66.867 66.575 66.56 67.012 68.715 67.897 66.747 67.775 66.597 67.19 68.407 69.177 71.617 69.232 68.525 67.022 66 65.965 66.787 67.64 65.995 65.967 65.902 65.93 66.252 66.57 71.675 72.36 71.752 71.477 71.86 68.942 66.175 66.205 67.17 66.655 66.455 68.067 68.002 66.685 66.69 66.777 67.747 67.462 67.012 67.055 67.125 68.635 67.592 67.635 68.415 69.027 71.697 72.087 69.395 70.505 72.252 69.232 68.045 67.965 68.09 71.507 74.642 72.6 70.172 73.725 78.065 78.467 75.16 76.3 71.657 70.107
66.72 67.142 66.712 66.995 67.71 69.182 69.585 68.667 69.267 68.37 68.885 70.807 71.225 69.652 67.29 68.335 65.915 65.88 66.107 69.145 66.725 65.897 65.895 65.927 66.047 67.155 70.035 74.122 72.815 73.08 70.22 66.45 66.24 66.237 66.465 67.312 68.425 70.872 69.52 67.227 66.71 66.812 68.73 67.272 67.03 67.077 67.842 68.232 67.492 67.74 68.28 69.497 68.475 68.285 68.785 69.952 72.537 71.277 70.247 69.217 68.435 70.387 75.302 73.377 72.795 78.095 75.547 77.07 77.097 77.762 75.467 71.42
67.485 67.692 67.49 68.732 69.325 70.767 72.767 68.51 67.535 66.655 70.422 70.16 67.045 66.685 67.462 68.867 66.587 66.142 65.982 67.047 67.105 66.317 65.885 65.902 66.097 69.037 69.975 73.005 72.7 73.127 69.735 66.25 66.252 66.665 66.355 66.462 66.667 68.342 67.865 66.965 66.785 67.042 68.375 67.06 67.05 67.092 68.767 68.027 67.515 67.715 68.015 68.905 68.11 68.107 69.625 70.287 72.012 71.772 70.81 70.257 70.092 70.107 72.847 71.24 74.282 77.147 77.18 76.792 76.18 78.25 74.887 75.017
68.47 67.952 67.657 72.18 72.127 67.732 70.112 67.797 66.207 66.175 70.385 68.027 66.037 66 66.375 67.917 66.157 66.815 65.99 66.7 67.07 66.065 66.037 66.232 66.352 67.637 69.085 70.295 72.815 73.425 69.752 66.367 66.405 69.55 66.79 66.53 67.595 68.112 67.39 66.812 66.885 68.025 67.955 67.115 67.117 67.25 69.38 68.047 67.525 67.712 68.635 68.805 68.227 68.617 68.75 71.687 70.992 71.305 71.04 70.797 70.745 69.05 70.165 70.065 72.14 74.815 73.55 75.417 71.825 76.245 75.587 73.925
69.005 67.212 66.715 69.73 69.952 66.965 67.485 66.835 66.16 66.125 67.577 66.76 65.997 65.975 65.972 67.027 65.942 65.95 65.967 66.472 67.362 66.42 66.547 67.342 66.555 66.485 66.282 71.982 71.332 70.852 69.12 66.432 66.482 67.162 66.707 67.832 68.3 67.44 67.465 66.872 67.412 69.645 68.057 67.18 67.19 69.997 70.755 67.777 67.955 68.427 69.49 67.96 68.015 68.76 69.837 72.08 70.625 71.085 70.45 70.435 71.4 69.08 69.982 69.932 69.502 72.925 73.67 72.537 74.272 73.94 74.91 77.19
68.062 67.092 66.685 66.91 67.082 66.13 66.317 66.745 66.127 66.135 66.942 67.4 66.02 65.982 65.982 66.262 65.935 65.885 66.317 66.352 67 66.66 67.072 68.025 68.542 68.377 67.232 69.417 70.375 70.082 68.507 66.885 66.902 67.027 67.002 67.31 67.612 67.662 68.17 67.852 68.5 69.555 67.617 67.207 67.635 71.03 70.8 67.602 68.097 67.892 68.2 67.987 67.97 68.61 70.202 68.93 70.862 71.065 69.905 69.422 68.947 68.65 69.742 69.635 69.525 71.392 73.797 73.3 75.707 72.857 74.807 75.145
68.24 66.217 66.365 66.515 66.155 66.14 66.167 66.972 66.13 66.12 66.125 67.47 66.69 66.015 66.065 66.357 66.562 66.285 66.385 66.337 72.135 70.482 69.842 70.427 69.812 70.892 69.215 68.827 69.567 67.335 69.245 69 66.985 67.295 67.062 67.647 67.567 69.867 69.195 67.772 69.98 68.567 67.942 67.812 69.155 72.092 70.555 67.615 67.86 70.277 72.08 73.087 68.587 68.917 69.975 69.172 68.775 70.63 70.895 69.84 68.597 68.577 70.622 70.007 69.447 70.712 72.4 73.222 70.8 70.685 70.645 73.347
66.597 66.152 66.305 66.427 66.142 66.137 66.122 66.882 66.44 66.117 66.147 68.06 67.702 66.247 66.34 66.485 67.35 66.652 67.27 69.135 68.835 69.192 72.71 71.487 72.41 74.297 69.667 68.58 67.642 68.79 73.982 72.477 70.31 71.46 70.342 67.41 68.502 70.232 69.052 67.822 69.365 68.03 68.062 68.492 72.64 74.205 69.79 67.945 68.267 70.522 75.357 76.452 69.457 68.682 69.47 68.917 68.372 68.547 74.662 71.115 68.62 68.862 70.207 69.365 69.375 69.462 70.392 70.685 69.312 69.375 70.625 71.812
66.155 66.147 66.372 66.842 66.182 66.167 66.137 66.33 66.862 66.125 66.202 67.312 67.772 66.865 66.442 66.447 67.212 67.057 69.655 70.625 68.97 69.685 72.712 72.865 73.997 74.595 74.797 73.847 74.397 75.045 75.09 74.482 73.46 73.002 70.53 67.457 70.995 72.272 70.8 68.307 69.812 70.317 69.475 68.77 71.552 75.76 70.62 68.74 69.89 69.49 72.325 72.115 68.21 70.47 69.062 68.645 70.237 73.072 76.355 75.2 68.637 69.982 70.662 68.997 69.015 69.182 71.375 69.342 69.28 69.667 70.045 72.01
66.09 66.122 66.155 66.252 66.157 66.185 66.452 66.305 66.982 66.507 67.865 69.882 67.005 68.687 67.72 68.547 69.422 72.865 73.49 75.195 72.922 70.017 72.277 73.567 75.567 76.08 76.285 76.295 76.652 76.335 76.37 75.925 74.012 72.815 71.947 68.215 74.35 76.12 74.777 73.405 73.597 72.232 71.075 70.337 68.022 70.68 68.27 68.095 70.082 68.877 68.48 68.737 70.175 70.697 69.225 68.937 70.5 74.842 75.54 72.96 68.665 70.035 69.167 69.1 69.105 69.2 69.945 69.27 69.295 69.327 71.29 69.895
66.977 66.107 66.092 66.432 67.035 68.857 69.245 67.535 67.917 67.815 72.222 72.182 67.922 69.43 72.405 73.832 74.625 74.562 75.345 75.342 74.487 68.177 72.085 73.117 75.527 75.89 76.085 75.847 76.102 75.832 75.73 75.57 74.035 73.185 70.687 69.932 75.412 75.71 76.227 76.207 76.122 75.947 74.91 70.45 70.03 73.725 71.64 69.042 69.755 68.297 68.342 72.077 73.462 70.392 68.925 69.162 69.582 72.48 71.595 70.062 69.417 69.23 69.717 69.102 69.137 69.302 69.72 69.265 69.31 69.572 70.25 69.662
71.157 67.967 66.097 66.53 67.887 70.655 72.27 69.32 67.57 70.282 73.182 73.715 70.415 69.37 75.072 75.17 75.197 75.53 75.327 75.342 74.962 69.162 67.865 69.86 74.892 74.37 74.12 73.08 72.157 73.172 72.39 75.05 73.672 69.875 68.262 72.185 74.045 74.835 75.905 75.415 75.96 76.11 75.685 69.867 75.217 74.725 71.68 70.872 69.64 69.98 70.812 71.132 73.597 72.475 70.147 69.157 69.87 70.837 68.822 68.777 69.452 70.295 69.412 69.07 69.137 70.295 69.945 69.322 69.35 70.23 70.237 69.72
69.22 68.337 71.302 70.867 67.02 70.325 73.337 70.722 72.217 73.475 74.96 74.972 73.33 67.07 74.985 75.13 75.007 73.985 75.2 74.035 72.58 69.117 68.405 70.162 74.772 74.06 68.437 67.962 67.98 67.482 68.735 74.57 72.062 67.152 67.725 72.202 73.755 74.96 74.882 74.617 74.897 75.177 75.04 69.74 77.07 77.09 75.76 73.205 70.292 73.712 75.017 71.085 71.905 71.855 71.307 69.875 70.797 69.905 68.9 69.075 70.732 69.97 69.717 69.132 69.76 70.902 69.34 69.352 69.417 70.707 69.827 69.77
67.447 67.59 72.27 72.48 68.722 71.297 74.777 74.79 74.762 74.62 75.12 75.34 75.462 69.07 72.385 73.37 74.265 73.84 73.647 73.955 72.232 68.992 68.892 69.39 71.267 71.557 67.1 67.682 68.262 67.415 67.152 70.49 70.215 68.63 67.802 69.832 74.245 74.972 74.37 74.67 74.485 74.192 71.272 74.37 77.535 77.222 77.007 75.567 74.557 75.007 74.202 69.857 71.697 72.11 71.872 70.995 71.215 69.44 68.945 69.145 70.442 69.18 69.285 69.167 70.147 70.615 69.522 69.447 69.825 70.515 69.772 69.79
70.245 70.977 72.525 73.092 72.332 69.08 74.92 75.207 75.492 75.747 75.447 74.98 74.532 69.955 69.725 72.342 73.742 73.752 73.2 73.875 70.365 67.087 68.78 67.555 67.025 66.922 67.087 67.467 68.587 67.215 68.222 69.595 69.712 69.79 69.007 67.73 71.722 72.487 73.507 74.807 74.035 72.592 70.85 76.025 77.09 77.562 77.872 77.67 76.887 76.335 75.712 69.695 75.657 76.085 74.687 71.927 71.027 68.972 70.132 69.825 70.135 69.462 69.407 69.265 69.64 69.687 69.625 69.597 70.212 70.52 69.832 69.817
