LIDAR-DSM-2M-TQ28ne/tq2587_DSM_2M.asc
ncols 500
nrows 500
xllcorner    525000
yllcorner    187000
cellsize     2
NODATA_value -9999
[rows 224 to 255 of 500, columns 216 to 287 of 500]
72.657 72.704 72.744 72.814 72.874 72.819 72.854 72.907 72.917 72.932 72.979 72.947 73.097 73.264 73.227 73.237 73.234 73.274 73.372 73.347 73.314 73.332 73.324 73.312 73.342 73.289 73.387 73.307 74.999 76.164 75.559 73.634 73.762 73.807 73.962 75.377 75.997 74.227 74.362 74.437 74.417 74.409 74.434 74.439 74.459 74.464 74.462 74.459 74.459 74.467 74.467 74.479 74.474 74.499 74.514 74.779 77.829 80.439 80.227 81.644 82.634 80.814 81.637 81.274 82.342 77.689 77.824 76.142 76.529 77.374 76.662 75.182
72.694 72.657 72.724 72.794 72.857 72.874 72.894 72.864 72.902 72.937 72.957 72.947 72.984 73.109 73.242 73.239 73.277 73.222 73.354 73.324 73.317 73.334 73.324 73.342 73.354 73.274 73.309 73.299 73.329 74.874 76.174 74.764 73.659 73.797 75.184 78.397 77.274 74.912 74.362 74.429 74.409 74.442 74.424 74.439 74.459 74.479 74.492 74.484 74.474 74.484 74.484 74.504 74.514 74.534 74.514 74.477 75.357 80.007 77.664 79.202 80.134 83.734 85.002 83.659 80.027 83.004 79.459 76.524 76.499 79.352 77.839 76.869
72.782 72.714 72.709 72.719 72.837 72.847 72.862 72.942 72.932 72.952 72.977 72.982 73.047 73.052 73.179 73.242 73.237 73.222 73.274 73.322 73.279 73.299 73.327 73.314 73.292 73.292 73.382 73.289 73.329 73.392 74.717 73.469 73.639 73.822 75.089 78.324 76.784 74.252 74.304 74.362 74.444 74.464 74.452 74.469 74.459 74.487 74.479 74.502 74.497 74.519 74.509 74.509 74.532 74.539 74.562 74.529 74.429 75.562 76.774 77.674 80.922 78.242 81.137 83.304 84.929 82.192 80.632 77.082 76.569 78.197 77.447 77.444
72.729 72.687 72.724 72.717 72.764 72.782 72.864 72.892 72.929 72.969 72.957 72.969 73.019 73.089 73.044 73.104 73.212 73.187 73.179 73.274 73.329 73.304 73.322 73.289 73.324 73.254 73.267 73.277 73.379 73.409 73.342 73.397 73.912 73.769 74.162 78.894 75.879 74.934 74.324 74.319 74.459 74.462 74.484 74.492 74.492 74.514 74.519 74.524 74.504 74.519 74.527 74.537 74.542 74.564 74.649 74.592 74.514 74.532 74.784 78.437 78.629 77.697 79.804 84.102 85.852 83.179 81.407 79.689 78.644 77.827 78.072 76.387
72.807 72.752 72.712 72.747 72.784 72.809 72.807 72.862 72.942 72.974 72.997 72.959 73.049 73.034 73.164 73.114 73.239 73.264 73.224 73.302 73.332 73.349 73.337 73.299 73.342 73.267 73.424 73.607 73.414 74.509 73.384 74.334 75.822 73.677 73.807 73.854 73.992 74.142 74.537 74.504 74.559 74.502 74.497 74.507 74.532 74.534 74.532 74.524 74.552 74.547 74.537 74.569 74.597 74.632 74.587 74.594 74.577 74.507 74.742 74.952 79.709 75.552 78.684 80.202 79.262 83.214 81.724 79.194 79.549 81.029 80.182 76.742
75.202 74.389 72.764 72.752 72.777 72.757 72.812 72.852 72.842 72.929 73.029 72.999 73.089 73.057 73.097 73.087 73.132 73.254 73.244 73.262 73.264 73.299 73.307 73.327 73.332 73.434 73.837 73.639 84.462 82.114 82.102 80.429 75.627 74.064 73.784 73.897 73.974 74.054 74.807 74.642 74.407 74.504 74.519 74.547 74.529 74.539 74.552 74.522 74.574 74.567 74.562 74.592 74.579 74.587 74.607 74.617 74.637 74.522 74.677 74.907 75.019 75.102 78.619 78.632 83.297 77.869 78.557 79.439 80.632 83.849 83.077 79.282
79.729 79.372 73.449 72.684 72.777 72.822 72.919 72.914 72.882 72.924 72.962 73.032 73.057 73.064 73.054 73.172 73.134 73.252 73.299 73.267 73.267 73.314 73.299 73.304 73.272 73.332 74.074 73.794 90.177 105.624 92.387 76.434 73.384 73.544 73.784 73.924 74.609 77.897 75.294 74.247 74.499 74.559 74.529 74.549 74.559 74.579 74.584 74.597 74.574 74.587 74.584 74.619 74.617 74.612 74.597 74.634 74.659 74.584 74.614 74.854 75.009 75.127 75.252 78.912 76.667 76.957 79.737 78.512 80.482 81.099 81.497 79.677
80.827 78.259 72.667 72.624 72.679 72.772 72.852 72.894 72.889 72.887 72.987 72.962 73.009 73.092 73.062 73.092 73.209 73.169 73.277 73.297 73.249 73.352 73.339 73.322 73.364 73.342 73.992 74.142 79.072 88.227 80.374 73.647 74.909 74.332 73.822 73.959 74.062 75.249 77.642 74.247 74.372 74.579 74.562 74.584 74.577 74.579 74.577 74.582 74.604 74.594 74.599 74.627 74.644 74.644 74.622 74.652 74.667 74.689 74.554 74.787 74.977 75.129 75.222 75.309 75.394 77.029 81.617 81.099 79.909 78.614 78.612 79.004
81.942 75.612 72.622 72.617 72.657 72.677 72.714 72.769 72.922 72.917 72.997 72.972 73.019 73.077 73.144 73.129 73.132 73.267 73.212 73.247 73.257 73.304 73.337 73.359 73.332 73.337 73.889 74.342 73.939 73.389 75.167 76.457 76.529 75.699 73.747 74.014 74.087 74.107 75.307 77.564 75.967 76.717 74.624 74.584 74.584 74.607 74.612 74.614 74.632 74.624 74.634 74.627 74.639 74.657 74.662 74.664 74.679 74.692 74.539 74.724 74.952 75.094 75.192 75.312 75.354 75.439 75.472 75.632 76.792 77.352 77.217 79.254
83.259 72.749 72.584 72.617 72.627 72.667 72.732 72.762 72.774 72.899 72.952 72.939 73.052 73.057 73.082 73.187 73.162 73.247 73.239 73.254 73.254 73.252 73.319 73.329 73.299 73.307 73.867 74.344 74.309 74.742 76.554 76.519 76.262 74.137 73.634 74.027 74.109 74.134 74.192 77.289 75.799 74.442 74.634 74.614 74.642 74.622 74.622 74.637 74.629 74.657 74.652 74.679 74.664 74.674 74.672 74.702 74.714 74.712 74.644 74.614 74.907 75.077 75.184 75.264 75.324 75.397 75.477 75.517 75.564 76.212 77.172 78.892
82.759 72.697 72.579 72.622 72.649 72.597 72.662 72.679 72.729 72.784 72.859 73.027 73.069 73.094 73.119 73.152 73.199 73.159 73.262 73.222 73.267 73.262 73.344 73.324 73.339 73.332 73.537 74.154 74.424 73.837 75.579 74.569 73.542 73.827 74.224 74.357 74.199 74.204 74.207 76.559 76.672 74.947 74.527 74.679 74.679 74.644 74.667 74.662 74.682 74.699 74.682 74.697 74.694 74.714 74.714 74.722 74.729 74.744 74.752 74.654 74.912 75.064 75.162 75.242 75.254 75.317 75.449 75.509 75.544 76.802 79.289 78.507
78.764 72.672 72.659 72.657 72.692 72.702 72.687 72.682 72.697 72.749 72.779 72.874 73.044 73.139 73.124 73.142 73.174 73.139 73.214 73.294 73.304 73.287 73.264 73.312 73.299 73.264 73.354 73.772 74.449 74.422 73.739 73.997 74.319 74.474 74.514 74.444 74.299 74.269 74.299 75.979 76.289 74.357 74.609 74.664 74.687 74.667 74.649 74.674 74.677 74.717 74.699 74.704 74.724 74.724 74.732 74.739 74.762 74.809 74.864 74.859 74.909 75.024 75.112 75.172 75.227 75.292 75.354 75.457 75.497 76.842 77.934 76.422
75.779 72.622 72.602 72.682 72.694 72.707 72.667 72.737 72.704 72.724 72.742 72.802 72.884 73.029 73.159 73.174 73.152 73.154 73.257 73.342 73.272 73.289 73.282 73.242 73.284 73.292 73.344 73.439 74.284 74.737 74.584 74.509 74.474 74.934 75.692 75.902 74.389 74.349 74.334 74.359 74.344 74.537 74.419 74.637 74.679 74.692 74.684 74.692 74.692 74.717 74.732 74.737 74.724 74.764 74.754 74.879 74.959 74.959 75.047 75.407 74.982 75.022 75.109 75.272 75.237 75.282 75.339 75.419 75.434 75.509 75.719 75.587
73.064 72.622 72.619 72.662 72.627 72.674 72.702 72.737 72.779 72.772 72.792 72.792 72.819 72.889 73.044 73.182 73.257 73.209 73.227 73.237 73.299 73.274 73.249 73.219 73.279 73.284 73.347 73.757 74.134 74.727 74.812 74.517 75.967 78.864 79.792 78.327 74.562 74.414 74.384 74.419 75.279 74.502 74.407 74.839 74.697 74.712 74.722 74.712 74.739 74.739 74.742 74.742 74.802 74.874 74.907 75.094 75.612 76.367 77.364 77.707 75.497 75.007 75.152 75.832 75.262 75.257 75.307 75.382 75.427 75.482 75.504 75.522
72.624 72.669 72.679 72.697 72.674 72.644 72.659 72.719 72.777 72.759 72.799 72.809 72.807 72.844 72.932 73.029 73.252 73.192 73.264 73.232 73.282 73.272 73.252 73.232 73.277 73.299 73.229 73.444 74.239 74.699 75.042 74.947 76.459 79.747 79.752 79.374 75.447 74.514 74.474 74.492 75.394 77.202 74.909 74.644 74.722 74.729 74.747 74.732 74.749 74.824 74.862 74.907 74.994 75.547 76.622 78.062 79.429 80.347 80.822 80.169 76.899 75.007 75.092 75.137 75.227 75.244 75.262 75.302 75.292 75.299 75.307 75.299
72.567 72.574 72.619 72.632 72.697 72.709 72.699 72.742 72.762 72.807 72.792 72.817 72.847 72.812 72.867 72.919 73.064 73.207 73.242 73.264 73.292 73.289 73.312 73.312 73.289 73.324 73.269 73.227 74.157 74.687 74.847 74.949 74.849 79.354 79.759 79.707 77.359 74.599 74.569 74.574 75.399 75.254 74.984 74.632 74.932 74.757 74.934 75.092 74.982 74.984 75.277 76.279 77.949 79.839 81.534 83.077 84.039 83.987 82.924 81.169 78.514 75.074 75.057 75.129 75.142 75.149 75.144 75.152 75.087 75.097 74.914 74.799
72.649 72.659 72.657 72.644 72.659 72.647 72.724 72.787 72.747 72.789 72.809 72.852 72.807 72.899 72.914 72.897 73.042 73.044 73.204 73.304 73.314 73.362 73.319 73.312 73.269 73.354 73.292 73.154 73.924 74.474 74.832 74.972 76.014 78.852 79.774 79.734 79.112 75.029 74.647 74.634 74.659 76.362 74.634 74.767 75.399 75.082 74.987 75.267 76.102 77.589 79.302 81.222 83.394 85.207 85.929 85.902 85.309 84.497 83.324 81.852 79.704 75.737 74.997 75.077 75.052 75.017 74.947 74.962 74.634 74.567 74.369 74.187
72.564 72.614 72.647 72.674 72.714 72.717 72.704 72.709 72.787 72.824 72.792 72.867 72.844 72.874 72.919 72.927 72.917 73.019 73.119 73.287 73.327 73.332 73.324 73.342 73.304 73.269 73.327 73.157 73.634 74.397 74.829 81.607 85.989 83.599 80.494 79.737 79.709 76.442 74.779 74.684 74.727 74.739 74.719 74.769 75.057 75.704 76.699 78.234 80.114 82.399 84.352 85.827 86.619 86.797 86.437 86.107 85.567 84.842 83.782 82.384 80.507 77.064 74.977 75.012 74.872 74.662 74.449 74.269 74.072 74.619 75.394 77.507
72.599 72.622 72.639 72.654 72.689 72.727 72.689 72.737 72.734 72.792 72.872 72.899 72.892 72.907 72.917 72.944 72.974 72.974 73.019 73.119 73.314 73.279 73.302 73.287 73.364 73.262 73.297 73.239 73.524 74.189 77.377 85.847 88.162 88.679 85.372 79.737 79.709 79.624 74.899 74.822 74.812 74.822 74.799 74.827 75.157 77.497 79.874 81.852 83.834 85.117 85.782 86.222 86.609 86.867 86.604 86.227 85.747 85.069 84.134 82.944 81.277 78.437 75.114 74.977 74.512 74.112 74.192 76.902 78.424 79.712 79.707 79.742
72.619 72.614 72.592 72.614 72.702 72.729 72.704 72.764 72.787 72.784 72.804 72.817 72.887 72.957 72.979 72.942 72.974 72.982 72.982 73.057 73.157 73.307 73.387 73.329 73.347 73.297 73.259 73.219 73.179 73.799 78.279 83.082 89.522 88.677 86.247 79.767 79.744 79.152 75.907 74.907 74.857 74.899 74.862 74.844 75.059 77.202 80.694 82.467 83.804 84.842 85.617 86.117 86.457 86.794 86.679 86.334 85.972 85.324 84.467 83.389 81.899 79.882 75.837 74.957 75.429 76.659 78.229 79.724 79.714 79.762 79.747 79.859
72.614 72.604 72.617 72.609 72.662 72.702 72.702 72.754 72.769 72.832 72.869 72.824 72.889 72.919 72.962 73.002 72.947 72.982 73.029 73.069 73.132 73.197 73.314 73.322 73.372 73.347 73.224 73.254 73.154 73.422 74.222 78.682 86.449 88.232 84.239 80.534 79.729 79.712 78.027 75.042 74.949 74.964 74.944 74.942 75.032 76.062 79.857 81.937 83.424 84.524 85.317 85.929 86.387 86.707 86.774 86.432 86.112 85.592 84.869 83.859 82.514 80.652 77.039 74.994 75.619 76.657 78.412 79.777 79.787 80.059 80.794 80.872
72.639 72.662 72.639 72.644 72.657 72.672 72.692 72.732 72.782 72.777 72.832 72.874 72.914 72.872 72.982 72.974 73.012 73.004 73.072 73.097 73.104 73.117 73.237 73.284 73.267 73.337 73.264 73.259 73.264 73.217 73.962 74.552 83.199 88.814 88.404 83.832 79.754 79.729 78.627 75.909 75.047 75.014 75.024 75.012 74.939 75.147 78.834 81.292 82.917 84.182 85.109 85.782 86.217 86.539 86.822 86.607 86.289 85.789 85.142 84.277 83.092 81.374 78.952 75.209 76.167 76.812 78.524 79.839 80.034 80.647 80.887 80.897
72.637 72.619 72.699 72.694 72.734 72.724 72.739 72.704 72.754 72.784 72.857 72.884 72.929 72.987 72.949 72.962 72.969 73.009 73.017 73.092 73.069 73.112 73.164 73.297 73.297 73.299 73.329 73.322 73.257 73.187 73.647 75.429 83.987 87.262 88.157 80.939 79.784 79.759 79.722 75.567 75.134 75.127 75.107 75.104 75.034 75.049 77.244 80.664 82.484 83.724 84.734 85.559 86.127 86.494 86.817 86.709 86.412 86.044 85.462 84.652 83.484 81.977 79.932 76.029 75.454 76.562 78.419 80.599 80.887 80.887 80.882 80.884
72.632 72.634 72.682 72.677 72.702 72.724 72.779 72.794 72.754 72.812 72.802 72.877 72.894 72.937 72.977 72.987 72.954 73.007 72.984 73.017 73.174 73.152 73.194 73.219 73.377 73.342 73.327 73.292 73.257 73.197 73.367 74.209 79.709 83.062 86.202 77.447 79.067 79.914 78.729 75.537 75.174 75.207 75.197 75.187 75.162 75.049 75.994 79.762 81.839 83.394 84.492 85.359 85.987 86.392 86.759 86.909 86.607 86.182 85.639 84.912 83.972 82.589 80.819 77.759 75.307 76.184 78.532 80.904 80.892 80.909 80.924 80.912
72.659 72.662 72.639 72.697 72.757 72.747 72.762 72.769 72.802 72.862 72.837 72.842 72.869 72.952 72.962 72.982 73.042 73.034 73.089 73.109 73.074 73.177 73.157 73.227 73.247 73.339 73.342 73.359 73.232 73.247 73.232 73.969 74.972 78.942 84.544 82.367 78.042 75.424 75.309 75.137 75.169 75.274 75.297 75.269 75.452 79.854 78.372 79.079 81.227 82.832 84.149 85.102 85.817 86.294 86.599 86.842 86.674 86.304 85.857 85.167 84.277 83.042 81.517 79.052 75.682 75.517 78.284 80.084 80.949 80.949 80.964 80.969
72.737 72.737 72.712 72.722 72.704 72.717 72.774 72.804 72.844 72.827 72.859 72.889 72.929 72.884 72.942 72.957 73.057 73.072 73.084 73.097 73.157 73.089 73.194 73.157 73.212 73.312 73.414 73.382 73.284 73.287 73.234 73.684 74.492 75.097 84.084 82.282 78.552 75.127 75.162 75.199 75.299 75.362 75.417 75.379 82.624 86.814 83.369 82.842 80.422 82.397 83.774 84.792 85.549 86.087 86.472 86.802 86.754 86.394 85.954 85.414 84.679 83.577 82.092 80.069 76.522 75.209 76.792 79.944 80.894 79.587 80.372 79.239
72.692 72.697 72.737 72.762 72.749 72.782 72.774 72.772 72.844 72.882 72.889 72.889 72.964 72.977 72.962 72.954 73.007 73.077 73.119 73.114 73.124 73.179 73.157 73.239 73.224 73.224 73.349 73.377 73.347 73.324 73.254 73.364 74.164 74.829 79.034 79.259 76.272 76.387 77.022 76.659 75.472 75.457 75.484 75.479 79.189 88.687 89.312 83.197 79.512 81.702 83.312 84.432 85.299 85.919 86.299 86.642 86.777 86.537 86.197 85.669 84.889 83.949 82.687 80.949 77.399 75.389 76.274 79.044 78.784 77.582 76.324 76.222
72.677 72.682 72.707 72.719 72.717 72.802 72.852 72.859 72.847 72.849 72.874 72.927 72.949 72.977 73.014 73.002 73.019 73.069 73.089 73.144 73.137 73.182 73.169 73.192 73.264 73.247 73.289 73.352 73.324 73.304 73.339 73.267 73.802 74.564 75.267 75.117 78.972 77.619 78.197 77.634 75.542 75.539 75.554 75.554 77.444 84.634 83.397 79.619 78.274 81.039 82.837 84.077 84.962 85.684 86.222 86.572 86.849 86.632 86.287 85.892 85.237 84.359 83.139 81.609 79.152 76.967 76.114 77.052 76.294 76.222 76.302 76.339
72.704 72.737 72.767 72.759 72.752 72.777 72.822 72.867 72.897 72.914 72.884 72.907 72.969 72.952 72.934 73.022 73.039 73.059 73.107 73.114 73.152 73.172 73.179 73.177 73.264 73.212 73.232 73.342 73.409 73.354 73.364 73.252 73.537 74.317 75.142 75.149 75.207 78.079 80.682 81.119 77.234 75.634 75.639 75.609 75.649 76.957 76.849 76.062 76.439 80.309 82.284 83.682 84.732 85.502 86.047 86.409 86.799 86.772 86.452 86.012 85.389 84.674 83.379 81.584 79.347 77.199 76.524 76.554 76.312 76.294 76.207 76.229
72.729 72.747 72.752 72.799 72.782 72.814 72.804 72.849 72.867 72.872 72.894 72.977 72.932 73.009 72.977 72.992 73.054 73.087 73.104 73.124 73.127 73.184 73.237 73.219 73.214 73.272 73.269 73.274 73.392 73.369 73.317 73.312 73.392 74.047 74.932 76.307 79.367 81.739 79.012 80.864 78.914 75.697 75.672 75.679 75.682 75.727 78.169 76.677 75.512 79.369 81.682 83.179 84.354 85.249 85.907 86.324 86.604 86.817 86.582 85.889 84.604 82.617 80.374 78.652 77.282 76.307 76.567 76.124 76.157 76.152 76.187 76.204
72.674 72.742 72.769 72.774 72.772 72.817 72.884 72.887 72.904 72.899 72.934 72.962 72.987 72.969 72.987 73.044 73.032 73.052 73.144 73.119 73.159 73.172 73.207 73.222 73.222 73.267 73.242 73.269 73.337 73.379 73.349 73.299 73.274 73.754 74.494 75.459 80.137 78.577 79.439 76.872 79.307 75.764 75.694 75.702 75.724 75.782 75.792 75.829 75.204 77.904 80.942 82.757 84.057 84.987 85.657 86.167 86.409 85.787 83.967 82.094 80.132 78.019 76.474 75.904 75.969 76.099 76.184 76.167 76.217 76.172 76.192 76.182
72.747 72.719 72.752 72.774 72.814 72.784 72.847 72.882 72.924 72.934 72.937 72.954 72.974 73.019 73.074 73.034 73.072 73.077 73.102 73.152 73.144 73.159 73.212 73.227 73.247 73.254 73.239 73.282 73.284 73.399 73.367 73.384 73.274 73.527 74.149 74.749 80.942 78.452 78.684 78.459 76.884 75.817 75.762 75.779 75.787 75.829 75.887 76.724 76.992 76.712 80.192 82.169 83.619 84.669 84.744 83.999 82.479 80.459 78.599 77.232 76.539 76.107 76.212 76.199 76.252 76.187 76.172 76.187 76.209 76.199 76.219 76.202
