LIDAR-DSM-2M-TQ28ne/tq2586_DSM_2M.asc
ncols 500
nrows 500
xllcorner    525000
yllcorner    186000
cellsize     2
NODATA_value -9999
[rows 0 to 29 of 500, columns 0 to 68 of 500]
64.717 64.447 65.34 64.86 62.727 62.747 62.852 62.917 61.995 63.265 64.642 63.76 62.925 63.937 64.347 65.545 63.767 63.217 64.365 65.635 66.597 64.6 62.817 62.857 62.975 63.5 63.232 63.182 63.797 65.01 64.655 65.6 65.272 64.89 63.702 63.897 65.602 66.715 65.462 65.21 67.055 70.75 73.122 73.495 75.007 72.642 71.075 69.322 69.545 67.595 66.55 67.187 70.087 69.395 68.977 70.28 72.067 73.787 71.64 70.757 71.107 70.497 68.627 68.047 67.122 66.417 66.505 66.66 67.017
66.085 66.74 65.42 65.387 63.002 61.777 62.435 62.902 61.992 61.977 63.235 62.85 62.617 63.917 66.702 64.957 64.38 62.48 62.535 63.995 63.43 62.967 62.837 62.84 63.255 63.17 64.295 63.405 64.51 64.357 64.95 64.522 63.74 63.692 63.722 63.815 64.67 65.047 64.267 64.69 64.785 65.882 67.997 73.325 74.152 71.212 70.247 66.757 66.335 66.885 66.517 67.25 65.777 68.322 69.942 70.04 69.092 69.775 71.517 68.755 67.552 67.972 68.582 67.067 66.35 66.4 66.475 66.515 66.562
63.402 69.162 66.057 63.295 61.702 61.725 62.175 62.557 61.915 62.012 64.432 63.572 62.567 62.307 64.42 63.197 62.87 63.437 62.632 63.625 63.54 62.792 62.835 63.602 63.57 63.2 63.565 63.115 65.807 68.562 64.967 64.277 63.545 63.657 63.702 63.955 64.985 64.48 64.067 64.177 64.712 66.215 65.33 67.257 68.61 69.502 68.222 65.802 66.21 66.065 65.267 65.217 66.105 68.37 68.412 67.145 69.797 73.982 67.83 66.062 66.212 68.215 68.067 66.292 66.337 66.39 66.445 66.502 66.562
62.27 66.802 63.175 65.662 64.332 61.78 62.985 63.355 61.917 62 64.277 64.357 63.692 62.342 63.242 63.037 62.4 62.695 62.52 62.667 63.017 62.787 62.83 63.335 63.395 63.087 63.055 63.807 65.355 67.867 66.057 64.02 63.537 63.582 63.647 64.137 64.365 64.137 64.04 64.192 65.087 64.817 65.507 66.59 65.592 65.167 64.917 65.22 67.89 67.362 65.342 65.152 66.457 66.075 65.74 69.182 71.727 70.535 67.2 66.032 66.31 69.527 67.385 66.272 66.322 66.37 66.41 66.49 66.547
66.105 68.057 64.56 64.467 63.33 61.757 62.84 63.257 61.937 62.012 65.367 68.04 63.502 62.39 62.43 62.752 62.387 62.472 62.515 62.645 63.292 62.765 62.802 62.872 64.09 63.385 63.04 63.415 65.237 65.515 63.707 63.56 63.5 63.54 63.607 64.002 64.242 63.98 64.072 65.507 65.162 65.162 64.917 65.322 65.125 65.452 65.257 67.91 67.317 68.095 65.717 65.135 66.025 65.59 65.38 66.415 67.182 67.027 66.43 66.97 67.765 69.347 66.607 66.277 66.342 66.377 66.41 66.45 66.547
65.882 69.26 64.122 65.135 62.107 61.817 62.587 63.355 61.932 62.15 63.875 64.157 62.487 62.372 62.937 63.395 62.707 62.477 62.607 62.84 62.79 62.757 62.79 62.865 63.73 63.26 63.08 63.087 63.175 63.585 64.04 63.59 63.547 63.525 63.645 64.49 64.097 64.01 64.065 65.135 65.47 64.755 68.91 65.332 66.522 65.032 64.865 65.52 67.142 65.872 65.075 65.12 66.412 66.652 65.322 65.365 65.435 67.632 66.19 65.845 67.905 69.562 66.2 66.25 66.305 66.345 66.412 66.9 66.45
63.667 66.822 62.077 61.827 61.795 61.872 62.607 63.125 61.952 62.187 63.08 63.595 62.4 62.415 63.877 62.682 62.427 62.467 62.512 63.027 62.917 62.762 62.792 63.377 65.142 63.137 63.077 63.12 63.182 63.327 63.68 63.507 63.527 63.54 63.632 64.06 64.255 64.04 64.135 65.015 65 64.807 66.207 66.597 65.042 65.082 64.852 64.92 66.407 65.33 65.085 65.147 65.55 67.012 65.32 65.372 66.462 66.5 66.542 65.815 68.48 69.367 70.305 66.182 66.237 66.292 66.345 66.392 66.49
61.6 61.62 61.737 61.877 61.797 61.922 62.55 63.125 62.002 62.042 62.775 63.45 62.332 62.492 64.255 63.392 62.4 62.46 62.497 62.71 63.847 62.757 62.802 63.455 65.182 63.077 63.097 63.15 63.177 63.49 63.965 63.697 63.512 63.565 64.02 67.895 65.415 64.065 64.142 65.82 65.86 65.332 64.825 65.312 65.25 64.952 64.852 65.815 67.837 65.167 65.137 65.172 65.302 66.787 65.345 65.377 65.525 65.762 65.727 65.77 68.827 69.99 70.095 67.147 66.155 66.21 66.287 66.335 66.792
61.625 61.66 61.77 61.855 61.832 61.865 62.812 63.437 62.005 62.065 63.192 63.085 62.797 62.325 63.652 63.622 62.392 62.455 62.525 62.762 62.967 62.782 62.83 63.087 65.077 63.05 63.075 63.147 63.467 67.972 65.277 63.767 63.505 63.59 64.182 66.645 64.487 64.167 64.187 65.702 67.455 65.287 64.842 65.312 65.357 64.842 64.882 66.682 69.297 66.832 65.137 65.175 66.18 66.695 65.34 65.375 65.66 65.767 65.69 65.73 67.937 67.162 66.015 66.037 66.112 66.177 66.232 67.83 68.922
61.655 61.677 62.115 61.895 61.862 61.862 63.325 62.962 62.19 62.215 62.297 64.22 63.82 62.607 63.76 63.287 62.432 62.5 62.562 63.125 64.11 64.062 63.985 63.252 64.595 63.355 63.132 63.19 64.21 69.325 65.807 63.49 63.547 63.632 63.735 64.635 64.245 64.17 64.392 66.335 65.287 64.832 64.832 65.062 65.27 64.835 64.915 66.37 66.08 65.085 65.127 65.162 66.365 65.332 65.325 65.377 66.292 65.795 65.672 65.7 66.445 67.085 65.935 65.997 66.072 66.15 66.197 68.792 69.137
61.665 61.74 63.045 62.175 61.87 61.852 62.857 62.967 62.485 62.492 62.555 63.88 63.26 62.67 63.81 63.657 62.472 62.557 63.07 63.747 64.237 64.16 64.06 63.972 64.195 63.25 63.16 63.29 63.272 65.26 64.73 63.53 63.595 63.68 63.86 64.52 64.565 64.435 64.35 64.687 64.992 64.9 64.907 64.902 64.937 64.86 64.9 65.755 66.102 65.122 65.177 65.185 65.877 65.297 65.397 66.012 67.432 65.652 65.647 65.697 67.727 66.822 65.935 65.985 66.032 66.097 66.147 68.517 69.897
61.702 61.982 62.692 62.027 61.897 61.88 63.957 62.532 62.522 62.6 62.615 62.982 63.655 63.55 64.042 64.752 63.587 63.07 64.332 64.122 64.032 64.547 64.57 64.105 64.96 63.437 63.445 63.255 63.3 64.647 64.895 63.595 63.655 63.76 64.107 65.54 64.415 64.39 64.412 65.135 65.297 65.265 65.235 65.892 65.29 64.91 65.207 68.512 66.602 65.167 65.187 65.28 66.337 65.542 65.775 67.795 67.502 65.637 65.642 65.812 68.355 66.972 65.905 65.977 66.012 66.085 66.495 68.682 69.187
61.697 61.765 62.422 62.405 62.352 62.29 63.27 64.51 64.687 64.332 64.592 63.627 63.965 63.357 63.835 64.795 63.382 63.955 65.332 63.85 64.452 65.69 64.99 65.017 65.922 63.712 63.735 63.76 63.74 64.607 64.275 63.857 64.56 64.432 65.722 65.512 65.057 66.17 66.175 65.647 65.545 65.407 65.387 66.455 65.83 65.182 67.612 68.95 66.845 65.47 65.407 65.405 67.347 65.425 65.447 66.792 66.497 65.747 65.805 66.507 68.97 67.722 65.872 65.94 66.005 66.062 66.135 67.992 69.087
61.97 62.197 62.335 62.682 62.72 62.655 63.05 64.737 67.64 69.122 67.13 66.552 69.262 67.57 63.44 63.872 64.837 69.615 70.167 64.577 68.265 70.792 68.267 66.657 65.842 63.855 63.852 63.875 63.897 64.467 64.317 64.35 64.617 64.51 64.895 66.73 67.065 68.45 67.472 66.082 67.48 67.4 65.492 65.66 65.045 65.085 67.327 68.6 65.66 65.58 65.62 65.865 68.757 66.23 65.507 67.065 66.265 66.04 66.347 66.46 69.16 69.17 66.07 65.917 65.952 66.072 66.275 70.172 67.355
62.61 63.637 63.027 63.152 65.522 66.1 66.425 66.45 67.057 69.927 66.977 67.71 70.465 69.055 68.6 68.68 68.715 70.01 70.332 65.855 69.235 71.042 69.107 68.85 67.577 68.357 67.362 65.317 63.967 64.502 66.872 68.36 67.66 68.525 66.937 67.565 69.287 71.565 69.72 69.587 71.81 70.25 68.617 67.502 65.04 65.075 65.112 66.562 66.602 67.402 67.365 66.767 66.305 65.55 65.737 67.335 66.045 66.552 66.525 67.452 68.252 67.687 66.077 66.02 66.955 66.832 67.565 71.395 68.302
67.462 68.397 64.032 68.735 72.04 72.167 71.782 70.54 70.957 70.38 69.63 66.792 70.947 71.587 71.927 71.78 72.01 71.455 71.217 64.262 70.415 71.802 72.275 72.51 72.072 72.495 71.25 69.61 65.525 65.282 68.27 72.81 73.235 72.97 72.44 72.06 71.635 71.777 68.055 69.275 72.48 70.69 68.922 69.047 67.87 65.54 65.132 66.3 68.34 68.417 68.365 68.69 66.045 67.805 67.06 66.882 66.462 68.217 66.59 67.87 67.225 66.13 65.925 65.915 67.595 67.5 68.38 69.1 66.745
68.367 69.537 65.167 70.182 72.255 72.237 72.577 71.99 71.952 71.975 70.195 68.672 72.575 72.607 72.627 73.342 72.615 72.567 72.382 65.372 70.835 73.182 73.152 73.337 73.685 72.987 71.825 70.082 65.037 65.027 68.54 73.86 73.815 73.722 74.032 73.435 73.127 72.67 67.95 70.902 73.387 73.855 73.425 72.567 72.3 72.102 69.765 66.467 70.717 70.717 70.02 69.437 67.505 71.325 71.84 68.955 70.82 70.927 69.552 69.135 67.072 66.262 66.01 66.15 69 69.655 71.467 71.507 69.927
70.652 70.027 65.945 70.175 72.125 71.545 72.002 71.525 71.33 71.327 68.857 66.337 71.63 71.372 71.422 71.62 71.337 71.345 70.845 65.97 70.365 72.02 71.987 72.09 72.372 72.41 71.712 69.825 64.98 64.91 67.112 72.567 72.825 73.042 73.58 73.602 73.787 73.827 65.597 72.275 74.542 74.605 75.217 74.5 74.035 72.872 69.687 68.607 73.005 74.122 74.605 73.225 73.24 72.587 72.912 68.607 71.937 72.735 69.972 68.705 66.8 66.937 65.997 66.612 69.377 69.535 74.435 80.257 78.637
71.512 71.517 67.627 69.47 72.022 70.077 69.597 69.562 69.462 70.432 69.132 65.6 70.64 70.382 69.377 69.237 68.647 70.397 70.537 66.515 69.325 71.37 70.442 70.175 70.61 70.93 71.402 69.64 65.307 65.49 69.05 71.782 71.9 70.762 71.532 71.812 72.29 72.487 66.982 72.447 73.215 73.75 73.85 73.732 73.912 72.64 68.807 69.672 74.567 74.942 75.012 75.132 74.64 74.167 73.835 68.097 73.112 73.26 73.962 73.122 72.87 71.022 70.057 69.765 69.902 67.76 70.155 77.48 82.232
70.525 70.525 65.76 67.637 71.41 69.74 66.897 65.645 66.542 70.272 69.625 66.042 70.53 70.26 65.302 65.632 64.1 70.242 70.385 64.5 69.155 71.347 69.182 65.317 66.612 70.712 71.46 68.25 66.447 65.482 69.107 71.945 71.667 67.3 67.977 70.197 72.045 71.387 67.815 72.317 72.532 71.935 71.96 71.932 72.735 72.357 67.305 70.305 73.66 74.085 74.467 74.94 74.897 75.04 74.312 68.627 75.16 75.062 74.917 74.82 74.72 74.427 73.152 72.887 71.337 67.695 73.91 74.1 75.03
69.005 69.66 65.42 67.277 70.472 69.83 65.537 63.75 65.357 69.52 68.53 65.67 69.237 68.35 63.542 64.79 63.17 68.582 68.812 63.892 69.552 70.052 67.097 64.465 65.892 70.84 71.467 69.127 66.532 64.61 68.027 72.035 71.43 64.452 64.892 68.472 71.902 71.087 69.2 72.175 71.682 67.497 67.265 69.635 72.797 72.167 65.385 70.662 73.475 72.78 72.555 72.845 73.097 73.647 70.71 68.64 74.337 74.537 74.552 75.622 75.17 74.562 73.09 72.86 69.177 69.02 71.25 70.44 72.452
67.857 69.802 67.742 66.172 70.157 69.72 64.845 64.46 63.172 64.152 63.7 64.645 64.597 64.135 63.41 64.775 63.22 63.74 63.222 63.865 64.405 64.107 63.75 64.652 66.41 70.922 71.352 68.197 66.47 64.577 68.64 71.287 70.157 65.465 64.802 67.207 68.252 67.355 68.325 68.002 69.92 65.537 66.487 69.625 72.96 71.737 65.417 70.79 73.557 72.205 68.995 69.492 72.137 73.375 69.445 70.93 73.507 72.995 72.81 73.25 73.462 73.795 72.965 72.87 69.507 69.85 70.612 68.407 68.512
68.152 68.345 66.035 64.475 68.22 67.46 64.017 64.147 62.832 64.065 63.25 64.35 63.78 63.912 63.625 64.575 63.492 63.265 63.272 63.91 64.37 66.242 63.78 64.712 64.69 67.762 69.197 65.387 64.725 64.227 65.085 68.377 66.75 65.695 64.957 64.777 64.82 65.265 65.432 65.072 65.132 65.872 66.107 70.227 72.962 70.862 66.015 72.305 73.507 71.41 66.215 66.955 72.335 73.097 69.855 71.197 73.502 72.907 69.822 69.777 72.302 73.635 71.86 70.367 67.295 72.347 71.712 69.13 68.492
62.912 62.922 62.295 62.91 63.257 62.832 63.215 65.102 63.087 64.192 63.122 64.375 64.405 64.107 63.535 64.785 63.585 63.335 63.572 65.1 63.782 63.772 63.782 64.77 63.935 64.34 64.235 64.27 64.79 64.495 64.5 64.582 64.622 65.665 65.605 64.885 64.827 66.28 65.12 65.145 65.232 65.605 66.112 68.975 70.795 68.26 67.562 71.327 72.045 69.117 66.515 66.4 69.352 69.54 68.542 69.825 72.555 69.637 66.84 66.997 72.167 73.655 69.347 66.34 71.655 71.065 72.145 67.995 67.967
62.3 62.355 62.367 62.732 62.845 62.757 63.257 64.565 62.96 63.002 63.195 64.572 63.845 63.41 63.4 64.202 63.38 63.415 63.732 65.072 64.02 63.977 64.127 65.047 64.007 64.12 64.172 65.152 65.16 64.245 64.522 64.595 64.657 65.06 65.57 64.857 64.842 66.62 65.327 65.295 65.35 66.117 66.29 66.792 66.63 65.865 66.15 68.615 69.612 66.537 66.985 66.482 66.267 66.282 66.98 66.75 67.812 67.36 66.935 67.2 72.732 73.492 69.262 68.22 72.047 66.975 68.84 66.557 67.287
66.197 64.83 64.152 62.807 62.732 62.817 63.142 64.177 62.997 63.095 63.162 65.27 64.332 63.68 64.382 63.665 63.6 63.622 64.887 64.682 64.43 64.442 65.025 65.24 64.29 64.2 64.215 65.507 65.4 64.887 65.832 64.702 64.702 65.445 64.905 64.93 65.045 66.885 66.117 65.947 65.81 67.077 66.255 65.387 65.42 67.1 67.315 66.372 66.207 66.275 66.9 66.637 66.25 66.497 68.067 66.947 66.342 66.377 66.832 67.58 71.225 72.88 68.952 66.935 68.072 66.395 66.48 66.565 66.645
68.907 68.835 66.327 64.99 62.897 62.852 63.11 63.955 63.135 63.17 63.3 64.647 63.885 65.675 67.162 64.297 63.82 63.677 64.632 65.395 65.025 64.505 64.612 65.02 64.365 64.335 64.41 65.13 64.927 65.397 65.897 65.267 65.315 65.752 65.005 65.05 65.877 67.392 66.547 66.06 66.242 66.83 66.28 65.465 66.185 67.83 66.982 66.61 66.115 66.26 66.41 67.082 67.235 67.442 68.825 67.435 66.945 67.092 66.845 65.887 67.957 68.212 66.147 68.067 66.612 66.432 66.497 67.015 66.645
70.07 65.55 67.207 68.67 63.155 62.962 63.1 63.745 63.202 63.265 63.627 64.575 63.53 66.712 67.925 64.977 64.2 63.867 64.352 64.895 64.262 64.21 64.407 65.28 64.982 64.497 64.537 65.532 64.677 65.452 65.012 65.727 66.202 65.925 65.165 65.21 65.537 67.227 66.562 65.877 65.632 66.88 66.49 65.717 67.375 68.08 66.89 67.34 66.335 66.397 67.08 67.37 67.247 67.057 68.747 67.067 67.43 67.47 67.18 65.915 65.997 66.657 66.395 69.222 67.197 66.462 67.822 68.28 66.715
69.227 70.357 67.495 66.93 63.627 63.167 63.192 64.032 63.292 64.085 64.295 64.842 63.587 64.417 65.18 64.962 65.447 64.222 64.61 65.16 64.21 64.302 64.547 66.697 65.36 64.665 64.722 65.92 64.94 65.332 65.245 65.807 66.88 65.45 65.34 65.377 66.29 67.482 67.802 66.18 66.48 67.217 66.085 66.522 66.427 67.355 66.74 66.777 66.305 66.727 66.665 66.657 67.15 67.03 68.51 66.755 66.857 66.932 66.747 65.985 66.037 67.59 66.597 67.67 67.872 68.35 68.127 67.627 68.062
69.697 68.13 68.945 66.745 63.01 63.077 63.18 63.212 63.332 63.402 63.775 63.655 63.575 63.772 64.007 64.44 64.51 64.22 64.672 64.46 64.295 64.4 65.062 65.662 66.102 64.72 64.8 65.377 65.042 65.185 65.295 65.79 66.252 65.747 65.442 65.51 66.277 67.152 65.855 66.057 66.347 67.295 66.572 66.342 66.452 68.447 66.91 66.405 66.457 67.54 66.6 66.675 66.56 68.767 68.187 68.41 66.775 66.875 66.875 66.677 66.43 67.895 66.917 66.592 66.837 66.695 66.66 66.797 67.905
