LIDAR-DSM-2M-TQ28ne/tq2588_DSM_2M.asc
ncols 500
nrows 500
xllcorner    525000
yllcorner    188000
cellsize     2
NODATA_value -9999
[rows 416 to 447 of 500, columns 71 to 141 of 500]
63.447 63.495 63.592 63.622 63.81 63.77 63.892 64.165 64.095 64.132 64.037 64.1 64.29 64.295 64.437 64.442 64.485 64.55 64.732 64.692 64.677 64.722 64.83 64.88 65.067 65.06 65.147 65.082 65.177 65.225 65.377 65.515 65.465 65.57 65.622 65.76 65.925 65.93 66.09 65.997 65.992 66.082 66.54 66.39 66.505 66.482 66.612 66.7 66.787 66.825 66.847 66.932 67.205 67.18 67.252 67.415 67.432 67.572 67.67 67.842 67.912 68 68.077 68.272 68.225 68.415 68.44 68.647 68.747 68.867 69.02
63.51 63.535 63.59 63.697 63.697 63.795 63.862 64.047 64.065 64.082 64.057 64.105 64.552 64.432 64.39 64.46 64.45 64.525 64.69 64.725 64.72 64.745 64.865 64.94 64.9 65.09 65.102 65.157 65.317 65.202 65.365 65.447 65.502 65.542 65.605 65.737 65.787 65.85 65.842 65.887 66.007 66.185 66.342 66.437 66.41 66.487 66.582 66.685 66.727 66.79 66.895 66.922 66.995 67.195 67.297 67.327 67.452 67.56 67.637 67.707 67.857 67.885 68.132 68.357 68.287 68.3 68.467 68.587 68.695 68.785 68.88
63.53 63.6 63.642 63.69 63.67 63.755 63.862 63.947 64.022 64.09 64.16 64.137 64.212 64.337 64.312 64.425 64.467 64.597 64.577 64.685 64.767 64.922 64.807 64.927 65.007 65.012 64.997 65.022 65.197 65.272 65.3 65.545 65.54 65.552 65.617 65.762 65.732 65.722 65.797 65.94 66.05 66.147 66.232 66.36 66.407 66.432 66.505 66.557 66.702 66.87 66.855 66.912 66.97 67.085 67.285 67.32 67.51 67.5 67.517 67.612 67.732 67.9 68.002 68.125 68.202 68.302 68.362 68.495 68.727 68.777 68.957
63.512 63.6 63.735 63.842 63.787 63.802 63.81 63.92 64.027 64.157 64.265 64.235 64.235 64.297 64.375 64.487 64.565 64.555 64.64 64.697 64.807 64.785 64.817 64.897 64.932 65.067 65.027 65.075 65.062 65.29 65.317 65.392 65.457 65.47 65.627 65.555 65.632 65.717 65.857 65.87 66 66.082 66.17 66.242 66.35 66.392 66.567 66.497 66.61 66.86 66.797 66.84 66.967 67.057 67.085 67.19 67.302 67.555 67.477 67.597 67.702 67.775 67.897 67.995 68.312 68.247 68.317 68.42 68.502 68.815 68.845
63.502 63.612 63.682 63.757 63.81 63.832 63.877 63.885 64.175 64.102 64.257 64.262 64.287 64.295 64.342 64.422 64.555 64.567 64.552 64.717 64.725 64.78 64.727 64.895 64.96 64.972 65.037 65.02 65.085 65.247 65.44 65.412 65.465 65.377 65.445 65.505 65.632 65.697 65.802 65.855 65.952 66.142 66.127 66.242 66.347 66.442 66.447 66.5 66.605 66.697 66.767 66.975 66.975 67.007 67.122 67.162 67.36 67.377 67.487 67.492 67.645 67.77 67.837 67.95 68.107 68.257 68.297 68.42 68.462 68.627 68.735
63.55 63.612 63.617 63.662 63.82 63.827 63.877 63.917 64.032 64.125 64.247 64.342 64.35 64.402 64.457 64.335 64.515 64.487 64.562 64.592 64.817 64.827 64.822 64.855 64.905 65.007 64.972 65.105 65.152 65.177 65.252 65.315 65.32 65.35 65.407 65.642 65.735 65.81 65.835 65.905 65.997 66.012 66.065 66.142 66.212 66.36 66.467 66.477 66.672 66.64 66.75 66.782 66.97 67.03 67.1 67.117 67.202 67.385 67.422 67.622 67.585 67.747 67.772 67.862 68.115 68.19 68.305 68.387 68.47 68.665 68.8
63.587 63.72 63.652 63.652 63.687 63.782 63.875 63.977 64.032 64.075 64.207 64.255 64.377 64.337 64.412 64.435 64.445 64.46 64.63 64.605 64.665 64.845 64.785 64.942 64.882 64.982 65.085 65.11 65.152 65.107 65.21 65.2 65.26 65.347 65.547 65.485 65.68 65.697 65.845 65.852 65.915 66.047 66.065 66.107 66.077 66.367 66.387 66.442 66.505 66.677 66.675 66.742 66.775 66.887 67 67.112 67.185 67.395 67.445 67.442 67.522 67.625 67.777 67.792 67.917 68.127 68.232 68.377 68.44 68.625 68.6
63.545 63.615 63.685 63.697 63.7 63.777 63.872 63.97 64.047 64.057 64.245 64.29 64.485 64.347 64.322 64.422 64.41 64.602 64.53 64.645 64.74 64.802 64.815 64.9 65.005 64.932 64.995 65.022 65.065 65.082 65.125 65.22 65.362 65.477 65.615 65.655 65.67 65.76 65.765 65.812 65.945 66.01 66.115 66.12 66.082 66.155 66.312 66.387 66.417 66.552 66.695 66.752 66.835 66.835 67.045 67.02 67.14 67.292 67.392 67.455 67.455 67.632 67.707 67.762 67.95 68.03 68.267 68.285 68.36 68.472 68.537
63.567 63.627 63.617 63.682 63.795 63.85 63.795 63.942 64 64.087 64.247 64.34 64.372 64.407 64.34 64.405 64.475 64.565 64.687 64.647 64.702 64.732 64.805 64.84 64.86 64.952 64.907 65.062 64.972 65.062 65.142 65.287 65.29 65.455 65.54 65.59 65.667 65.67 65.695 65.757 65.862 65.987 66.177 66.062 66.15 66.245 66.37 66.41 66.557 66.55 66.665 66.742 66.84 66.88 66.97 67.06 67.067 67.21 67.327 67.395 67.432 67.567 67.685 67.725 67.877 67.955 68.052 68.237 68.36 68.442 68.472
63.537 63.627 63.677 63.7 63.715 63.847 63.835 63.88 63.97 64.067 64.2 64.277 64.342 64.44 64.317 64.325 64.462 64.562 64.612 64.657 64.712 64.862 64.817 64.862 64.865 64.842 64.865 64.9 64.95 65.055 65.245 65.297 65.355 65.392 65.445 65.55 65.495 65.582 65.745 65.772 65.88 65.902 65.942 65.995 66.087 66.282 66.192 66.44 66.367 66.485 66.582 66.7 66.742 66.78 66.955 66.987 67.02 67.117 67.275 67.322 67.49 67.532 67.52 67.675 67.762 67.87 68.022 68.115 68.232 68.452 68.465
63.595 63.677 63.677 63.7 63.8 63.882 64.035 63.915 64.017 64.037 64.167 64.225 64.282 64.355 64.35 64.36 64.517 64.462 64.562 64.722 64.752 64.845 64.902 64.822 64.977 64.817 64.81 64.875 65.06 65.112 65.197 65.45 65.3 65.472 65.452 65.542 65.522 65.6 65.74 65.75 65.84 65.952 65.935 66.005 66.062 66.145 66.22 66.297 66.38 66.41 66.58 66.577 66.687 66.772 66.855 67.005 67.13 67.182 67.232 67.41 67.437 67.475 67.515 67.612 67.692 67.815 67.97 68.027 68.125 68.295 68.455
63.642 63.64 63.66 63.695 63.792 63.867 63.922 63.952 64.01 64.032 64.08 64.197 64.255 64.317 64.36 64.375 64.395 64.45 64.757 64.785 64.925 64.79 64.83 64.782 64.705 64.735 64.822 64.992 65.032 65.17 65.195 65.302 65.332 65.392 65.482 65.475 65.467 65.515 65.617 65.775 65.84 65.842 65.917 66.037 66.112 66.17 66.182 66.222 66.317 66.382 66.45 66.545 66.622 66.727 66.807 67.005 67.14 67.105 67.265 67.255 67.36 67.415 67.54 67.615 67.707 67.795 67.87 68.01 68.055 68.212 68.35
63.612 63.855 63.745 63.78 63.867 63.935 63.922 64.035 64.02 64.125 64.16 64.235 64.25 64.307 64.345 64.412 64.387 64.43 64.7 64.745 64.77 64.81 64.75 64.65 64.69 64.817 64.885 65.012 65.17 65.132 65.13 65.157 65.265 65.355 65.415 65.51 65.522 65.495 65.607 65.672 65.772 65.927 65.91 66.082 66.095 66.05 66.142 66.25 66.272 66.34 66.542 66.507 66.527 66.687 66.867 67.017 66.997 67.065 67.127 67.225 67.327 67.36 67.44 67.695 67.582 67.782 67.857 67.932 68.05 68.115 68.495
63.542 63.67 63.785 63.812 63.842 63.915 63.977 64.025 64.042 64.122 64.162 64.167 64.225 64.267 64.35 64.425 64.435 64.472 64.53 64.662 64.822 64.63 64.587 64.67 64.752 64.985 64.935 64.995 65.105 65.102 65.195 65.28 65.255 65.422 65.44 65.502 65.457 65.677 65.607 65.68 65.775 65.86 65.905 65.907 65.977 66.04 66.147 66.22 66.327 66.362 66.387 66.66 66.54 66.675 66.722 66.93 66.937 67.09 67.085 67.205 67.252 67.432 67.455 67.507 67.532 67.7 67.815 67.98 68.005 68.172 68.137
63.525 63.655 63.825 63.882 63.902 63.905 63.977 63.987 64.102 64.137 64.165 64.325 64.305 64.267 64.41 64.4 64.45 64.505 64.497 64.57 64.582 64.56 64.63 64.737 64.832 64.88 64.93 65.05 65.095 65.157 65.25 65.307 65.242 65.307 65.43 65.512 65.512 65.467 65.64 65.637 65.697 65.705 65.832 65.892 65.965 66.125 66.165 66.21 66.285 66.357 66.35 66.45 66.472 66.58 66.747 66.88 66.997 66.957 67.127 67.22 67.167 67.315 67.467 67.487 67.555 67.722 67.75 67.857 67.925 68.04 68.145
63.607 63.67 63.74 63.827 63.89 63.967 63.972 63.997 64.047 64.14 64.302 64.25 64.225 64.187 64.275 64.435 64.442 64.522 64.502 64.567 64.585 64.597 64.612 64.67 64.697 64.74 64.8 64.89 64.995 65.05 65.052 65.19 65.21 65.345 65.305 65.525 65.542 65.627 65.63 65.762 65.732 65.827 65.89 65.962 66.145 66.255 66.152 66.222 66.235 66.275 66.37 66.385 66.575 66.55 66.79 66.797 66.89 66.892 67.042 67.147 67.185 67.365 67.367 67.447 67.542 67.612 67.745 67.762 68.04 67.955 68.12
63.677 63.72 63.832 63.79 63.882 63.902 64.02 64.057 64.087 64.167 64.185 64.202 64.187 64.267 64.315 64.377 64.415 64.45 64.507 64.505 64.555 64.612 64.677 64.767 64.857 65.11 64.817 64.927 64.987 65.027 65.092 65.135 65.215 65.245 65.32 65.362 65.445 65.46 65.762 65.657 65.79 65.742 65.915 65.907 65.977 66.055 66.242 66.162 66.197 66.205 66.347 66.472 66.482 66.59 66.72 66.812 66.84 67.017 67.045 67.182 67.217 67.27 67.415 67.415 67.467 67.575 67.66 67.837 67.85 68.005 68.047
63.782 63.757 63.877 63.905 63.872 64.002 64.012 64.132 64.142 64.162 64.177 64.15 64.242 64.227 64.302 64.337 64.397 64.427 64.575 64.562 64.522 64.59 66.225 68.81 68.73 66.34 65.212 65.175 65.165 65.25 65.225 65.305 65.337 65.375 65.372 65.417 65.447 65.505 65.55 65.592 65.65 65.715 65.775 65.87 65.972 65.927 66.12 66.24 66.2 66.23 66.445 66.36 66.462 66.505 66.707 66.782 66.882 66.935 67.027 67.1 67.092 67.242 67.225 67.33 67.357 67.635 67.622 67.697 67.752 67.93 67.99
63.7 63.81 63.922 63.875 63.862 63.88 64.005 64.065 64.147 64.135 64.132 64.162 64.18 64.245 64.245 64.255 64.372 64.402 64.462 64.495 64.52 64.82 70.3 71.912 71.585 68.187 65.172 65.182 65.192 65.285 65.317 65.422 65.497 65.505 65.552 65.55 65.597 65.615 65.615 65.65 65.752 65.767 65.802 65.835 65.91 65.972 66.01 66.077 66.152 66.21 66.292 66.335 66.41 66.47 66.565 66.65 66.707 66.807 66.937 67.007 67.042 67.142 67.34 67.272 67.372 67.592 67.61 67.702 67.857 67.917 67.952
63.697 63.752 63.805 63.892 63.865 63.867 64.022 64.197 64.16 64.18 64.17 64.247 64.187 64.147 66.47 69.302 68.702 66.16 65.435 64.475 64.535 65.305 69.43 70.63 70.695 65.727 65.187 65.222 65.142 65.245 65.345 65.402 65.407 65.42 65.5 65.535 65.547 65.557 65.72 65.775 65.775 66.007 65.952 65.987 66.072 66.247 66.112 66.2 66.26 66.287 66.31 66.502 66.422 66.485 66.537 66.6 66.637 66.745 66.842 66.842 66.93 67.017 67.08 67.185 67.26 67.54 67.53 67.587 67.712 67.78 67.917
63.652 63.705 63.777 63.905 63.897 63.957 63.975 64.002 64.09 64.137 64.16 64.18 64.115 64.107 66.322 70.042 67.727 69.39 67.092 66.527 65.662 64.745 65.475 66.487 66.695 65.177 65.23 65.175 65.197 65.257 65.28 65.307 65.307 65.427 65.542 65.512 65.552 65.625 65.922 65.847 65.792 65.892 66.005 66.055 66.037 66.102 66.265 66.262 66.322 66.385 66.437 66.567 66.55 66.617 66.645 66.705 66.847 66.912 66.897 66.89 66.915 67.002 67.085 67.167 67.257 67.327 67.432 67.537 67.635 67.762 67.84
63.707 63.855 63.747 63.845 63.885 63.895 63.957 64.002 64.042 64.155 64.135 64.117 64.107 64.177 67.267 64.797 69.955 70.187 68.965 66.022 65.597 64.592 64.742 64.92 65.002 65.145 65.062 65.165 65.31 65.207 65.277 65.257 65.367 65.452 65.547 65.575 65.655 65.745 65.825 65.985 65.937 66.067 66.025 66.035 66.015 66.115 66.27 66.322 66.465 66.38 66.517 66.61 66.517 66.617 66.775 66.777 66.925 66.87 66.972 67.117 67.042 67.095 67.265 67.347 67.357 67.42 67.5 67.52 67.612 67.72 67.827
63.705 63.775 63.752 63.792 63.887 63.92 63.927 63.992 64.072 64.015 64.027 64.067 64.05 64.247 67.13 70.525 69.222 69.91 69.765 64.497 65.695 65.302 64.732 64.835 64.902 64.955 65.235 65.27 65.247 65.195 65.322 65.31 65.357 65.397 65.547 65.69 65.767 65.795 65.81 65.86 65.947 65.965 66.247 66.145 66.085 66.165 66.312 66.255 66.327 66.387 66.437 66.657 66.705 66.755 66.685 66.732 66.817 66.87 66.985 67.09 67.12 67.17 67.337 67.38 67.375 67.452 67.58 67.587 67.795 67.74 67.88
63.672 63.747 63.742 63.825 63.91 63.922 63.972 64.112 63.992 63.995 64.032 64.195 64.985 64.227 64.545 68.492 68.052 66.907 71.41 71.052 67.147 64.73 64.775 64.845 64.837 64.97 65.08 65.142 65.212 65.235 65.327 65.425 65.435 65.472 65.615 65.677 65.7 65.74 65.917 65.91 65.902 66.042 66.16 66.132 66.17 66.207 66.29 66.362 66.377 66.497 66.555 66.485 66.587 66.675 66.77 66.747 66.83 67.055 66.91 67.052 67.102 67.22 67.207 67.46 67.395 67.495 67.61 67.605 67.697 67.735 67.902
63.67 63.697 63.777 63.84 63.915 63.94 63.927 63.935 63.94 63.972 64.187 64.395 64.22 64.505 64.645 64.665 69.49 67.982 68.665 67.25 65.507 64.66 64.687 64.812 64.885 65.11 65.155 65.157 65.325 65.337 65.345 65.395 65.492 65.57 65.737 65.622 65.777 65.765 65.915 65.88 65.932 65.957 66.197 66.212 66.132 66.265 66.25 66.342 66.402 66.397 66.535 66.46 66.62 66.607 66.685 66.797 66.735 66.97 66.892 66.992 67.067 67.167 67.275 67.452 67.452 67.532 67.6 67.64 67.792 67.767 67.812
63.647 63.692 63.782 63.905 63.932 64.012 63.95 63.912 64.162 64.707 64.432 64.307 64.535 64.582 64.665 64.732 67.37 69.695 70.005 66.127 64.792 64.657 64.7 64.765 64.862 64.96 65.077 65.187 65.435 65.412 65.547 65.495 65.527 65.61 65.67 65.737 65.775 65.835 65.9 65.97 65.982 66.102 66.287 66.135 66.21 66.225 66.255 66.35 66.325 66.45 66.512 66.577 66.667 66.635 66.812 66.762 66.845 66.93 66.907 66.94 67.027 67.102 67.235 67.357 67.325 67.532 67.52 67.522 67.66 67.785 67.892
63.687 63.722 63.882 63.847 63.905 63.865 63.88 64.232 64.305 64.272 64.442 64.605 64.662 64.73 64.727 64.757 65.912 66.795 64.887 64.902 64.862 64.807 64.72 64.727 64.852 64.955 65.112 65.237 65.405 65.455 65.467 65.465 65.54 65.587 65.7 65.752 65.805 65.897 65.91 66.03 65.935 66.175 66.165 66.15 66.182 66.3 66.31 66.51 66.405 66.51 66.47 66.552 66.6 66.63 66.732 66.845 66.807 66.875 66.962 67.09 67.112 67.115 67.147 67.207 67.34 67.467 67.445 67.557 67.642 67.732 67.805
63.74 63.895 63.887 63.842 63.832 63.845 64.17 64.222 64.222 64.517 64.54 64.555 64.677 64.757 64.78 64.792 64.807 64.87 64.907 64.96 64.917 64.825 64.76 64.775 64.885 65.067 65.16 65.292 65.412 65.475 65.48 65.517 65.567 65.655 65.755 65.772 65.82 65.902 65.937 66.022 66.07 66.167 66.222 66.312 66.245 66.332 66.437 66.447 66.472 66.41 66.567 66.497 66.677 66.697 66.717 66.75 66.907 66.995 66.975 67.027 67.085 67.132 67.18 67.345 67.285 67.355 67.477 67.472 67.687 67.755 67.757
63.87 63.807 63.855 63.835 63.845 64.415 64.212 64.29 64.53 64.522 64.595 64.62 64.665 64.737 64.787 64.827 64.895 64.935 64.947 65.015 64.992 64.925 64.827 64.89 64.895 65.075 65.232 65.237 65.35 65.425 65.472 65.6 65.595 65.802 65.715 65.935 65.872 65.815 65.96 66.022 66.057 66.032 66.23 66.405 66.415 66.372 66.422 66.497 66.465 66.4 66.642 66.65 66.672 66.727 66.795 66.822 66.887 67.105 67.312 67.11 67.16 67.155 67.165 67.287 67.395 67.372 67.477 67.512 67.627 67.76 67.79
63.717 63.777 63.847 64.007 64.73 64.32 64.362 64.492 64.612 64.547 64.61 64.655 64.725 64.757 64.82 64.875 64.942 65.032 64.992 65.04 65.057 65.025 64.892 64.865 64.925 65.13 65.262 65.307 65.315 65.387 65.455 65.53 65.6 65.712 65.825 65.932 65.885 65.892 65.89 65.935 66.135 66.097 66.197 66.237 66.305 66.297 66.327 66.342 66.425 66.545 66.475 66.815 66.715 66.667 66.852 66.917 66.837 67.005 67.11 66.99 67.062 67.05 67.2 67.345 67.39 67.43 67.417 67.65 67.625 67.722 67.687
63.732 63.86 63.987 64.07 64.175 64.455 64.425 64.497 64.525 64.602 64.657 64.68 64.722 64.792 64.83 64.912 64.957 64.982 65.017 65.087 65.117 65.087 65.005 64.902 64.945 65.055 65.235 65.242 65.35 65.472 65.53 65.645 65.617 65.675 65.81 65.91 65.95 65.917 66.025 66.035 66.035 66.17 66.19 66.177 66.265 66.285 66.36 66.415 66.447 66.46 66.542 66.585 66.72 66.702 66.845 66.912 66.87 66.925 66.94 66.952 67.032 67.075 67.282 67.292 67.322 67.462 67.387 67.467 67.607 67.6 67.695
63.905 64.02 64.135 64.267 64.242 64.35 64.385 64.52 64.56 64.61 64.662 64.707 64.735 64.765 64.847 64.892 64.967 65.025 65.087 65.115 65.172 65.167 65.112 64.955 64.96 65 65.197 65.237 65.352 65.415 65.597 65.567 65.625 65.825 65.865 65.895 65.907 65.95 66.06 65.985 66.057 66.02 66.152 66.195 66.25 66.265 66.41 66.48 66.465 66.442 66.535 66.637 66.655 66.637 66.745 66.762 66.8 66.932 66.945 67 67.097 67.147 67.142 67.177 67.282 67.422 67.447 67.46 67.567 67.637 67.727
