LIDAR-DSM-2M-TQ28ne/tq2586_DSM_2M.asc
ncols 500
nrows 500
xllcorner    525000
yllcorner    186000
cellsize     2
NODATA_value -9999
[rows 60 to 89 of 500, columns 276 to 344 of 500]
91.159 90.777 91.257 90.614 90.592 92.409 94.107 91.507 91.984 92.097 91.892 91.554 92.014 92.102 91.909 91.807 91.939 92.332 92.412 93.057 92.662 93.427 93.149 92.549 93.126 94.014 94.151 92.901 92.534 93.366 93.201 93.199 94.609 92.859 92.799 92.936 93.026 93.131 93.204 93.269 93.416 93.509 93.546 93.594 93.619 93.709 93.804 93.926 94.074 94.169 94.319 94.454 94.606 94.751 94.889 95.019 95.169 95.306 95.424 96.231 100.139 97.949 97.084 105.666 101.014 98.284 96.704 96.801 96.914
90.107 90.272 90.414 90.716 91.207 93.084 93.142 91.481 95.632 92.954 91.422 92.034 92.104 91.627 92.089 91.764 91.944 92.182 92.192 92.204 92.327 93.819 94.374 93.949 92.266 92.531 92.826 92.514 92.486 92.749 94.431 94.094 93.719 93.294 92.914 92.966 93.364 93.189 93.204 93.316 93.524 93.469 93.559 93.621 93.666 93.754 93.851 93.956 94.061 94.201 94.366 94.501 94.636 94.761 94.901 95.029 95.176 95.281 95.419 95.619 101.436 98.506 102.216 101.684 97.709 102.491 99.554 96.726 96.871
90.082 90.274 90.412 90.524 91.502 93.322 94.312 95.292 93.854 97.692 94.777 91.482 92.262 93.492 92.337 93.007 91.762 91.854 91.952 92.664 92.716 92.297 92.872 92.767 92.316 92.291 92.334 92.466 92.446 92.554 93.309 94.446 93.136 93.089 93.109 93.384 93.881 93.284 93.231 93.611 93.679 93.474 93.579 93.616 93.671 93.779 93.884 93.976 94.091 94.209 94.389 94.544 94.656 94.786 94.889 95.029 95.141 95.276 95.466 95.739 96.011 97.991 99.604 100.699 99.579 99.639 99.106 96.714 96.831
90.094 90.264 90.422 90.567 90.637 91.584 93.362 94.817 94.712 96.619 93.689 93.447 94.639 97.232 96.489 94.772 91.707 91.734 91.809 91.877 91.934 92.076 92.217 92.902 92.749 92.506 92.356 92.386 92.384 92.444 92.814 93.791 93.079 93.724 92.904 93.021 93.096 93.311 93.501 94.024 94.069 93.646 93.599 93.661 93.744 93.811 93.914 94.001 94.081 94.236 94.391 94.536 94.681 94.781 94.911 95.029 95.176 95.341 95.571 95.694 95.891 96.901 96.159 100.436 98.869 99.979 97.364 96.664 96.789
90.064 90.349 90.504 90.582 90.652 90.724 91.762 94.947 94.451 95.282 92.902 91.917 96.269 97.872 95.369 92.692 93.044 91.734 91.794 91.852 91.919 91.969 91.979 92.059 92.171 92.324 92.454 92.541 92.674 92.486 92.634 92.779 92.901 93.471 92.829 92.904 92.856 93.911 93.604 93.426 93.806 93.629 93.599 93.654 95.274 94.354 93.931 94.031 94.146 94.266 94.386 94.514 94.639 94.786 94.906 95.016 95.229 95.441 95.574 95.706 95.851 97.481 97.324 98.391 98.686 97.114 96.544 96.644 96.806
89.922 90.049 90.194 90.624 90.552 90.699 90.774 92.699 94.519 95.854 93.914 94.727 97.324 95.977 94.907 94.319 92.432 91.714 91.719 91.814 91.879 91.947 91.984 92.012 92.079 92.146 92.191 92.221 94.129 92.509 93.501 93.024 93.079 93.374 92.996 92.901 92.884 94.941 93.939 93.236 93.496 93.511 93.591 93.649 95.541 93.921 93.926 94.024 94.136 94.264 94.391 94.474 94.641 94.764 94.934 95.099 95.281 95.484 95.546 95.689 95.961 96.291 97.921 96.734 96.321 96.489 96.621 96.676 96.809
89.787 89.954 90.084 90.287 90.439 90.492 90.649 93.609 94.729 91.869 95.637 93.887 92.304 93.869 97.572 92.737 92.099 91.784 91.694 91.742 91.807 91.879 91.922 91.904 92.651 92.974 92.339 95.434 95.074 95.029 92.514 92.601 92.911 93.376 93.104 93.099 93.594 94.444 95.171 94.319 93.539 93.471 93.574 93.664 95.156 94.556 93.931 94.024 94.129 94.256 94.406 94.501 94.621 94.749 95.024 95.424 95.451 95.509 95.759 95.691 96.059 97.319 97.836 96.354 96.384 96.544 96.654 96.736 96.836
89.642 89.854 90.032 90.152 90.237 90.284 90.472 93.932 93.897 93.862 94.527 98.297 91.607 92.137 93.097 91.482 91.582 91.629 91.682 91.714 91.754 91.872 91.917 91.909 93.234 93.986 94.419 94.024 95.626 96.464 92.546 92.554 92.659 92.719 92.826 92.981 93.566 94.156 94.354 93.604 93.421 93.496 93.644 93.709 93.781 93.854 93.924 94.011 94.161 94.274 94.424 94.484 94.619 94.821 95.254 95.889 95.559 95.586 95.909 95.626 98.526 98.694 97.776 96.656 96.459 96.511 96.626 96.746 96.904
89.392 91.927 91.922 90.002 90.089 90.182 90.262 93.284 96.307 96.429 95.606 96.657 92.314 94.047 94.502 95.322 95.027 94.527 93.337 92.309 96.344 92.984 91.902 91.914 93.264 93.411 96.694 99.201 95.131 92.996 93.434 94.116 94.536 94.934 93.179 94.151 93.946 93.094 93.209 93.326 93.409 93.549 93.649 93.699 93.781 93.851 93.951 94.014 94.151 94.284 94.456 94.519 94.696 94.961 95.411 95.789 97.726 97.011 96.184 97.429 96.959 97.094 97.584 97.381 96.446 96.566 96.616 96.739 96.899
91.372 93.862 93.314 93.964 92.797 91.437 90.177 95.739 94.977 95.562 99.966 96.237 94.759 95.607 94.912 92.734 95.847 98.757 95.167 94.654 94.892 92.157 91.914 92.057 92.499 93.521 94.929 97.356 97.291 93.586 93.331 95.511 97.791 99.149 95.814 98.294 94.914 98.739 96.094 94.059 93.379 93.534 93.581 93.706 93.769 93.849 93.931 94.044 94.149 94.291 94.446 98.186 96.216 95.271 95.621 96.024 98.661 97.554 96.491 96.379 95.884 98.624 99.816 98.079 96.404 96.546 96.676 96.744 97.136
90.487 95.764 92.247 91.614 95.392 96.137 93.474 94.037 94.769 98.564 96.422 91.847 94.537 91.132 92.797 93.474 92.214 96.019 98.047 97.299 94.699 92.162 92.222 91.934 91.954 91.984 92.419 96.214 95.186 94.204 93.336 99.726 98.731 101.456 97.054 95.814 100.486 95.719 95.089 98.674 93.371 93.524 93.594 93.691 93.759 93.866 93.969 94.129 94.241 94.331 95.739 98.481 97.256 94.911 95.284 96.684 97.999 98.241 99.146 99.124 98.569 96.066 100.374 96.344 96.394 96.526 96.669 96.811 96.996
93.717 91.724 92.639 92.547 93.024 91.159 95.672 98.024 95.417 93.032 95.382 91.802 90.497 91.852 92.091 93.894 97.339 100.354 102.579 99.179 98.562 95.489 95.312 94.387 93.766 92.236 92.209 93.229 94.761 96.416 95.521 98.026 98.999 100.021 93.271 96.954 98.959 98.234 94.309 94.479 93.316 93.499 93.584 93.689 93.764 93.926 94.079 94.261 94.351 94.786 97.434 97.594 98.144 95.924 95.014 96.851 97.454 97.596 97.969 100.094 97.639 97.341 98.056 96.339 96.419 96.569 96.694 96.819 97.949
94.297 94.062 92.834 95.654 93.529 93.787 97.852 96.594 95.382 92.367 95.234 92.639 90.249 90.369 92.384 92.127 95.622 97.694 97.939 96.924 91.854 94.504 94.174 95.042 95.066 92.021 92.009 93.136 94.286 95.526 96.576 97.859 100.799 97.839 96.551 100.224 99.316 100.721 97.756 94.946 93.321 93.451 93.536 93.681 93.804 94.034 95.279 96.539 97.086 95.729 96.791 96.354 95.449 94.979 94.981 96.866 97.214 99.161 97.669 99.269 100.136 98.136 96.371 96.314 96.434 96.549 96.704 96.859 97.024
93.262 92.427 94.672 96.137 92.222 92.467 95.874 94.817 99.212 95.519 94.282 91.339 91.284 94.402 91.914 91.087 92.117 97.717 96.464 95.369 94.197 96.669 96.984 94.069 92.351 91.859 93.339 93.479 97.241 93.231 92.369 99.289 98.204 99.534 93.999 101.504 99.609 96.309 98.154 93.694 93.289 93.394 93.506 93.704 93.871 95.259 96.304 95.346 99.959 95.554 94.901 94.659 94.806 94.871 94.951 96.041 96.589 95.686 97.176 99.646 97.906 96.631 96.204 96.341 96.476 96.619 96.746 96.901 97.069
95.216 89.229 96.174 91.804 88.627 93.779 96.119 96.117 97.137 90.527 93.699 95.587 93.609 90.874 92.624 92.274 94.367 95.032 93.339 97.972 96.784 95.999 92.997 97.597 92.959 92.981 94.114 96.101 93.069 93.866 92.331 92.601 95.056 96.836 97.926 100.496 97.664 95.884 98.526 95.914 93.896 93.366 93.509 94.379 93.934 97.614 100.876 98.904 102.269 100.264 95.691 94.651 94.759 94.849 95.006 95.186 95.391 96.204 96.344 96.461 97.654 96.619 96.259 96.399 96.534 96.696 96.861 96.969 97.099
92.447 92.679 88.564 92.807 91.542 92.892 90.344 89.389 94.569 93.907 92.584 91.106 95.202 96.207 92.949 91.119 92.637 93.819 90.084 96.122 97.717 95.992 94.552 92.727 91.431 91.886 93.479 95.974 93.071 92.126 92.219 92.321 92.436 92.499 93.264 97.186 94.274 100.914 98.124 96.641 98.971 93.649 93.499 93.714 93.936 97.816 99.001 100.591 100.561 98.459 97.191 96.431 94.736 94.884 95.084 95.304 95.479 95.629 96.039 95.886 96.019 96.184 96.331 96.491 96.656 96.781 96.924 97.059 97.149
91.889 89.382 87.039 91.407 91.649 93.179 87.712 88.849 96.437 95.997 93.867 97.722 93.197 93.777 96.099 93.137 93.162 93.542 95.939 92.942 98.874 94.519 93.547 94.234 91.654 91.469 91.631 93.104 91.886 92.029 92.086 92.186 92.384 92.476 92.504 93.559 95.499 97.979 97.424 97.736 95.441 93.326 93.426 93.574 93.814 94.961 97.749 101.361 99.491 98.254 98.231 95.386 94.741 94.931 95.149 95.371 95.506 95.646 95.814 95.954 96.109 96.264 96.419 96.591 96.726 96.851 96.989 97.101 97.206
91.527 88.304 91.242 86.802 86.694 86.942 87.294 92.092 95.794 90.662 91.132 94.922 94.349 92.216 95.812 93.112 91.374 95.712 98.599 94.759 94.674 91.494 93.567 95.424 92.169 94.919 91.319 91.474 91.629 91.811 91.911 92.036 92.246 92.399 92.501 93.069 96.509 94.511 97.111 95.976 95.051 94.946 93.406 93.561 93.734 93.964 94.479 97.121 99.694 98.354 96.064 94.604 94.746 94.961 95.161 95.354 95.541 95.699 95.839 96.019 96.186 96.314 96.454 96.624 96.796 96.906 97.016 97.154 97.269
91.014 95.614 92.137 88.864 86.597 86.777 86.892 87.037 88.239 89.069 88.714 92.864 96.494 95.479 91.634 92.537 93.644 93.024 92.667 96.902 97.797 95.692 97.934 92.392 92.594 98.949 96.484 93.611 93.004 91.851 93.261 91.741 91.946 92.131 92.364 92.516 92.994 95.454 94.451 95.064 94.119 94.226 93.394 93.536 93.684 93.939 93.996 94.936 96.666 97.384 95.256 94.626 94.781 94.969 95.171 95.331 95.504 95.699 95.871 96.051 96.184 96.354 96.476 96.646 96.809 96.939 97.029 97.201 97.314
92.347 94.929 87.967 86.864 86.984 91.847 87.222 87.309 87.439 90.347 99.449 93.242 89.207 94.216 95.892 91.999 88.787 95.679 94.772 90.704 92.087 93.209 91.077 95.064 90.734 94.109 95.409 97.349 93.729 92.626 91.149 91.326 91.564 91.804 92.094 92.381 92.564 94.109 92.784 93.416 93.031 93.181 93.341 93.481 93.644 93.846 93.956 94.139 95.279 95.704 94.479 94.691 94.844 95.001 95.186 95.341 95.501 95.689 95.884 96.019 96.154 96.324 96.496 96.651 96.816 96.964 97.109 97.251 97.411
96.164 91.957 88.237 91.237 87.302 96.149 91.737 90.767 93.199 89.716 96.289 95.149 90.969 98.574 94.084 93.177 90.362 91.539 95.867 97.079 91.427 92.079 91.787 94.469 90.994 98.671 96.624 96.984 96.284 92.941 90.849 90.999 91.196 91.646 91.849 92.191 92.479 92.671 92.791 92.894 93.001 93.121 93.251 93.431 93.619 93.814 93.889 94.014 94.214 94.396 94.536 94.719 94.854 95.004 95.186 95.331 95.494 95.671 95.834 95.984 96.146 96.314 96.504 96.669 96.821 96.991 97.161 97.329 97.434
96.379 91.809 89.567 91.122 89.307 89.877 94.322 94.442 93.722 90.274 96.622 97.094 95.509 94.807 89.344 90.349 92.584 91.369 96.614 93.284 92.882 93.684 93.949 89.814 90.256 91.861 91.031 92.546 92.404 90.704 90.834 90.931 91.021 93.664 91.529 92.274 92.206 92.626 92.801 92.856 92.954 93.066 93.206 93.406 93.626 93.734 93.864 94.019 94.231 94.401 94.526 94.691 94.851 95.006 95.179 95.371 95.519 95.651 95.811 95.941 96.111 96.284 96.479 96.641 96.814 96.964 97.159 97.319 97.396
96.852 92.077 92.457 91.724 91.507 91.737 90.299 90.939 89.249 89.217 93.474 95.662 95.234 95.434 94.382 90.742 91.349 95.029 94.677 94.254 93.584 93.204 92.562 91.777 89.994 90.569 90.501 90.514 91.316 90.741 90.804 93.586 94.396 92.804 93.184 93.501 95.311 92.576 92.796 92.851 92.909 92.999 93.129 93.351 93.564 93.699 93.866 94.026 94.206 94.346 94.499 94.659 94.819 94.984 95.211 95.359 95.511 95.639 95.774 95.939 96.096 96.239 96.434 96.614 96.804 96.941 97.136 97.279 97.374
94.214 93.764 96.324 96.447 88.629 89.414 90.019 90.569 90.844 93.377 95.451 96.557 93.642 95.734 94.609 93.339 90.569 92.392 92.512 92.617 91.269 90.772 93.729 93.277 90.531 90.734 90.799 90.781 90.856 90.974 91.046 94.824 96.079 95.059 95.664 97.269 95.909 98.104 95.151 92.969 92.889 92.931 93.091 93.384 93.416 93.629 93.824 94.024 94.149 94.299 94.454 94.601 94.801 95.011 96.039 95.326 95.511 95.649 95.776 95.949 96.064 96.214 96.391 96.589 96.756 96.939 97.106 97.266 97.391
89.384 91.947 91.469 92.414 93.489 95.087 92.067 89.797 91.242 95.994 96.517 96.716 95.387 94.362 94.509 93.929 91.082 91.169 92.917 91.199 91.819 91.904 91.662 92.619 91.816 91.309 91.354 91.354 91.356 91.371 91.839 96.156 96.894 96.839 92.856 97.151 98.106 97.386 95.399 93.089 92.889 93.004 93.169 93.026 93.246 93.519 93.736 93.946 94.111 94.256 94.439 94.591 94.794 95.614 96.686 96.639 96.041 95.611 95.774 95.939 96.049 96.211 96.386 96.544 96.711 96.891 97.074 97.234 97.364
91.704 92.912 91.594 93.497 95.047 96.449 91.784 90.404 92.497 95.299 97.867 95.524 93.834 92.349 92.074 92.489 91.489 91.634 91.627 91.687 91.732 91.747 91.812 91.792 91.866 91.844 91.894 91.961 91.949 91.939 93.031 94.714 95.921 95.986 96.606 98.364 101.726 97.384 95.431 92.931 92.951 93.026 92.959 92.906 93.041 93.306 94.954 93.754 94.001 94.166 94.344 94.559 94.911 97.106 98.574 97.846 96.959 95.584 95.734 95.869 96.026 96.171 96.341 96.481 96.659 96.851 97.034 97.186 97.334
98.024 95.807 94.354 94.029 93.697 94.457 94.169 93.394 95.712 94.684 93.174 93.984 93.307 91.557 91.684 91.777 91.857 91.954 92.039 92.099 92.097 92.112 92.137 92.214 92.294 92.289 92.331 92.394 92.426 92.419 93.796 95.759 95.121 96.391 99.181 98.731 98.999 98.864 94.914 93.649 93.084 93.091 92.951 92.906 92.999 95.881 96.624 95.864 94.009 94.019 94.241 94.449 94.814 98.204 97.636 98.124 96.464 95.546 95.696 95.811 95.956 96.109 96.249 96.449 96.621 96.771 96.971 97.114 97.291
94.437 94.094 92.179 94.182 94.614 92.909 93.534 94.469 94.727 94.924 92.149 93.409 91.712 91.819 91.892 91.979 92.067 92.122 92.202 92.244 92.312 92.344 92.419 92.514 92.569 92.509 92.614 92.696 92.736 92.771 92.941 95.089 94.931 94.709 99.619 98.234 95.899 95.671 94.359 93.141 93.171 93.119 93.026 92.974 94.269 97.306 96.294 97.961 95.626 93.796 94.046 94.306 94.611 96.179 95.356 98.066 95.304 95.466 95.626 95.774 95.889 96.026 96.166 96.349 96.551 96.696 96.884 97.059 97.239
95.174 94.177 92.649 91.819 91.669 91.529 93.592 91.624 93.112 92.664 92.057 91.774 91.854 92.002 92.037 92.089 92.129 92.179 92.239 92.347 92.439 92.519 92.584 92.647 92.701 92.731 92.776 92.859 92.936 93.024 93.084 94.959 95.534 94.941 94.109 95.301 95.831 95.676 93.229 93.274 93.319 93.229 93.169 93.089 94.294 94.506 95.449 97.849 93.926 93.541 93.819 94.094 94.361 94.564 96.401 94.984 95.176 95.381 95.566 95.701 95.841 95.994 96.114 96.244 96.451 96.619 96.809 96.969 97.169
92.647 90.774 91.637 91.437 91.602 91.557 91.249 91.402 91.632 92.434 91.744 91.849 91.994 92.127 92.219 92.259 92.272 92.347 92.409 92.474 92.552 92.627 92.701 92.774 92.846 92.904 92.969 93.046 93.121 93.231 93.296 93.366 93.669 94.964 93.444 93.381 93.321 93.334 93.409 93.481 93.529 93.494 93.404 93.311 94.156 94.859 94.344 93.999 93.454 93.531 93.669 93.944 94.184 94.414 94.671 94.886 95.086 95.259 95.441 95.631 95.819 95.936 96.074 96.194 96.339 96.529 96.681 96.899 97.076
