LIDAR-DSM-2M-TQ28ne/tq2589_DSM_2M.asc
ncols 500
nrows 500
xllcorner    525000
yllcorner    189000
cellsize     2
NODATA_value -9999
[rows 288 to 319 of 500, columns 142 to 212 of 500]
72.804 71.798 67.56 63.861 62.586 62.548 62.527 62.51 62.486 62.32 62.221 62.229 62.268 63.253 64.235 65.628 63.572 63.367 65.57 70.579 69.678 71.148 71.287 69.178 68.216 65.809 65.019 64.731 65.061 65.386 65.536 65.696 65.876 66.024 66.206 66.891 68.441 66.981 66.884 66.981 67.059 67.301 67.899 69.491 74.776 75.494 74.296 72.079 69.401 68.661 69.114 68.536 68.569 68.596 68.616 68.704 68.729 68.794 69.239 69.474 69.016 69.764 69.846 69.531 71.781 72.939 70.666 70.156 69.491 69.424 70.049
73.082 72.045 70.374 63.665 62.391 62.397 62.383 62.371 62.255 62.922 62.468 62.13 62.314 63.609 68.275 67.297 64.691 63.412 68.119 71.814 72.154 72.267 72.624 72.224 71.309 66.947 65.221 65.006 65.179 65.424 65.574 65.719 65.874 66.024 66.204 69.311 69.239 66.791 66.884 66.961 67.034 67.384 68.084 70.404 74.929 75.616 75.031 74.774 72.369 68.589 69.436 69.129 68.569 68.629 68.599 68.609 68.641 68.694 70.544 71.131 70.749 68.971 68.971 68.936 71.384 72.121 72.096 71.936 70.456 71.691 70.369
73.522 72.907 71.336 66.244 62.251 62.281 62.275 62.268 62.024 62.146 61.998 62.045 62.802 65.735 68.178 67.291 65.308 64.059 66.771 70.151 71.087 72.104 72.591 72.576 71.291 67.208 64.145 65.099 65.499 65.469 65.549 65.726 66.656 66.844 67.429 68.814 70.429 68.984 68.731 67.579 67.179 68.219 68.209 68.894 75.186 76.054 76.064 75.474 73.931 72.394 69.486 68.416 68.534 68.576 68.496 68.544 68.609 68.674 70.436 69.604 69.614 68.839 68.926 68.966 73.324 75.936 75.999 75.876 75.361 75.919 74.661
73.5 72.482 70.002 62.633 62.14 62.151 62.153 62.041 61.94 62.833 61.951 62.036 62.576 66.029 66.621 64.424 64.258 67.559 68.161 69.094 68.994 67.269 70.681 71.779 68.424 64.155 64.279 64.741 65.569 66.111 65.586 70.229 70.136 71.251 72.456 74.669 75.294 74.259 74.374 70.541 67.681 69.556 68.971 70.006 75.124 75.746 75.869 75.836 75.739 74.291 68.844 68.369 68.511 68.571 68.434 68.459 68.574 68.646 68.779 68.771 68.779 68.864 68.896 68.904 72.099 76.096 76.439 76.994 77.096 77.091 75.269
73.092 71.621 66.971 62.211 62.03 62.031 62.048 61.792 62.266 62.321 61.785 61.848 63.037 66.583 65.168 63.788 66.23 70.909 70.659 68.454 66.985 64.373 65.652 67.23 64.976 64.381 64.675 64.914 64.971 65.201 66.436 73.901 72.261 72.451 75.061 77.299 76.754 76.641 78.344 73.374 70.789 69.339 69.676 69.089 70.791 71.671 71.846 72.999 72.806 71.924 68.574 69.394 68.659 68.479 68.391 68.429 68.476 68.569 68.694 68.749 68.706 68.754 68.876 68.936 69.416 70.051 74.454 76.754 76.911 76.954 75.219
72.388 70.24 62.299 61.909 61.921 61.887 62.005 61.757 62.27 61.689 61.719 61.798 61.989 63.994 63.536 63.645 67.585 71.066 71.976 71.554 70.687 68.577 65.793 65.466 65.141 64.782 65.849 66.524 64.954 65.276 68.971 67.089 71.541 74.419 73.721 76.939 74.174 70.306 71.966 70.264 68.534 68.369 70.334 73.031 73.309 73.211 73.241 72.676 72.369 69.319 68.664 68.601 68.474 68.364 68.321 68.334 68.344 68.454 68.586 68.811 69.511 69.064 68.686 68.871 69.069 69.486 73.046 74.524 74.701 75.106 73.401
71.494 67.673 62.188 61.748 61.761 62.168 63.149 62.94 61.845 61.568 61.641 61.766 62.705 63.151 63.403 64.775 69.289 71.74 72.005 72.016 71.837 69.108 65.886 66.097 66.166 66.123 67.238 67.449 66.356 70.006 68.806 69.209 70.561 75.634 74.976 74.504 71.539 66.761 66.844 66.939 67.371 67.751 70.414 73.346 75.576 75.591 75.526 75.089 74.394 69.234 68.074 68.146 68.434 68.654 69.214 68.281 68.329 68.484 68.819 68.829 69.264 69.081 68.624 68.661 68.716 68.739 71.436 71.644 72.299 72.294 70.769
70.368 63.413 61.679 61.702 61.679 61.505 62.874 62.787 61.422 61.459 62.028 61.95 62.352 62.798 64.131 65.588 70.489 71.741 71.984 71.97 71.273 66.632 65.901 65.532 64.131 66.191 66.765 65.444 67.324 68.941 71.779 69.514 69.599 69.874 73.044 72.506 69.426 66.686 66.811 66.944 67.386 67.859 70.794 73.749 75.709 75.809 75.819 75.701 74.074 68.891 67.959 68.959 68.499 70.731 70.336 68.216 68.356 68.399 68.661 69.296 70.976 70.229 69.709 69.769 69.404 68.821 68.991 69.979 71.479 71.431 71.444
69.205 61.599 61.652 61.609 61.492 61.267 62.053 61.476 61.353 61.811 61.802 62.148 62.495 62.617 63.353 64.148 65.026 69.192 70.93 71.455 68.691 65.453 65.99 64.671 63.82 64.629 64.782 65.544 67.344 71.171 70.131 67.716 67.376 69.851 71.119 70.234 67.686 67.456 67.289 67.369 68.989 69.201 70.804 73.634 75.546 75.781 75.779 75.281 72.761 68.501 67.974 68.351 68.316 68.766 68.969 68.129 68.224 68.739 68.376 68.866 74.586 74.966 74.271 73.964 73.701 69.924 69.514 70.759 71.329 71.314 71.331
68.805 61.537 61.622 61.533 61.236 61.225 61.303 61.266 61.293 61.422 62.603 62.219 62.579 62.771 65.503 65.042 68.128 68.003 66.944 68.481 65.722 65.926 65.467 63.811 63.882 64.289 64.53 65.041 67.896 67.209 68.956 68.454 67.799 67.784 68.901 68.454 68.776 69.129 69.586 69.901 70.979 69.846 69.729 72.211 72.344 73.146 74.379 74.176 72.784 68.596 68.424 68.956 68.394 68.054 68.079 68.056 68.154 68.946 68.391 69.159 75.044 76.349 76.449 76.289 75.354 69.876 68.744 68.649 68.986 69.679 69.861
66.483 61.55 61.513 61.399 61.089 61.813 61.514 61.211 61.246 61.351 61.992 63.518 63.373 63.444 69.814 69.939 70.197 70.955 69.809 67.446 65.284 65.551 64.661 63.88 64.064 64.471 64.523 64.509 64.499 64.729 65.981 66.586 67.471 67.211 68.441 66.779 66.994 67.854 70.214 70.699 67.816 67.799 70.214 72.429 73.239 70.691 72.274 71.669 69.724 68.804 68.459 68.344 68.059 67.979 67.996 67.986 68.076 68.269 68.211 69.751 73.861 76.209 76.389 76.266 74.596 69.681 68.996 68.496 68.519 68.509 68.514
61.492 61.47 61.407 60.987 61.052 61.864 61.069 61.214 61.332 61.606 61.884 62.838 63.047 65.987 70.346 71.381 71.382 71.599 71.503 70.805 67.589 64.306 65.112 64.825 64.647 64.52 65.894 68.541 65.084 65.109 65.664 68.084 71.536 69.496 68.139 66.704 67.586 66.786 67.206 67.406 67.416 67.651 73.524 74.919 75.111 75.386 75.509 74.311 73.224 69.561 68.484 68.316 68.024 67.969 67.904 67.899 67.966 68.899 68.601 69.984 74.159 76.404 76.511 76.264 74.721 71.631 70.346 68.526 68.494 68.491 68.501
61.208 61.164 61.228 60.863 61.496 60.92 60.991 61.292 61.251 61.671 61.73 62.047 63.013 63.386 66.755 69.177 70.58 71.491 71.551 70.358 66.714 63.303 64.797 66.705 65.595 64.705 71.725 74.201 67.311 65.526 65.684 73.009 76.344 74.989 72.544 66.956 67.059 67.184 66.971 67.101 67.581 69.216 75.259 75.801 75.834 75.831 75.809 75.286 72.549 69.541 68.024 68.141 68.469 68.439 67.821 67.851 67.934 68.259 68.299 69.211 73.021 73.254 73.941 74.644 73.984 71.401 69.884 68.421 68.456 68.449 68.461
61.176 61.009 60.789 60.959 61.786 60.783 60.893 61.013 61.25 61.883 63.048 62.448 66.328 66.821 65.745 65.36 64.759 68.55 70.565 67.943 63.223 63.615 64.659 66.571 66.981 66.369 73.729 75.976 67.429 65.726 65.689 75.159 77.114 78.101 74.424 67.656 67.164 66.814 67.301 67.366 67.734 68.894 75.176 75.851 75.856 75.849 75.859 75.151 72.466 69.236 68.674 68.169 67.989 68.069 67.759 67.741 67.841 67.911 68.021 68.054 72.469 72.694 71.006 71.784 70.524 69.884 69.784 70.421 70.346 70.304 70.336
61.176 61.054 60.699 60.866 60.746 60.796 60.831 60.997 61.212 61.474 61.789 62.507 69.765 70.446 69.182 67.016 64.832 64.689 64.993 64.109 63.16 63.828 63.975 64.372 64.939 64.841 68.503 70.356 67.634 66.824 66.596 72.854 75.931 76.044 72.999 67.771 66.954 67.186 68.344 67.936 68.184 68.724 73.249 74.504 74.934 75.111 75.089 75.109 72.071 67.994 68.061 67.884 67.729 67.674 67.684 67.631 67.806 68.066 67.829 70.276 74.484 75.351 75.206 75.009 74.761 73.859 71.294 68.584 68.809 69.979 70.181
61.084 60.564 60.766 61.194 60.679 60.721 60.829 60.959 62.454 62.539 61.792 65.235 69.468 71.081 71.046 70.35 69.148 63.7 63.867 63.642 64.287 63.836 64.068 64.168 64.251 64.334 64.568 67.209 69.496 68.036 70.586 72.531 74.716 73.526 68.074 66.424 66.571 66.699 66.871 68.659 69.661 68.844 69.344 71.224 70.381 71.169 70.996 70.981 70.371 68.584 68.486 67.816 67.641 67.589 67.599 67.606 68.104 68.186 67.806 73.446 75.399 75.844 75.809 75.754 75.851 73.689 69.779 68.586 67.919 68.091 68.006
60.819 60.519 60.554 60.574 60.584 60.661 60.824 61.036 61.766 61.946 62.029 67.169 70.601 71.012 70.936 70.911 69.081 63.819 62.865 65.163 65.648 64.04 64.086 64.322 64.272 64.412 64.711 65.356 66.949 67.414 69.894 68.226 69.316 68.939 67.124 66.431 66.569 66.714 66.899 68.866 70.009 70.234 73.209 74.129 73.886 73.916 73.161 71.271 68.776 67.846 68.179 67.676 67.551 67.489 67.526 67.556 67.829 67.834 67.731 73.271 74.886 75.209 75.764 75.789 75.626 73.259 68.079 67.876 67.891 67.849 67.806
60.386 60.706 60.886 60.476 61.051 60.639 60.921 60.974 61.249 61.689 62.106 69.149 70.366 71.022 70.943 70.115 66.275 63.032 62.862 63.282 63.838 64.42 65.414 66.143 64.343 65.137 64.859 64.782 65.094 66.319 65.969 67.604 68.901 68.961 66.774 66.446 66.569 66.716 66.899 69.211 69.976 70.059 73.949 75.389 75.421 75.336 74.826 72.796 70.519 67.574 67.491 67.544 67.471 67.421 67.391 67.444 67.751 68.841 68.276 67.819 68.966 74.509 75.699 75.801 75.404 73.569 67.966 67.879 67.846 67.791 67.796
60.324 61.246 60.394 60.384 61.789 60.569 61.336 62.071 61.866 64.849 67.984 65.484 65.079 69.317 70.497 68.766 65.282 63.204 63.101 63.867 63.669 64.022 65.227 65.798 66.222 65.156 66.059 66.612 68.816 66.814 65.999 67.276 68.891 68.951 66.356 66.451 66.571 66.701 66.994 67.386 67.996 69.529 73.831 74.219 75.069 75.376 75.121 73.739 69.074 67.379 67.454 67.484 67.374 67.366 67.409 67.474 67.764 68.036 67.889 69.061 70.439 73.264 71.889 73.129 74.029 71.866 67.816 67.904 67.794 67.759 67.739
60.184 60.246 60.259 60.279 60.456 61.454 61.201 61.361 61.569 67.254 69.104 68.756 68.046 64.75 64.617 66.401 65.283 62.63 63.715 63.553 63.697 63.844 64.089 65.202 65.906 65.605 66.643 68.156 69.756 67.556 66.211 66.874 68.609 68.674 66.381 66.479 66.616 66.736 66.941 66.921 67.539 70.434 71.756 73.339 73.709 74.271 74.999 73.671 68.556 67.326 67.356 68.396 67.261 67.271 67.274 67.356 67.694 67.634 68.714 73.666 73.529 73.546 72.919 71.206 69.129 68.821 69.159 68.619 67.949 69.224 67.731
60.084 60.169 60.741 60.701 60.659 60.984 61.351 61.476 67.544 68.501 69.781 69.661 69.344 68.519 64.419 63.401 62.896 62.85 63.578 63.575 63.704 63.823 64.015 64.155 64.29 64.43 65.268 68.281 69.796 69.199 68.621 66.546 66.039 66.364 67.114 67.081 67.301 67.116 66.999 67.111 67.406 67.709 67.779 68.101 70.091 73.719 74.129 72.161 67.629 67.724 67.711 67.254 67.136 67.174 67.144 67.284 67.474 67.426 68.176 74.566 75.419 75.344 75.204 73.936 68.176 68.596 68.544 68.714 68.861 69.536 68.364
60.031 60.079 60.354 60.204 60.746 61.036 61.281 61.641 67.981 69.186 70.419 70.621 69.329 68.627 62.111 63.292 62.876 63.872 65.567 64.463 63.701 63.84 64.026 64.152 64.314 64.446 65.046 70.224 74.184 72.179 71.746 70.076 65.721 66.129 66.879 67.116 66.601 67.361 67.966 66.979 67.919 69.531 69.909 69.171 70.986 68.709 70.206 68.629 67.459 67.716 67.534 67.121 67.046 67.061 67.076 67.191 67.271 67.316 69.451 73.839 75.514 75.434 75.231 72.686 67.901 67.759 67.584 67.576 67.566 67.616 67.836
59.954 59.994 60.066 60.554 60.891 61.761 61.576 66.421 68.629 69.966 70.959 69.946 68.679 63.156 61.988 62.038 62.865 63.327 63.785 64.2 64.36 63.854 64.054 64.184 64.339 64.472 65.337 73.933 75.879 74.894 73.736 69.839 65.721 65.886 65.981 66.044 66.111 66.606 67.706 66.764 67.739 71.236 72.571 73.551 73.464 73.036 72.874 69.026 67.261 67.601 68.071 67.049 66.979 66.991 66.974 67.961 68.004 67.586 69.899 73.899 75.484 75.446 75.246 72.714 68.296 67.876 67.551 67.586 67.441 67.589 67.766
59.874 59.924 60.059 60.391 60.946 61.269 62.534 68.031 69.276 70.509 70.544 69.599 67.876 62.511 62.032 62.351 62.918 63.026 63.22 63.422 63.733 64.169 64.107 64.196 64.342 64.458 66.287 74.561 76.061 73.079 73.534 67.626 65.761 65.891 65.956 66.041 66.114 66.294 66.891 66.969 67.984 71.934 72.744 74.216 74.571 74.571 73.936 69.529 67.634 67.844 68.329 66.956 66.844 66.881 66.976 67.334 67.354 67.536 69.046 72.801 73.566 74.209 74.321 71.966 68.599 67.501 67.679 67.604 67.394 67.401 67.386
59.829 59.906 60.006 61.646 60.839 61.036 64.854 68.689 69.934 70.941 69.849 68.606 62.726 62.071 62.152 62.757 62.944 63.07 63.27 63.561 64.009 63.787 64.102 64.21 64.359 64.456 71.41 76.913 77.004 74.431 72.904 66.551 65.791 65.949 66.531 67.631 66.629 66.724 68.314 67.024 68.769 69.674 72.066 74.349 74.484 74.614 73.126 69.616 67.161 68.111 67.619 66.819 66.776 66.789 66.811 66.904 67.539 67.299 68.399 70.341 71.739 70.731 69.799 68.936 67.611 67.521 67.496 67.379 67.801 67.436 67.361
59.814 59.841 60.539 60.631 60.754 62.956 67.856 69.401 70.434 70.436 69.164 67.804 62.119 62.244 62.688 62.811 62.99 63.54 63.235 63.407 63.804 63.823 63.983 64.132 64.342 65.101 73.151 76.891 77.709 75.404 71.699 67.174 66.311 66.911 68.161 68.631 68.359 70.904 71.271 67.609 68.801 69.684 72.464 74.289 74.506 74.501 72.631 68.714 66.926 67.419 67.271 66.694 66.656 66.646 66.716 66.969 67.536 66.901 69.919 73.646 73.959 73.856 73.446 71.104 69.229 68.071 68.039 67.526 67.559 67.609 67.554
59.781 61.029 60.596 61.449 61.606 62.601 64.976 68.631 69.279 69.734 68.496 62.104 62.004 62.324 62.46 62.796 63.094 63.97 63.714 63.459 63.685 63.821 63.988 64.142 64.253 64.379 72.265 76.362 75.429 71.624 66.256 66.409 65.844 65.796 65.849 66.126 66.396 73.659 73.244 68.381 66.799 68.786 69.066 69.966 72.014 70.871 70.379 68.416 67.276 67.454 66.829 66.574 66.569 66.569 66.636 66.734 66.856 66.904 71.239 74.094 74.716 74.721 73.811 70.249 69.364 67.284 66.979 66.941 66.956 66.959 66.954
59.739 60.714 60.516 61.689 67.106 68.376 67.091 62.816 66.866 68.716 66.854 62.011 62.129 62.329 62.544 62.695 62.866 63.245 63.471 63.589 63.692 63.865 63.989 64.132 64.255 64.374 65.854 69.51 70.861 65.989 65.476 65.589 65.661 65.721 65.824 65.934 65.989 68.916 67.979 66.621 67.606 70.731 71.484 71.881 72.654 70.894 69.616 66.954 66.534 66.594 66.574 66.464 66.459 67.029 66.631 67.211 67.989 67.261 70.256 74.301 74.746 74.711 73.659 71.801 70.349 66.981 66.956 66.929 66.914 66.904 66.859
60.556 60.654 60.676 69.489 69.394 69.334 67.149 63.786 64.391 61.961 61.899 61.971 62.206 62.376 62.626 62.778 62.894 63.082 63.204 63.541 63.736 63.849 63.967 64.12 64.257 66.162 68.852 72.595 68.331 65.986 65.474 65.574 65.654 65.714 65.791 65.896 65.974 66.024 66.281 66.269 67.856 72.266 73.949 74.184 74.259 73.564 71.549 67.371 66.589 66.949 66.354 66.281 66.369 66.926 66.464 66.551 66.956 67.166 71.744 74.231 74.349 74.014 74.476 74.244 72.341 67.966 67.486 67.206 67.146 66.851 66.811
60.181 60.439 60.821 66.024 68.549 69.624 69.236 68.089 66.101 63.484 64.389 63.329 63.071 62.389 62.606 62.842 62.942 63.102 63.249 63.395 63.641 63.811 64.067 64.409 64.815 69.228 73.134 72.751 71.41 69.464 66.254 65.691 65.649 65.934 65.791 65.869 65.931 66.011 66.179 66.209 69.771 73.666 74.311 74.449 74.414 73.874 70.986 66.981 66.219 66.289 66.234 66.186 66.231 66.251 66.274 66.571 66.994 67.294 70.161 69.961 70.491 70.364 70.489 71.561 69.984 67.371 67.221 68.766 67.574 68.084 67.294
60.301 60.936 60.659 62.836 67.551 69.706 69.714 69.764 69.051 67.926 65.609 61.734 63.104 62.949 62.598 62.791 62.921 63.126 63.283 63.438 63.594 63.717 64.922 64.693 65.678 69.235 72.316 69.378 68.731 72.336 67.591 66.149 66.631 67.159 66.941 66.516 66.059 66.016 66.241 66.259 69.444 73.806 74.291 74.391 74.356 73.906 72.051 66.956 66.329 66.219 66.196 66.114 66.131 66.094 66.161 66.224 66.254 66.541 68.431 72.029 71.879 70.811 70.646 71.616 67.931 68.361 68.129 67.861 69.906 70.454 69.416
60.306 63.301 61.859 64.971 68.714 69.771 69.731 69.689 67.809 67.706 63.669 61.989 62.176 62.376 63.958 63.077 63.378 63.116 63.268 63.412 63.603 63.76 64.04 64.226 65.113 65.809 71.409 68.731 69.277 69.816 65.514 65.251 65.446 66.329 67.281 66.559 66.691 66.289 66.874 66.561 70.539 71.091 72.034 72.521 72.761 72.879 72.051 67.156 67.484 66.996 66.031 65.979 65.996 65.986 66.074 66.151 66.224 67.424 72.044 73.804 74.119 73.754 73.706 72.411 69.314 68.891 66.536 66.526 67.314 70.721 67.894
