LIDAR-DSM-2M-TQ28ne/tq2585_DSM_2M.asc
ncols 500
nrows 500
xllcorner    525000
yllcorner    185000
cellsize     2
NODATA_value -9999
[rows 64 to 95 of 500, columns 360 to 431 of 500]
104.006 105.261 104.256 99.226 93.919 94.421 95.309 96.334 95.831 95.431 95.464 95.529 96.984 96.981 96.194 96.251 96.221 96.271 96.966 97.246 96.551 96.689 97.341 97.359 99.614 100.301 100.334 106.426 109.551 110.274 109.159 107.649 99.466 99.394 99.404 104.086 107.584 112.451 112.124 112.691 109.394 102.361 102.371 102.414 102.421 102.861 105.279 108.204 108.176 110.776 106.644 107.684 108.584 108.319 114.021 112.756 107.891 107.714 109.459 109.616 108.969 108.446 110.396 111.261 111.151 111.099 115.729 122.709 124.534 124.624 124.794 124.114
102.736 102.134 97.424 93.786 94.129 97.904 100.924 100.859 98.851 96.444 95.756 96.334 98.691 99.091 96.379 96.116 96.256 96.339 96.424 96.379 96.546 96.996 97.071 97.526 97.354 97.471 99.299 102.331 107.649 109.349 106.701 103.994 100.949 101.339 105.571 109.091 110.206 112.029 112.986 112.594 108.914 102.886 103.586 102.461 102.384 102.829 105.764 111.451 112.221 111.511 107.096 107.621 109.806 108.096 110.876 109.756 108.226 107.596 107.664 107.779 108.914 109.269 109.486 111.169 111.041 114.996 121.921 124.714 124.304 124.119 124.499 124.409
98.266 94.464 94.181 93.836 104.096 105.414 103.846 103.879 103.419 100.156 96.511 95.646 97.504 98.501 96.596 96.231 96.264 96.414 96.544 96.551 96.559 96.734 97.331 97.056 97.954 98.266 101.346 101.124 104.286 104.984 101.994 102.256 101.999 105.739 107.826 112.071 112.106 113.056 112.341 111.741 111.024 108.946 107.711 106.374 103.361 105.259 105.801 107.004 111.486 112.469 110.389 107.551 109.551 111.666 109.844 107.844 108.196 107.749 108.299 108.576 109.039 111.424 111.296 110.854 119.211 121.789 124.794 124.539 124.564 123.941 124.324 124.909
94.736 95.326 95.339 102.876 107.129 106.744 105.114 105.609 106.156 101.264 95.819 95.499 95.474 96.304 97.566 96.731 96.366 96.399 96.614 96.656 96.696 96.736 96.876 98.751 101.931 104.651 100.469 101.114 103.446 100.631 101.606 101.956 101.489 102.904 109.709 112.789 113.206 112.389 111.874 111.829 111.661 110.751 110.846 111.314 107.449 105.816 105.799 105.824 109.801 110.966 112.246 110.076 111.814 112.321 108.944 107.594 107.664 108.009 108.641 109.181 112.001 113.824 113.659 113.049 121.591 124.611 124.459 124.069 124.959 124.554 124.694 123.294
96.469 99.521 103.406 106.184 107.889 108.016 106.561 106.429 105.326 103.346 98.194 95.511 95.696 96.961 97.421 96.536 96.494 96.476 96.959 96.786 96.794 96.831 96.929 101.281 101.776 102.084 103.206 102.181 104.004 102.916 100.844 101.636 101.189 101.294 108.774 112.396 111.836 112.839 112.051 111.866 111.816 111.979 111.796 109.766 107.014 105.621 105.876 105.854 106.979 108.349 111.784 113.296 112.584 109.691 110.059 107.699 108.221 108.064 108.916 111.299 115.099 115.089 114.466 113.761 116.804 122.006 124.656 124.431 124.751 124.959 121.546 118.949
99.744 103.694 104.639 105.581 107.174 108.176 107.694 105.971 104.659 102.241 98.431 96.269 97.841 96.949 96.601 96.571 96.851 96.646 97.031 97.361 96.909 96.976 100.199 97.929 100.089 100.366 104.481 102.731 105.056 103.781 101.271 101.464 101.781 101.209 103.669 107.984 109.719 111.836 113.069 112.024 111.769 110.821 108.854 105.686 106.164 107.054 106.221 106.786 108.361 108.489 108.801 112.544 111.034 109.096 109.164 109.006 109.229 111.246 113.034 115.019 114.839 114.476 114.109 113.311 112.561 116.829 124.846 124.694 124.629 119.539 115.706 115.156
103.331 104.396 103.484 104.384 105.464 107.004 108.294 107.254 105.539 103.636 97.894 96.394 96.474 96.909 96.611 96.666 97.639 97.126 96.769 97.156 97.294 97.106 100.931 104.576 101.101 100.866 104.406 105.896 107.081 105.156 101.674 101.794 101.166 101.164 101.391 102.994 105.416 111.204 112.264 112.544 111.421 107.936 104.986 105.601 107.094 106.706 107.931 109.884 111.726 110.774 109.454 109.184 110.601 109.931 107.216 107.519 108.051 111.536 114.956 114.671 114.671 114.211 113.541 111.671 112.261 113.491 116.311 123.459 120.119 114.274 111.744 112.619
97.461 101.639 98.404 98.596 104.164 105.721 107.336 106.916 105.131 98.241 99.684 97.704 97.354 96.851 96.729 96.746 97.471 97.671 97.024 97.039 97.669 97.181 101.701 103.896 104.436 99.601 104.401 106.234 105.731 105.484 102.331 101.561 101.079 101.101 101.121 101.084 102.231 106.851 110.759 111.631 108.064 105.406 106.091 106.099 106.334 107.571 110.776 112.104 112.554 111.319 108.289 107.059 108.164 111.306 112.314 111.134 109.089 110.056 114.641 114.304 114.036 113.749 113.836 112.904 111.619 112.049 113.944 116.821 114.779 111.819 112.444 112.521
93.449 95.569 93.491 95.986 101.179 104.746 106.324 105.114 100.794 102.896 106.266 104.134 97.574 96.679 96.964 97.096 96.809 97.006 97.911 97.144 97.111 97.166 101.134 102.091 102.979 102.876 103.884 106.111 101.849 102.616 103.886 102.021 100.949 101.009 100.971 100.834 101.006 101.924 107.009 106.926 105.051 107.096 106.876 106.679 108.896 113.094 112.666 112.234 111.071 110.219 107.404 105.334 106.336 109.514 111.909 114.521 112.436 114.861 111.679 112.301 113.641 113.551 113.061 112.591 111.931 111.469 111.371 111.301 111.531 112.679 112.314 111.954
92.716 93.289 93.509 93.976 99.679 101.911 101.531 103.811 106.276 107.989 106.851 105.499 102.966 97.179 97.159 98.706 96.701 96.824 97.801 97.406 97.206 97.211 97.524 98.099 103.781 102.959 104.731 102.931 102.656 102.336 104.349 104.521 101.776 101.691 101.509 100.631 100.476 100.421 100.191 104.629 107.009 106.761 106.999 107.836 112.966 114.401 113.561 112.304 110.886 106.776 104.954 105.439 105.471 107.216 114.629 116.256 112.994 109.466 109.001 108.759 110.221 113.014 112.244 111.789 110.739 111.284 111.296 111.221 111.371 112.056 111.964 111.789
92.331 93.034 93.719 93.426 95.979 94.349 98.596 107.739 108.326 109.326 108.029 106.601 105.064 102.254 100.724 99.696 96.626 96.714 96.849 97.079 97.256 97.344 97.376 97.536 99.779 101.779 100.899 103.099 102.374 101.781 104.306 106.069 106.141 103.281 100.456 100.319 100.239 100.156 100.361 102.266 105.536 107.751 110.456 111.944 112.526 113.406 114.456 113.121 111.609 109.821 104.949 105.336 105.106 107.464 110.654 113.884 109.346 108.629 109.014 109.216 109.336 110.396 110.634 110.644 110.846 113.069 112.956 111.224 111.301 111.426 111.586 111.739
92.321 92.564 93.179 94.166 95.054 96.131 104.934 106.446 107.421 109.224 109.244 107.161 106.361 104.784 104.861 104.591 98.376 96.664 96.829 97.029 97.439 97.806 97.661 97.561 97.756 97.874 99.069 101.576 102.701 102.421 104.586 106.684 107.044 104.211 100.191 99.999 99.996 100.034 100.741 102.764 107.396 110.316 112.181 112.286 111.314 112.066 113.746 114.319 112.679 110.964 107.894 105.476 108.379 107.336 108.059 109.736 110.351 108.884 109.001 109.979 109.769 110.031 110.416 110.904 113.694 113.516 114.051 112.159 112.399 111.319 111.471 111.676
92.314 92.699 93.714 94.496 93.951 98.541 101.236 105.149 106.419 107.799 109.484 108.874 107.354 105.871 106.034 105.049 100.264 96.566 96.759 97.119 97.536 98.224 98.099 97.664 97.756 97.899 98.041 98.581 99.271 107.739 105.966 108.249 104.749 104.454 100.136 99.714 99.819 100.081 103.264 103.694 105.789 109.731 111.874 110.884 110.856 111.869 112.779 113.969 114.036 112.136 108.946 107.781 108.734 109.574 111.344 111.836 111.791 111.941 109.951 109.489 109.831 110.046 110.409 112.001 113.746 114.286 117.856 114.986 112.956 111.656 111.396 111.581
92.651 95.114 96.266 94.316 93.489 94.086 96.654 102.136 105.781 106.794 108.266 108.211 106.971 106.276 105.131 102.049 96.851 96.491 96.811 97.761 98.176 97.786 97.809 97.814 97.846 98.526 98.111 98.529 102.214 103.209 102.574 104.864 100.211 101.249 99.359 99.526 99.944 103.366 102.754 102.639 103.436 106.504 108.724 110.759 112.091 112.319 111.814 113.296 115.031 110.521 106.411 106.561 108.981 112.536 112.121 111.996 111.501 113.061 111.964 113.389 110.631 110.026 110.501 113.546 116.646 115.284 116.531 117.039 116.364 113.681 111.674 111.536
94.776 95.146 94.951 93.266 93.331 93.674 93.989 97.471 103.421 106.811 107.369 106.571 106.109 104.616 97.861 96.944 96.486 100.139 99.384 97.839 97.831 97.809 97.899 99.284 97.996 98.191 98.356 98.264 100.121 102.849 103.601 103.711 99.544 99.356 99.234 100.889 103.636 102.244 103.119 102.719 102.466 103.696 107.371 108.986 111.424 110.841 110.469 110.896 110.249 106.771 107.171 112.644 113.184 114.071 113.066 111.484 109.196 112.194 112.539 114.749 112.279 113.926 115.474 118.951 117.826 115.734 117.121 119.886 117.359 113.529 112.364 112.771
94.664 93.154 93.231 93.264 93.299 93.361 93.779 94.219 96.491 104.911 105.706 105.059 103.164 98.664 96.996 98.264 101.046 106.041 103.484 100.759 98.519 97.866 97.879 99.141 98.349 98.121 98.144 98.314 98.441 99.174 102.614 103.839 98.866 98.999 102.066 103.316 101.926 102.411 102.579 102.736 103.134 102.689 105.719 106.871 108.366 109.584 108.889 107.789 107.161 106.226 112.544 115.266 114.204 113.056 111.184 109.174 106.834 107.391 110.086 112.986 114.069 114.241 114.196 119.464 118.204 117.466 116.724 117.176 116.684 112.074 111.386 111.264
93.049 93.131 93.194 93.256 93.281 93.321 93.381 93.851 94.131 98.051 104.691 105.061 99.631 94.911 96.761 105.726 107.729 107.589 106.899 104.546 101.954 97.834 98.076 98.134 98.301 98.299 98.246 98.359 98.554 98.639 98.636 99.851 98.911 100.196 103.484 104.469 102.606 102.604 102.864 103.221 103.959 103.276 103.806 104.636 104.044 106.901 106.556 106.281 107.636 112.781 114.561 115.866 114.936 112.956 110.516 106.941 105.981 105.764 108.184 111.616 113.466 117.061 115.216 116.001 121.586 120.919 114.009 117.576 115.194 116.164 112.081 112.794
93.054 93.109 93.176 93.226 93.259 93.314 93.386 93.521 93.959 96.004 102.166 99.696 95.624 97.499 105.811 108.234 109.106 108.691 107.519 105.931 104.544 98.241 98.571 98.479 98.386 98.326 98.391 98.424 98.569 98.724 98.846 98.866 98.974 99.811 101.084 104.766 103.374 103.141 103.154 103.274 102.999 103.254 103.504 103.576 103.426 105.001 106.344 109.314 112.539 114.076 113.806 114.784 115.839 114.489 113.069 106.916 106.001 105.904 107.939 110.094 109.391 114.754 119.161 117.019 119.321 118.121 114.804 112.706 115.059 111.861 111.719 111.139
92.994 93.064 93.154 93.196 93.231 93.291 93.344 93.404 96.744 95.726 98.074 98.354 98.886 106.676 107.186 108.571 109.864 108.996 107.404 106.334 103.366 99.594 99.451 99.061 97.959 98.576 98.781 98.631 98.631 98.799 98.939 99.051 99.036 99.126 102.186 102.566 105.916 104.601 103.634 102.766 103.001 104.364 103.601 102.726 104.196 104.721 106.754 111.811 114.074 113.694 114.189 113.604 115.224 115.681 114.616 112.261 106.629 107.756 110.499 109.256 108.226 115.904 117.901 116.846 116.959 115.129 115.219 112.426 110.464 108.354 107.806 107.776
92.969 93.054 93.134 93.181 93.211 93.271 93.309 94.011 100.881 99.476 96.994 97.721 105.149 106.821 108.236 108.409 108.714 109.914 108.706 107.601 104.934 102.231 97.859 97.834 98.426 98.869 98.701 98.754 98.781 98.849 98.961 99.119 99.194 99.201 100.039 104.339 105.741 106.229 105.251 102.789 102.901 102.536 102.814 103.539 104.026 104.211 105.374 109.746 112.029 112.344 113.121 114.134 114.046 115.584 115.199 110.549 107.839 109.686 110.071 110.349 113.324 112.881 111.896 111.376 110.181 111.974 109.499 108.024 108.746 107.701 107.674 107.676
92.971 93.039 93.084 93.131 93.169 93.226 93.236 95.369 99.749 100.446 97.989 95.749 102.459 106.501 107.519 106.834 108.156 110.196 109.496 107.984 106.441 101.184 98.046 97.844 99.064 98.749 98.794 99.909 100.249 98.981 99.039 99.189 99.299 99.366 99.404 100.646 103.621 104.551 103.981 102.394 102.164 102.676 103.561 103.939 103.801 104.811 105.434 105.941 108.884 113.189 114.019 112.996 112.551 114.234 111.099 107.151 108.861 108.034 109.384 112.654 112.461 111.321 109.609 110.161 112.206 109.171 107.671 107.694 107.636 107.691 107.679 107.661
92.924 92.986 93.039 93.076 93.126 93.734 94.754 97.029 97.264 97.366 98.879 95.634 96.381 101.821 105.809 105.859 108.121 108.094 108.054 106.389 100.214 99.859 99.636 99.076 98.954 98.816 98.859 100.546 101.256 99.381 99.159 99.244 99.391 99.529 99.546 99.634 101.054 103.451 103.359 102.039 103.201 103.809 103.819 103.476 104.094 105.764 105.934 105.474 106.436 110.426 112.484 110.601 110.379 108.119 108.674 108.404 107.121 106.919 110.479 110.744 108.529 110.026 107.754 108.679 112.224 109.559 107.986 107.671 107.686 107.659 107.666 107.689
92.926 92.924 92.959 93.014 93.689 97.501 97.324 97.271 96.144 97.576 97.319 95.784 95.294 95.389 103.521 106.496 107.851 107.604 106.386 100.746 100.084 101.594 105.641 100.461 98.859 98.886 98.899 98.944 99.416 100.771 100.064 99.336 99.461 99.609 99.766 99.699 102.544 101.729 101.244 102.431 103.109 103.829 103.896 103.529 103.541 104.144 105.066 105.669 105.516 107.526 110.111 108.494 106.736 107.901 107.281 106.424 107.661 107.906 108.494 107.916 111.316 114.901 113.194 112.774 111.729 111.514 109.156 107.761 107.954 107.669 107.679 107.689
92.889 92.896 92.899 93.001 94.701 96.534 96.346 96.009 95.069 94.139 94.196 94.246 95.569 95.366 96.364 105.169 105.064 106.056 104.974 102.674 101.636 106.669 107.241 105.121 101.834 99.171 99.489 99.551 99.086 101.789 102.919 100.706 99.504 99.669 99.831 99.876 99.861 100.034 101.896 102.399 102.746 108.276 103.951 103.561 103.556 103.631 104.559 105.629 108.084 108.551 108.574 106.436 106.539 108.079 106.384 109.786 110.409 108.116 108.644 114.079 116.076 116.411 115.669 114.181 111.509 111.529 111.174 109.274 110.971 108.539 107.691 107.664
96.399 94.314 93.076 93.976 94.316 94.771 94.339 94.316 94.141 94.134 94.194 94.379 94.806 95.514 95.221 99.114 101.569 103.724 103.374 105.674 106.729 106.129 107.004 107.081 106.369 100.846 99.534 99.639 99.029 99.801 102.054 101.511 99.879 99.721 99.929 100.016 100.044 100.056 100.446 101.104 104.769 107.681 106.954 104.051 103.576 103.571 105.506 108.496 115.694 115.339 113.724 109.934 105.749 108.061 110.789 109.721 108.329 108.734 114.696 116.616 117.156 117.874 116.746 115.319 112.896 111.624 111.686 111.461 111.479 111.024 107.989 109.034
99.021 95.859 98.714 94.861 94.314 94.226 94.211 94.231 94.254 94.254 94.284 94.384 94.559 94.791 95.376 97.376 97.849 97.106 105.326 107.196 108.229 107.101 106.796 107.979 108.741 105.226 99.891 99.119 99.334 98.984 99.756 100.409 100.304 100.006 101.416 100.331 100.179 100.239 100.204 102.186 106.744 111.044 110.424 104.506 103.726 106.851 115.389 116.226 118.884 117.959 113.531 108.951 110.056 108.424 109.196 108.839 112.744 115.124 116.394 117.471 117.794 117.946 117.741 116.676 114.506 112.086 111.716 111.421 112.091 111.486 112.459 114.229
105.424 100.771 98.891 95.939 94.144 94.189 94.239 94.269 94.301 94.349 94.371 94.626 94.904 95.314 98.049 98.186 96.986 99.226 102.036 106.651 108.484 109.014 108.209 109.119 108.439 106.714 102.246 99.531 99.834 99.159 99.049 99.621 100.719 100.261 100.351 101.044 100.301 100.354 102.734 104.094 109.109 113.381 111.176 105.901 104.104 110.951 115.379 116.566 110.119 109.746 104.976 107.194 108.591 109.059 107.681 110.569 114.961 116.519 117.819 118.269 117.744 117.769 118.161 117.321 115.834 113.809 110.839 110.306 111.524 112.574 113.206 113.334
104.024 96.369 96.141 94.134 94.166 94.219 94.321 94.346 94.371 94.376 94.544 95.049 96.126 99.626 103.214 102.366 96.416 98.719 99.179 104.764 107.366 108.749 109.164 110.199 109.489 107.959 104.994 100.546 99.194 99.226 99.019 99.104 99.946 100.764 100.169 100.284 100.324 100.491 104.679 111.374 107.056 109.274 109.116 106.484 111.121 109.396 112.461 112.986 107.971 105.429 106.931 107.569 107.991 107.499 107.811 109.059 113.081 116.209 117.931 117.961 117.954 118.154 117.604 116.389 115.154 112.124 109.701 110.401 111.859 111.721 112.281 113.141
99.481 95.631 94.084 94.151 94.199 94.259 94.336 94.364 94.899 94.576 95.656 96.446 96.464 100.586 102.821 101.521 96.529 96.679 99.004 101.524 107.671 108.556 107.751 109.346 110.419 109.161 107.419 105.046 101.006 99.209 99.064 99.126 99.869 102.199 101.849 100.359 100.351 100.506 101.284 103.054 106.209 108.061 108.056 108.361 109.034 107.221 105.659 106.159 107.699 108.049 107.091 106.676 107.341 107.176 107.456 107.779 110.296 115.004 116.766 117.876 118.326 117.334 116.169 116.721 112.866 111.399 109.259 110.626 111.774 112.219 111.446 112.691
97.884 96.944 94.151 94.186 94.219 94.261 94.851 96.639 96.161 95.609 96.094 97.986 98.421 97.851 98.549 96.866 96.789 96.499 97.351 98.739 102.526 105.176 105.299 108.429 109.749 110.294 108.701 108.299 104.159 99.761 99.074 99.114 101.544 104.109 101.946 101.061 100.436 100.551 101.359 104.706 108.049 111.066 108.876 107.626 105.799 108.156 109.759 107.774 109.764 108.021 108.786 107.339 107.044 106.769 106.904 107.774 109.056 112.386 115.456 116.574 117.081 115.789 114.269 112.131 108.989 108.516 109.089 111.641 114.311 112.111 110.879 111.804
98.766 95.144 94.184 94.201 95.771 96.126 97.986 99.249 98.181 96.536 98.324 98.104 97.099 97.769 97.441 97.036 97.031 96.911 96.486 97.811 99.406 99.986 102.794 106.316 108.366 110.104 109.634 108.471 107.199 99.724 99.059 100.394 102.069 101.109 100.646 100.596 100.586 100.616 102.129 101.891 106.669 106.761 103.319 107.729 107.059 106.114 109.151 108.701 107.921 112.514 113.109 109.606 106.761 106.759 106.761 107.586 107.784 108.836 112.371 115.316 115.499 113.454 111.984 110.044 113.419 110.849 109.379 114.599 116.234 114.539 111.166 112.306
99.974 96.904 94.696 94.194 97.011 98.999 98.211 99.419 99.561 97.624 97.456 99.179 98.189 101.101 98.741 97.124 97.109 97.264 96.864 96.936 98.964 99.359 101.174 105.826 107.776 109.009 108.181 107.026 105.381 101.844 100.961 102.156 100.911 102.034 101.051 100.859 102.061 102.564 100.896 102.559 107.081 106.756 103.844 103.664 103.561 108.269 109.079 109.314 110.364 111.644 111.836 109.096 106.774 106.771 106.774 106.889 107.874 107.841 108.614 112.536 113.206 111.796 110.319 113.334 116.026 115.356 115.706 117.424 117.676 117.149 112.734 112.551
