LIDAR-DSM-2M-TQ28ne/tq2585_DSM_2M.asc
ncols 500
nrows 500
xllcorner    525000
yllcorner    185000
cellsize     2
NODATA_value -9999
[rows 32 to 63 of 500, columns 144 to 215 of 500]
91.745 91.983 94.885 102.835 98.138 93.71 103.927 95.202 96.277 99.59 97.505 97.132 96.542 97.677 96.982 98.675 98.262 97.352 98.1 98.615 101.802 99.322 97.752 97.802 97.902 98.02 98.115 98.25 98.377 98.517 98.655 99.775 100.405 100.375 100.38 100.355 100.47 100.397 100.342 100.325 100.305 100.307 100.287 100.292 100.257 100.25 100.257 100.255 100.217 100.202 100.187 100.162 100.207 100.215 100.737 103.047 99.69 100.887 100.42 107.1 104.777 99.807 102.122 101.032 101.41 100.822 99.235 98.7 98.52 98.44 98.297 98.187
91.495 94.68 101.658 105.635 95.613 98.483 101.617 99.995 97.137 94.587 100.045 103.157 96.117 101.812 97.29 98.495 97.247 98.572 101.052 102.452 100.757 99.767 99.407 97.865 97.97 98.072 98.197 98.327 98.45 98.582 99.38 100.377 100.402 100.397 100.392 100.38 100.365 100.357 100.345 100.33 100.342 100.332 100.322 100.285 100.295 100.28 100.27 100.255 100.237 100.235 100.225 100.197 100.18 100.165 100.662 101.22 102.62 103.315 104.677 108.455 107.77 103.68 107.227 100.32 104.29 101.35 99.597 98.515 98.397 98.317 98.197 98.085
91.465 91.693 91.478 91.505 93.03 103.765 97.992 96.555 93.645 97.567 100.912 99.337 98.892 98.86 99.917 98.582 99.385 98.747 99.282 104.525 98.707 97.845 98.257 97.92 98.025 98.132 98.275 98.385 98.517 98.62 100.105 100.365 100.395 100.402 100.405 100.447 100.467 100.362 100.362 100.34 100.342 100.327 100.33 100.3 100.297 100.295 100.307 100.295 100.272 100.242 100.23 100.225 100.227 100.205 100.187 100.997 103.752 102.017 105.532 107.875 105.63 102.965 102.92 101.182 105.315 104.68 101.142 98.445 98.322 98.172 98.082 98.077
91.405 91.423 91.435 91.463 91.563 92.853 92.077 96.08 97.345 97.855 95.662 95.235 99.102 97.672 99.23 99.747 101.012 100.312 101.87 102.807 98.535 98.172 98.18 98.022 98.1 98.215 98.325 98.452 98.595 99.602 100.342 100.347 100.362 100.372 100.627 100.48 100.405 100.385 100.38 100.372 100.36 100.367 100.335 100.325 100.307 100.302 100.297 100.315 100.282 100.255 100.262 100.267 100.25 100.227 100.207 100.202 100.177 102.127 104.747 104.805 103.462 101.275 100.215 102.3 105.64 105.112 100.535 98.807 98.667 98.507 98.035 98.037
91.41 91.393 91.438 91.483 91.528 91.568 91.752 93.417 96.027 95.772 94.045 93.7 95.697 98.245 97.975 97.64 101.037 104.665 101.065 98.49 97.885 98.1 98.327 98.285 98.205 98.285 98.397 98.517 99.052 100.312 100.325 100.337 100.355 100.357 100.39 100.402 100.4 100.41 100.407 100.4 100.38 100.372 100.36 100.352 100.332 100.325 100.32 100.33 100.31 100.282 100.285 100.267 100.257 100.232 100.222 100.217 100.215 100.16 100.362 101.647 100.322 101.847 103.615 103.61 106.045 104.95 102.72 98.465 101.235 98.195 98.017 97.97
91.373 91.315 91.458 91.515 91.538 91.68 91.972 93.877 93.577 94.032 94.075 93.682 94.317 99.967 95.25 98.902 101.122 100.412 99 96.53 97.692 102.362 100.787 98.442 98.425 98.322 98.46 98.555 99.865 100.31 100.285 100.312 100.325 100.342 100.342 100.355 100.375 100.402 100.397 100.41 100.397 100.4 100.392 100.36 100.36 100.36 100.345 100.332 100.295 100.287 100.3 100.292 100.265 100.265 100.255 100.24 100.217 100.205 100.207 100.2 100.047 100.512 104.535 105.65 105.585 103.505 98.597 101.332 100.82 98.625 97.997 97.952
91.263 91.183 91.443 91.57 91.638 91.793 93.132 102.807 109.41 97.702 93.5 94.035 94.085 94.645 95.407 97.995 95.615 98.095 101.435 97.112 97.82 103.707 103.097 101.765 99.962 98.412 98.527 99.42 100.257 100.28 100.27 100.27 100.3 100.322 100.32 100.347 100.355 100.395 100.395 100.39 100.417 100.417 100.392 100.385 100.365 100.357 100.36 100.335 100.322 100.332 100.322 100.315 100.292 100.295 100.275 100.242 100.24 100.237 100.23 100.215 100.182 100.21 102.412 101.197 100.105 98.83 102.977 102.845 100.97 98.125 99.137 99.897
91.303 91.23 91.465 91.423 91.728 93.22 95.7 102.322 106.057 95.77 94.63 94.12 94.332 94.967 95.282 95.385 95.657 96.297 97.125 97.772 100.817 103.052 103.81 103.582 100.585 98.45 98.795 100.027 100.262 100.287 100.265 100.28 100.292 100.322 100.312 100.347 100.35 100.362 100.377 100.387 100.387 100.407 100.417 100.407 100.402 100.395 100.37 100.357 100.34 100.332 100.327 100.327 100.317 100.307 100.305 100.287 100.255 100.257 100.26 100.212 100.2 99.342 99.917 100.722 99.06 98.64 99.475 103.815 100.407 100.877 102.847 99.217
91.343 91.223 91.468 91.495 92.013 93.833 93.31 94.532 94.902 93.875 95.035 94.05 94.472 94.847 95.06 95.372 95.677 96.255 96.432 96.58 100.627 101.317 104.727 106.832 100.815 98.557 99.695 100.212 100.252 100.265 100.237 100.247 100.27 100.28 100.305 100.322 100.342 100.342 100.342 100.37 100.375 100.39 100.407 100.405 100.407 100.39 100.37 100.377 100.372 100.352 100.355 100.335 100.325 100.322 100.302 100.292 100.27 100.282 100.27 100.217 99.542 100.237 101.08 101.742 100.982 98.557 98.312 100.187 103.365 101.772 102.402 101.545
91.213 91.248 91.395 91.488 93.365 96.668 95.895 93.622 93.512 93.925 93.747 94.275 94.757 95.917 99.165 99.79 99.102 96.507 96.925 96.417 99.19 99.755 104.25 104.692 104.882 101.977 100.175 100.215 100.23 100.242 100.235 100.237 100.255 100.257 100.272 100.3 100.32 100.345 100.342 100.347 100.382 100.375 100.382 100.402 100.387 100.422 100.407 100.395 100.385 100.377 100.372 100.36 100.35 100.342 100.332 100.327 100.3 100.285 100.29 100.092 99.857 100.975 101.695 101.315 99.202 97.68 97.785 102.96 104.835 105.835 104.485 99.332
91.36 92.065 91.605 91.89 94.448 93.683 94.242 93.885 94.545 94.692 93.872 94.507 94.865 100.38 102.242 102.78 102.575 101.102 97.812 96.687 98.272 99.352 100.225 100.23 102.14 100.297 100.18 100.18 100.202 100.22 100.2 100.222 100.237 100.262 100.252 100.277 100.307 100.32 100.33 100.342 100.352 100.36 100.377 100.377 100.385 100.385 100.415 100.397 100.387 100.392 100.402 100.367 100.36 100.36 100.34 100.342 100.332 100.3 100.22 99.437 100.89 101.655 101.632 100.485 97.857 97.64 97.607 98.245 101.355 101.832 101.735 104.185
91.413 93.153 92.813 93.545 94.618 93.595 94.55 94.385 93.987 93.99 93.845 94.352 98.605 102.22 102.532 103.31 103.842 103.542 102.29 99.12 97.29 98.815 98.727 101.217 101.815 101.655 100.352 100.185 100.185 100.197 100.187 100.21 100.237 100.227 100.247 100.257 100.28 100.297 100.285 100.312 100.322 100.322 100.352 100.362 100.372 100.4 100.392 100.382 100.395 100.42 100.412 100.405 100.387 100.38 100.377 100.347 100.31 100.32 100.015 99.712 101.572 101.527 100.735 98.512 97.642 97.65 97.627 97.542 97.86 100.022 103.345 106.837
91.643 94.065 93.935 93.445 93.783 93.868 94.29 94.862 93.885 93.765 93.787 94.065 98.695 102.082 103.025 103.755 104.382 104.235 103.827 103.392 102.25 101.19 100.335 101.342 101.86 101.94 101.647 98.997 99.545 100.16 100.167 100.197 100.21 100.207 100.232 100.247 100.265 100.265 100.265 100.295 100.307 100.325 100.332 100.335 100.355 100.377 100.382 100.372 100.387 100.422 100.422 100.415 100.392 100.39 100.382 100.36 100.332 100.235 99.517 101.162 101.767 100.43 98.02 97.68 97.645 97.655 97.607 97.572 97.557 97.54 102.342 98.63
93.385 96.113 93.743 94.275 94.94 94.955 94.847 93.995 93.657 93.68 94.527 94.947 96.982 101.395 103.215 103.732 104.19 104.537 104.477 104.102 103.66 103.222 102.045 99.667 101.132 102.37 99.385 98.477 99.217 99.697 100.032 100.162 100.185 100.192 100.205 100.232 100.252 100.25 100.257 100.277 100.295 100.302 100.317 100.33 100.332 100.357 100.365 100.372 100.372 100.39 100.407 100.41 100.41 100.405 100.362 100.375 100.347 99.445 99.01 99.232 100.67 98.032 97.6 97.6 97.632 97.627 97.59 97.567 97.59 97.565 97.525 97.527
91.92 92.738 94.64 94.603 94.743 95.175 95.427 94.062 93.625 93.75 94.302 95.44 97.665 98.662 101.57 103.017 103.467 103.917 104.342 104.625 104.367 103.947 103.467 102.255 98.547 101.272 98.82 98.485 98.547 98.572 99.225 100.075 100.192 100.177 100.192 100.192 100.227 100.23 100.237 100.252 100.272 100.295 100.297 100.307 100.307 100.315 100.342 100.34 100.357 100.37 100.375 100.377 100.39 100.412 100.385 100.37 100.12 99.185 98.587 98.475 98.15 97.632 97.565 97.592 97.61 97.592 97.552 97.565 97.577 97.57 97.552 97.532
91.378 91.643 93.045 94.75 93.813 95.035 94.827 93.73 94.06 95.967 94.305 95.907 96.657 97.255 97.55 99.262 101.855 103.195 103.632 104.08 104.467 104.05 103.332 101.895 99.312 100.69 98.405 98.48 98.717 98.755 98.62 98.72 99.45 100.03 100.167 100.207 100.205 100.222 100.225 100.242 100.247 100.272 100.27 100.29 100.325 100.335 100.315 100.32 100.342 100.357 100.362 100.357 100.387 100.385 100.395 100.395 99.36 98.68 98.517 98.452 97.72 97.577 97.56 97.562 97.55 97.547 97.552 97.565 97.572 97.55 97.537 97.542
91.675 93.418 93.455 94.558 94.348 93.833 94.082 95.612 99.19 96.782 93.995 95.287 95.61 96.017 97.267 97.752 96.752 100.295 102.677 104.255 103.792 103.615 102.935 101.292 101.245 102.62 99.127 98.517 98.495 98.492 98.575 98.66 98.62 99.287 100.012 100.197 100.172 100.185 100.202 100.22 100.24 100.245 100.275 100.255 100.297 100.28 100.29 100.31 100.347 100.34 100.342 100.352 100.357 100.375 100.392 100.602 99.982 98.93 98.5 98.022 97.59 97.577 97.585 97.55 97.552 97.557 97.537 97.562 97.54 97.547 97.54 97.542
92.943 93.26 93.838 93.913 94.938 95.015 95.022 95.035 95.7 95.515 95.21 94.14 94.337 95.122 95.452 95.185 96.175 96.37 98.585 102.41 104.492 104.825 101.852 101.212 99.427 98.13 98.312 98.662 98.592 98.53 98.51 98.575 98.53 98.652 98.947 100.277 99.647 100.16 100.185 100.197 100.207 100.227 100.24 100.262 100.255 100.282 100.295 100.3 100.307 100.34 100.302 100.347 100.355 100.357 100.25 102.482 102.737 99.017 98.317 97.65 97.567 97.575 97.572 97.557 97.56 97.565 97.557 97.547 97.515 97.54 97.567 97.557
97.89 96.503 94.408 98.415 94.763 95.413 96.297 94.497 94.477 99.637 96.167 94.432 94.425 94.657 94.877 95.99 98.487 96.692 102.957 104.277 101.287 103.872 100.437 97.982 98.157 97.98 98.002 98.245 98.455 98.682 98.62 98.59 98.5 98.57 98.655 101.145 101.942 100.592 99.825 100.19 100.197 100.2 100.22 100.24 100.242 100.257 100.265 100.297 100.537 100.317 100.307 101.22 101.605 100.347 101.267 101.167 99.845 98.482 97.857 97.585 97.59 97.582 97.57 97.565 97.57 97.552 97.547 97.555 97.527 97.52 97.525 97.55
99.603 100.828 96.985 95.73 98.445 95.763 97.487 96.147 98.892 94.34 95.77 95.15 94.552 94.767 95.065 96.132 97.105 98.77 100.59 105.337 100.267 105.147 99.417 97.892 98.035 98.04 98.045 98.13 98.187 98.472 98.67 98.787 98.677 98.552 98.685 100.267 102.29 102.135 101.38 100.197 100.222 100.185 100.21 100.212 100.227 100.252 100.24 100.25 100.297 100.272 100.302 100.455 101.902 102.47 101.207 99.325 98.497 98.122 97.575 97.585 97.595 97.575 97.555 97.545 97.572 97.602 97.575 97.545 97.542 97.55 97.532 97.542
98.908 98.413 99.803 97.795 95.928 97.933 99.782 103.747 103.84 99.405 97.945 94.487 94.67 94.892 95.647 96.66 98.862 100.595 99.747 100.692 105.215 102.23 97.992 97.822 97.892 97.987 98.197 98.45 98.125 98.172 98.337 98.56 98.665 98.622 98.727 98.605 99.587 100.92 100.955 98.835 99.44 99.565 100.142 100.197 100.207 100.227 100.225 100.232 100.24 100.272 100.492 102.152 103.37 101.677 103.13 99.602 98.33 97.717 97.545 97.552 97.57 97.547 97.567 97.572 97.562 97.585 97.582 97.565 97.545 97.535 97.56 97.582
101.46 105.308 100.555 100.18 97.553 102.02 100.26 105.397 106.505 99.855 95.99 94.582 94.762 94.972 95.21 95.937 99.39 104.172 102.562 105.137 104.32 102.087 97.677 97.755 97.822 97.897 98.015 98.13 98.21 98.177 98.14 98.232 98.477 98.6 98.545 98.447 98.637 98.665 98.6 98.627 98.627 98.877 99.875 100.19 100.18 100.185 100.182 100.235 100.237 100.255 100.267 102.455 103.235 103.087 100.682 99 97.865 97.582 97.547 97.537 97.53 97.527 97.562 97.592 97.58 97.545 97.575 97.575 97.57 97.547 97.57 97.567
100.398 99.473 100.083 103.79 104.385 97.198 101.11 103.772 104.385 101.34 94.57 94.687 94.84 95.055 95.337 96.107 100.552 103.237 105.75 103.032 102.907 99.965 97.695 97.727 97.73 97.842 97.93 97.992 98.097 98.187 98.212 98.635 98.28 98.362 98.347 98.417 98.59 98.622 98.54 98.537 98.565 98.587 98.59 99.655 99.737 100.162 100.157 100.207 100.222 100.24 100.252 100.955 100.655 101.237 98.435 98.152 97.585 97.59 97.575 97.54 97.547 97.532 97.555 97.582 97.575 97.542 97.56 97.57 97.58 97.57 97.585 97.597
94.793 97.098 104.395 102.768 105.023 101.51 103.955 103.367 99.372 96.325 94.6 94.77 94.95 95.257 95.51 98.215 102.042 108.252 102.517 99.515 99.232 98.66 97.707 97.715 97.722 97.765 97.857 97.942 98.035 98.177 98.205 98.352 98.327 98.29 98.252 98.412 98.535 98.52 98.575 98.537 98.527 98.537 98.597 98.605 99.45 99.592 99.58 100.16 100.202 100.2 100.222 99.992 99.88 100.112 98.325 97.71 97.582 97.59 97.59 97.56 97.535 97.532 97.55 97.572 97.562 97.537 97.587 97.587 97.587 97.557 97.58 97.607
95.063 95.27 97.765 103.06 98.405 98.608 99.057 101.842 98.365 98.632 97.092 94.88 95.067 95.475 100.025 99.797 103.252 106.972 101.265 98.645 98.21 97.68 97.707 97.72 97.755 97.765 97.795 97.855 97.932 98.06 98.115 98.235 98.372 98.22 98.222 98.335 98.317 98.39 98.425 98.6 98.59 98.58 98.557 98.545 98.597 98.592 99.155 99.44 100.065 100.162 99.665 99.52 98.755 98.382 97.897 97.632 97.6 97.605 97.575 97.552 97.542 97.55 97.562 97.567 97.537 97.547 97.56 97.57 97.577 97.577 97.597 97.615
94.588 94.768 101.118 98.705 95.275 94.053 100.242 101.727 95.43 98.767 96.842 95.02 95.235 95.465 100.182 102.36 105.085 105.727 100.557 97.76 97.635 97.652 97.69 97.732 97.735 97.732 97.777 97.795 97.82 97.94 98.025 98.06 98.105 98.145 98.31 98.337 98.317 98.147 98.29 98.467 98.69 98.642 98.58 98.505 98.48 98.917 98.522 98.39 100.172 100.062 100.522 100.67 99.752 98.042 97.63 97.607 97.6 97.595 97.575 97.565 97.575 97.58 97.56 97.565 97.532 97.535 97.57 97.562 97.54 97.585 97.617 97.592
95.16 94.67 100.45 95.07 94.135 94.12 97.79 96.18 94.565 95.805 95.245 95.14 95.36 96.027 97.345 100.117 102.7 100.567 98.727 97.61 97.65 97.657 97.68 97.722 97.735 97.735 97.755 97.775 97.777 97.822 97.905 97.997 98.08 98.095 98.18 98.192 98.24 98.175 98.117 98.095 98.26 98.402 98.452 98.457 98.477 98.52 98.305 98.012 98.66 101.645 101.535 100.37 98.822 97.685 97.58 97.597 97.602 97.57 97.555 97.58 97.61 97.597 97.582 97.567 97.537 97.532 97.56 97.547 97.53 97.555 97.577 97.547
100.628 100.08 99.5 94.84 93.978 94.06 94.187 94.377 94.585 94.79 94.997 95.23 95.462 96.725 98.63 99.14 100.985 99.425 98.067 97.63 97.642 97.68 97.695 97.725 97.75 97.752 97.78 97.785 97.792 97.792 97.835 97.865 97.972 98.055 98.097 98.157 98.157 98.205 98.19 98.155 98.122 98.102 98.252 98.265 98.317 98.262 98.057 98.58 100.195 102.822 101.647 99.422 98.6 99.017 98.41 97.642 97.575 97.567 97.57 97.577 97.602 97.61 97.585 97.565 97.56 97.567 97.562 97.547 97.527 97.52 97.532 97.48
102.675 102.28 101.433 100.015 97.233 94.493 94.092 94.31 94.527 94.767 95.062 95.325 95.62 95.935 97.1 98.162 100.282 98.615 99.142 97.622 97.632 97.647 97.69 97.712 97.717 97.752 97.777 97.792 97.785 97.797 97.807 97.855 97.845 97.917 98.035 98.085 98.115 98.21 98.172 98.235 98.207 98.02 98.015 98.11 98.162 98.095 98.742 102.45 106.445 104.21 104.605 97.72 97.087 97.845 98.427 97.54 97.525 97.507 97.547 97.562 97.592 97.61 97.6 97.587 97.575 97.562 97.547 97.552 97.527 97.52 97.5 97.007
103.848 103.718 102.808 101.993 101.415 98.86 95.02 94.22 94.492 94.807 95.15 95.452 95.765 96.022 96.252 97.61 100.417 99.78 97.787 98.625 98.635 98.367 97.695 97.722 97.75 97.767 97.752 97.797 97.782 97.79 97.807 97.83 97.835 97.84 97.865 97.94 98.017 98.052 98.112 98.217 98.09 98.077 98.155 97.995 97.935 97.877 100.595 106.037 107.365 107.092 105.875 103.925 98.305 96.88 98.722 97.852 97.397 97.42 97.467 97.512 97.575 97.57 97.597 97.59 97.587 97.565 97.545 97.565 97.557 97.495 97.265 96.69
103.135 103.965 104.12 103.42 102.543 101.685 100.695 97.585 94.992 94.982 95.277 95.59 95.907 96.145 96.587 98.67 99.722 99.08 102.097 100.92 99.737 99 98.202 97.717 97.752 97.78 97.81 97.807 97.787 97.785 97.807 97.812 97.825 97.825 97.83 97.832 97.9 97.96 97.972 98.042 98.02 98.017 98.057 98.067 97.807 97.872 104.362 106.7 107.95 107.992 107.532 106.942 103.577 96.842 98.467 98.582 97.717 97.29 97.28 97.455 97.527 97.542 97.577 97.572 97.57 97.577 97.565 97.552 97.512 97.462 96.81 96.572
101.06 102.53 103.47 104.103 103.365 101.938 100.475 99.08 96.982 95.162 95.495 95.845 96.142 96.375 96.675 96.99 97.242 97.567 100.517 104.085 101.392 101.345 98.212 97.707 97.755 97.777 97.8 97.817 97.785 97.792 97.805 97.815 97.825 97.84 97.845 97.877 97.885 97.9 97.887 97.907 97.932 97.952 97.897 97.845 97.8 102.922 106.702 107.602 108.497 108.2 107.275 107.002 100.907 96.215 96.547 97.312 96.185 95.947 96.42 96.835 97.092 97.422 97.515 97.55 97.562 97.552 97.562 97.545 97.495 97.135 96.582 96.555
