LIDAR-DSM-2M-TQ28ne/tq2588_DSM_2M.asc
ncols 500
nrows 500
xllcorner    525000
yllcorner    188000
cellsize     2
NODATA_value -9999
[rows 32 to 63 of 500, columns 71 to 141 of 500]
79.844 82.007 79.649 75.942 75.144 76.992 76.184 75.252 71.582 72.127 74.402 76.094 71.922 70.802 70.917 71.562 72.059 71.354 72.517 74.544 78.209 74.629 70.684 70.079 70.054 70.502 71.279 70.027 69.992 70.039 69.982 71.854 73.907 72.509 72.362 71.049 70.329 75.659 77.567 76.39 75.223 72.12 70.632 70.502 70.504 70.462 70.455 70.891 70.915 70.624 70.843 70.933 71.386 71.465 71.642 71.399 72.904 72.827 73.644 71.299 70.814 70.824 70.899 71.197 71.712 71.349 70.924 71.552 71.987 71.264 71.347
73.969 81.047 78.924 76.109 75.684 72.727 72.779 72.004 72.334 73.142 73.294 72.299 71.982 71.117 71.089 71.732 72.932 71.422 72.099 71.364 70.487 71.649 70.944 70.407 70.664 70.779 70.952 70.122 70.094 70.162 70.274 73.997 73.247 72.362 70.634 71.617 71.479 76.024 77.629 76.62 75.393 73.009 70.501 70.456 70.451 70.473 70.811 73.017 73.062 72.057 72.396 72.161 71.803 72.679 72.764 71.814 72.707 73.517 73.139 72.279 70.847 70.939 70.852 71.169 71.249 71.779 71.047 70.987 71.124 72.649 75.282
73.322 78.814 77.519 75.992 75.517 71.949 71.352 71.389 71.759 71.739 71.699 71.087 71.392 72.382 71.279 74.324 74.957 72.759 70.957 72.064 70.664 71.444 74.137 73.372 72.372 72.097 70.677 70.202 70.229 70.269 71.894 72.174 72.309 71.959 71.567 72.577 71.192 74.544 78.962 75.995 74.337 72.755 70.495 70.999 71.399 71.768 73.652 74.585 72.851 70.854 70.739 71.044 72.206 71.698 71.047 71.189 71.789 72.294 73.057 71.957 70.892 70.907 70.892 70.952 71.072 71.604 71.547 71.222 72.532 76.259 77.859
73.852 75.322 74.402 72.829 73.992 72.912 71.569 71.394 71.402 72.294 72.407 71.647 71.299 71.784 71.757 74.872 78.922 77.474 71.979 70.784 71.304 71.909 74.054 73.647 74.217 72.732 70.369 70.304 70.377 70.372 71.359 71.522 71.654 70.602 72.422 71.634 70.274 70.262 70.652 71.507 71.707 71.82 71.896 72.288 71.872 71.315 70.882 70.995 70.774 70.782 71.44 71.723 71.188 70.948 70.982 71.202 72.412 73.587 72.149 71.714 70.967 70.952 70.992 71.437 73.344 73.817 73.462 74.349 76.844 78.377 79.812
74.359 73.857 73.029 72.489 71.894 71.599 72.387 71.484 71.459 71.417 73.422 73.124 72.527 73.189 75.392 78.907 80.004 79.714 73.527 70.707 70.779 72.569 72.999 73.614 70.599 71.639 70.457 70.457 70.482 70.487 71.067 72.514 73.597 73.057 72.619 72.344 71.057 71.142 71.362 70.552 71.479 71.213 70.903 71.05 70.897 70.821 70.818 70.936 71.662 71.683 71.36 71.039 71.042 71.018 71.032 71.612 74.179 73.069 74.029 71.509 71.039 71.079 71.207 73.114 76.229 76.882 77.437 77.809 79.137 79.757 79.064
73.494 74.099 72.477 72.342 71.717 71.632 71.707 72.687 71.499 71.654 72.809 75.392 76.604 77.649 78.807 80.914 80.177 80.119 78.517 72.179 70.907 72.064 72.017 70.669 70.577 71.032 70.542 70.517 70.534 70.549 70.499 70.722 72.399 73.307 72.937 73.512 72.212 71.484 70.512 70.762 73.032 71.983 71.274 70.916 70.872 70.89 71.461 72.054 72.555 71.15 71.109 71.104 71.133 71.068 71.339 72.767 73.549 75.507 74.032 72.464 71.412 71.142 71.232 71.899 75.742 77.392 78.549 79.877 79.857 78.542 76.829
73.424 74.042 71.889 72.147 72.029 71.754 71.672 72.289 72.579 71.882 75.699 77.179 78.267 79.389 80.217 79.904 78.632 78.542 74.744 71.334 71.117 70.859 70.979 70.667 70.649 70.614 70.587 70.537 70.529 70.552 70.569 71.659 73.767 71.314 73.669 73.819 72.082 70.952 72.072 76.574 76.781 75.453 72.608 71.023 71.042 71.927 71.736 71.418 72.226 71.35 71.171 71.176 71.184 73.18 72.522 71.619 71.317 72.354 71.832 72.719 72.239 71.304 71.269 71.704 77.484 79.137 79.702 79.172 77.982 74.679 71.342
72.504 71.922 71.899 72.042 72.532 72.252 71.769 72.812 73.654 74.094 77.557 78.824 79.867 80.072 79.142 77.267 74.579 71.952 71.674 71.324 70.964 70.832 70.812 70.767 70.724 70.667 70.582 70.499 70.549 70.549 70.614 70.609 73.752 71.152 73.604 72.007 70.694 72.437 76.532 78.339 77.871 76.509 75.209 72.367 72.661 71.709 71.289 71.262 71.236 72.048 71.255 71.274 72.07 72.952 71.734 71.262 71.302 73.652 71.889 72.477 73.304 72.372 71.372 71.369 74.704 79.547 78.599 77.137 73.732 71.932 71.174
73.299 72.334 71.967 71.927 73.397 73.157 73.722 75.742 75.619 78.127 79.824 80.239 79.672 77.372 76.127 72.597 71.427 72.922 71.974 71.502 71.292 70.927 70.912 70.849 70.722 70.642 70.664 70.882 71.259 70.692 71.597 70.662 72.122 71.779 70.804 71.177 70.709 70.817 74.227 77.322 78.396 78.129 78.369 74.444 71.812 71.329 71.311 71.358 71.297 73.151 73.628 72.862 72.243 71.386 71.362 71.392 71.409 72.637 72.522 73.939 73.659 72.804 71.939 71.577 72.692 75.939 75.639 72.377 71.437 71.892 71.464
73.559 74.212 72.884 72.087 72.942 75.042 76.649 77.502 78.702 80.334 81.332 79.099 77.594 74.619 71.349 71.794 71.862 71.402 72.169 71.694 71.119 70.994 70.922 70.829 70.872 70.954 71.442 73.649 72.039 70.684 73.042 71.297 70.769 70.927 71.084 70.954 71.227 70.732 70.934 74.492 78.193 79.096 77.895 75.842 72.847 71.362 71.379 71.925 72.434 74.062 73.674 72.041 72.644 72.432 71.664 71.802 71.722 72.149 73.867 75.007 74.109 74.509 73.762 71.467 71.452 71.762 71.854 71.399 71.502 71.374 72.224
73.074 73.197 73.267 72.954 73.684 76.857 77.984 79.234 80.217 79.694 78.507 76.432 71.482 71.447 71.592 71.647 71.617 71.947 71.264 71.184 71.064 70.997 70.919 71.779 73.429 72.182 72.522 72.439 71.089 70.909 73.564 71.034 70.799 70.892 71.622 71.269 71.802 71.284 71.397 72.287 77.514 78.262 78.02 76.74 75.03 71.821 71.419 72.527 73.767 73.612 72.406 72.903 73.109 72.088 72.342 73.517 72.199 72.062 75.974 74.749 74.769 74.189 74.699 72.472 71.469 71.472 71.467 71.759 71.834 71.522 71.397
73.347 72.099 72.287 74.647 75.777 78.669 79.802 80.137 79.224 78.027 75.129 72.767 72.214 72.899 73.772 71.697 71.957 71.494 71.247 71.167 71.057 71.009 71.009 71.267 71.649 71.562 71.132 71.099 71.039 71.117 70.979 70.734 70.744 70.877 71.024 71.192 71.052 71.582 71.939 71.274 73.37 77.135 78.416 77.548 74.504 71.447 73.004 73.527 72.542 72.018 71.692 72.376 72.564 72.173 72.339 71.977 71.594 74.419 76.189 76.879 75.594 73.227 74.337 73.587 72.179 71.509 71.442 72.912 71.537 72.862 71.709
72.167 72.149 75.124 77.649 79.879 80.164 79.777 78.687 76.717 73.114 71.867 72.519 74.264 74.209 73.319 71.739 71.382 71.327 71.374 71.289 73.572 71.352 71.732 71.889 72.822 72.817 71.862 71.377 71.119 71.054 71.059 70.917 70.827 70.867 70.959 71.427 71.684 71.252 71.512 71.282 71.405 75.282 77.624 78.429 72.457 72.194 73.199 72.341 71.599 71.581 71.609 71.717 71.796 72.258 71.947 71.639 71.744 76.192 78.524 76.827 78.064 75.882 74.312 74.042 75.352 73.259 71.584 71.544 71.427 71.472 71.647
73.212 75.127 79.237 79.754 80.624 79.624 78.237 75.647 71.929 72.069 72.637 71.802 73.597 72.424 71.534 71.474 71.432 72.792 73.057 71.244 73.132 72.359 71.337 74.879 75.747 76.387 77.077 75.544 74.997 72.722 71.737 71.012 71.022 70.897 70.987 71.077 71.524 71.224 71.422 71.412 71.312 72.59 74.883 72.242 71.842 73.764 75.282 72.236 71.836 71.838 72.262 72.392 72.66 72.332 71.747 71.717 71.782 75.204 77.152 75.379 76.799 72.622 74.657 76.919 79.112 76.997 72.304 71.767 71.489 72.144 72.362
73.517 73.152 79.617 79.847 78.774 77.429 74.322 72.119 72.572 72.177 71.922 71.644 72.109 71.692 71.572 71.614 73.529 74.712 74.614 72.639 72.299 71.397 71.282 78.319 78.119 77.962 78.517 77.997 77.532 75.757 75.027 71.664 71.527 71.052 70.952 71.072 71.124 71.094 71.169 71.452 71.576 71.32 71.524 72.1 75.682 79.247 78.735 74.406 71.955 72.051 72.994 72.567 72.249 72.07 71.817 71.959 72.574 72.844 72.227 73.534 73.297 72.802 74.977 75.989 78.552 77.609 74.304 73.202 72.084 71.937 72.007
74.034 73.419 74.259 78.177 76.297 72.097 73.322 73.009 72.237 73.934 72.559 71.752 71.724 71.664 71.604 72.107 73.454 75.417 72.424 72.159 72.557 73.217 71.702 78.344 78.472 78.737 78.917 79.944 78.612 78.149 77.062 71.879 72.072 71.187 71.647 71.084 71.174 71.174 71.164 71.522 72.446 72.38 72.533 74.045 77.181 78.866 79.056 77.379 74.023 73.089 72.083 71.946 71.933 71.884 72.402 73.109 72.314 72.507 73.322 73.544 72.382 72.757 72.939 74.939 77.067 75.787 74.954 73.154 72.137 71.432 71.434
76.762 74.824 73.112 74.394 74.487 72.694 72.369 72.277 72.574 72.087 71.872 71.809 71.749 71.717 73.329 74.782 73.119 73.404 71.844 71.772 75.279 75.564 73.217 73.739 75.502 75.924 76.929 77.757 78.069 78.662 76.239 72.007 71.689 71.659 74.654 74.314 71.209 71.274 71.259 74.184 74.469 77.728 77.157 75.465 76.525 78.513 79.418 79.059 76.285 72.324 72.141 71.961 72.125 73.045 73.016 72.527 72.084 72.079 72.099 72.097 72.272 72.044 72.607 73.937 74.222 75.107 73.254 72.784 71.402 71.424 72.224
73.957 73.682 75.207 72.444 72.484 72.272 72.169 72.912 72.157 71.949 71.954 72.422 71.744 72.584 75.624 76.439 73.067 73.997 71.887 72.194 75.082 75.459 73.812 71.864 71.804 72.007 73.589 72.169 74.267 75.957 73.122 71.989 71.797 71.994 73.882 75.304 72.222 71.329 71.319 71.447 73.149 77.773 78.403 75.872 73.386 78.055 79.085 79.49 78.156 75.258 74.579 73.469 73.18 72.893 72.493 72.149 72.114 72.107 72.092 72.939 72.109 72.084 72.497 73.849 74.362 73.224 71.997 71.467 71.782 71.517 71.632
74.002 73.069 73.279 72.532 72.257 72.789 72.332 72.077 72.004 71.962 72.292 72.244 71.914 73.529 73.942 75.262 75.404 72.727 71.887 71.837 74.242 74.864 72.374 71.794 71.737 73.204 73.807 72.332 71.707 72.334 72.412 71.872 71.892 72.002 73.429 73.012 71.259 71.272 71.344 71.374 72.777 76.231 77.079 75.5 72.518 75.138 78.713 78.891 79.069 77.713 75.417 74.815 72.773 72.678 72.445 72.144 72.159 72.142 72.152 73.457 74.227 72.717 73.067 73.292 71.932 72.024 71.547 72.742 74.387 74.982 74.327
72.782 73.604 73.962 74.149 72.429 72.387 72.144 73.037 72.719 72.057 71.932 72.447 72.382 72.927 75.002 74.242 74.117 73.089 72.632 71.969 71.944 71.864 71.829 71.882 71.912 73.462 73.412 72.144 71.867 71.904 71.877 71.892 71.939 72.944 73.052 71.552 71.394 71.272 71.374 71.457 72.159 72.774 72.757 72.591 71.92 73.077 76.72 77.578 79.192 79.286 77.134 75.271 73.854 72.362 72.199 72.179 72.187 72.184 72.194 73.239 73.074 72.912 72.819 72.317 71.659 72.334 72.589 74.597 78.569 79.199 76.807
72.667 73.107 73.699 73.779 72.302 72.242 72.249 72.327 74.974 74.124 73.352 73.024 73.407 77.217 78.094 74.017 74.637 76.214 74.517 72.487 71.994 71.939 71.939 71.927 71.987 75.404 73.649 72.347 71.954 71.974 71.974 71.957 72.669 74.129 73.824 71.874 71.532 71.452 71.367 71.477 71.517 71.898 71.617 72.161 71.99 71.943 72.568 76.189 78.318 79.483 79.297 75.904 72.226 72.101 72.199 72.222 72.222 72.254 72.567 73.107 72.609 71.917 71.787 71.734 72.704 74.342 75.882 76.304 79.832 79.792 74.984
73.382 73.274 72.412 72.372 72.327 72.777 72.629 72.112 72.844 72.667 72.944 74.962 77.527 79.982 80.144 73.897 75.767 75.299 74.622 72.314 72.257 72.984 72.997 72.844 72.839 78.094 76.067 71.964 71.999 74.342 72.887 73.667 74.412 74.962 74.557 72.262 72.614 71.659 71.497 71.454 71.567 71.637 71.625 71.735 72.727 72.505 72.813 73.873 77.274 78.795 79.747 77.765 73.604 72.188 72.694 72.549 72.689 73.094 73.334 73.129 72.104 71.799 72.524 74.957 75.982 74.112 74.382 76.602 77.937 76.927 74.544
72.794 72.517 72.437 72.402 72.314 72.547 72.317 72.984 73.419 73.542 74.482 78.574 80.642 81.504 81.362 78.629 73.307 74.257 72.482 72.349 72.784 73.829 72.967 72.112 73.139 72.149 71.979 71.964 71.994 72.187 71.974 72.994 74.482 74.544 77.202 77.527 73.324 72.449 71.717 71.514 71.597 71.674 71.719 71.898 73.441 73.353 72.187 74.371 78.606 78.679 79.122 76.905 72.795 72.631 74.497 74.994 74.654 73.342 72.237 72.234 71.864 72.089 73.114 76.687 75.927 73.509 73.114 75.862 76.262 74.759 74.512
72.554 72.537 72.464 72.372 72.337 72.657 73.094 72.942 74.354 78.317 79.984 81.152 81.617 80.717 79.567 75.759 75.092 73.359 73.474 73.289 73.104 72.389 72.057 72.007 71.997 72.022 72.004 72.027 71.999 72.004 72.709 73.419 75.157 77.522 80.352 79.887 77.327 73.347 72.254 71.694 71.617 71.698 71.769 71.924 71.882 72.353 72.148 72.701 76.657 76.911 74.147 72.207 72.171 72.618 74.715 76.217 74.827 72.174 72.127 73.064 72.617 73.402 73.874 74.262 72.559 72.442 72.419 73.817 75.074 73.942 74.719
72.744 73.367 72.599 72.487 72.844 73.027 72.914 75.239 78.969 80.559 81.494 81.584 80.172 78.774 75.369 72.869 73.529 73.187 73.679 73.019 72.134 72.124 72.082 72.054 72.074 72.057 72.042 72.059 72.232 73.479 72.949 72.654 73.504 78.789 80.492 81.014 79.387 76.719 72.989 71.879 71.782 72.226 71.815 71.846 73.25 72.631 72.916 72.143 72.405 72.457 72.198 72.818 72.937 73.232 73.023 73.707 73.114 73.152 77.479 78.279 75.219 73.539 73.707 72.477 72.437 72.462 72.474 72.674 74.029 74.157 74.454
72.964 73.044 72.784 73.497 73.389 74.039 77.237 79.869 81.147 82.049 80.747 79.652 77.774 73.629 73.907 72.614 73.657 73.394 74.054 72.347 72.174 72.194 72.159 72.134 72.114 72.137 72.672 72.689 73.219 73.199 72.722 72.624 72.534 75.774 79.312 81.027 80.832 78.787 74.797 72.817 74.309 74.133 72.206 71.884 73.084 72.855 73.024 72.281 72.201 72.241 72.267 72.964 73.724 73.505 72.409 72.054 72.079 73.374 79.292 79.444 73.917 72.587 72.519 72.512 72.494 72.499 72.514 73.069 73.772 74.859 74.529
72.637 72.832 73.332 73.512 75.237 79.287 80.499 81.529 81.367 80.232 79.054 76.654 72.894 72.682 73.514 73.152 73.692 73.244 73.352 72.332 72.257 72.262 72.219 72.187 72.139 72.439 73.004 72.874 72.252 72.772 73.757 72.414 72.644 73.114 77.699 80.362 82.077 80.074 78.342 74.102 75.707 75.724 73.175 71.982 71.97 72.107 72.535 72.357 72.346 72.555 72.7 73.21 72.818 72.61 72.15 72.192 72.564 73.707 74.402 74.377 72.939 72.569 72.589 72.572 72.539 72.544 72.547 73.492 74.709 73.224 72.672
72.914 73.194 74.199 77.022 79.839 81.124 81.917 80.877 79.727 77.942 73.834 73.164 73.424 72.409 72.462 73.822 73.947 73.347 72.472 72.299 72.284 72.282 72.249 72.189 72.719 73.262 72.677 72.307 72.297 72.299 72.312 72.307 72.774 73.532 75.467 79.894 81.287 81.014 79.504 75.599 75.437 75.671 72.657 72.599 72.043 72.166 72.846 72.317 72.796 72.787 72.567 72.238 72.213 72.186 72.298 72.569 73.427 73.107 73.899 73.547 72.867 72.687 72.622 72.612 72.592 73.392 73.499 74.214 72.724 72.689 72.682
74.102 75.719 78.952 80.397 82.059 81.439 80.222 79.117 76.494 74.037 72.459 72.529 73.997 72.919 72.442 73.109 73.844 73.487 72.487 72.329 72.252 72.279 72.409 73.884 74.232 72.704 72.357 72.354 72.347 72.354 72.317 72.714 73.657 73.892 72.942 75.272 80.292 81.339 80.724 78.882 74.154 73.833 72.286 72.239 72.106 72.101 72.394 72.262 72.191 72.275 72.273 72.303 72.447 72.448 72.55 72.607 72.624 73.149 73.032 73.072 72.927 73.129 73.402 73.467 73.589 73.977 74.857 73.027 72.739 72.704 72.699
77.469 79.774 81.139 81.659 81.109 79.744 77.917 74.482 72.662 73.259 73.279 72.657 72.707 73.864 72.742 73.787 73.857 73.427 72.472 72.359 72.284 72.644 74.687 74.814 75.384 73.804 74.372 74.214 72.392 72.372 73.322 74.479 73.954 72.824 72.494 73.114 77.999 80.697 83.337 80.177 77.914 72.691 72.987 72.169 72.609 72.47 72.195 72.229 72.267 72.283 72.378 72.979 72.984 72.599 72.646 72.736 72.714 74.054 75.307 73.197 72.949 73.679 73.432 74.347 74.184 73.927 73.109 72.829 72.764 72.762 72.942
78.659 81.167 81.744 80.374 78.389 76.784 73.737 73.579 72.689 72.612 73.537 73.087 72.547 73.382 73.644 73.374 73.737 72.929 72.522 72.352 72.894 72.899 74.149 74.122 73.277 74.342 75.744 75.747 73.492 73.132 75.224 75.882 75.052 72.759 72.489 73.572 75.142 78.232 80.242 81.094 79.887 76.32 73.471 73.33 72.354 72.957 72.217 72.26 72.315 72.305 72.462 72.941 72.757 72.821 73.263 73.519 75.619 78.264 77.249 75.212 72.964 73.977 74.677 74.592 73.667 73.002 72.849 72.829 72.797 73.432 76.927
76.527 79.764 79.622 76.812 75.749 72.799 72.652 73.939 72.987 72.624 72.869 73.772 72.747 73.139 73.887 74.374 73.767 72.989 73.119 72.877 72.964 72.519 72.467 72.464 72.439 73.644 75.699 75.924 74.632 73.114 75.492 75.962 75.859 73.179 73.574 74.119 72.834 74.867 79.237 80.767 81.657 81.582 75.354 73.307 72.826 72.31 72.739 72.347 72.337 72.351 72.404 72.925 72.757 73.003 73.749 75.998 79.629 79.887 78.672 75.967 73.089 74.744 74.149 73.152 72.977 72.942 72.897 72.854 74.592 76.114 79.772
