LIDAR-DSM-2M-TQ28ne/tq2588_DSM_2M.asc
ncols 500
nrows 500
xllcorner    525000
yllcorner    188000
cellsize     2
NODATA_value -9999
[rows 96 to 127 of 500, columns 213 to 283 of 500]
68.662 67.899 68.394 66.977 67.324 67.757 68.897 69.019 69.857 69.624 75.059 71.474 70.299 73.194 67.007 72.677 67.937 70.224 69.497 67.539 70.479 66.304 69.034 66.132 66.022 65.847 66.994 67.214 65.864 65.714 72.397 68.344 68.434 64.227 67.774 70.024 66.669 64.234 65.641 66.669 67.431 67.266 69.544 65.121 64.614 65.196 65.562 65.286 67.959 72.734 71.004 65.764 65.404 65.509 67.441 65.434 74.309 69.019 66.916 71.786 70.826 67.526 64.629 68.191 66.991 66.529 66.229 67.076 68.844 65.899 65.876
66.732 68.647 67.644 66.667 70.049 68.822 69.522 70.039 67.119 72.857 72.744 66.737 67.889 70.044 68.927 72.209 67.604 66.687 66.829 68.202 68.079 72.434 70.859 70.027 66.859 67.519 65.874 68.742 65.547 67.747 68.239 70.937 67.217 66.134 67.812 70.097 65.142 65.699 64.344 64.001 66.954 63.949 66.049 63.406 62.716 64.791 64.701 67.004 69.101 66.916 69.216 66.359 67.484 64.339 65.106 63.334 68.324 73.646 67.492 69.839 72.791 70.562 65.696 68.299 65.399 68.751 66.401 69.619 70.821 67.786 67.671
65.997 67.707 67.869 67.427 67.902 70.817 71.444 70.434 67.924 67.814 69.052 68.594 69.489 67.279 66.402 69.332 69.274 64.519 68.267 67.029 68.817 68.974 72.357 70.179 66.024 68.522 64.739 64.734 63.669 66.957 66.959 73.349 68.934 69.067 69.679 67.237 66.487 65.011 66.496 67.661 67.394 65.102 66.609 63.024 64.619 69.369 69.894 66.249 65.839 66.746 68.401 66.004 66.019 62.571 62.571 63.339 67.931 63.581 64.189 65.569 72.736 70.626 67.314 66.121 64.699 67.871 66.339 66.681 66.132 70.561 68.604
67.222 68.084 69.359 68.832 68.707 72.119 72.192 70.622 71.327 71.514 69.022 69.559 69.517 69.249 65.787 67.272 69.437 74.657 72.534 67.629 68.429 67.734 75.727 71.199 67.739 64.412 68.534 66.069 65.134 64.212 72.164 64.854 66.772 71.259 68.157 70.847 65.689 64.602 68.451 66.069 70.489 63.876 67.521 64.956 63.009 67.304 67.839 66.269 65.874 65.684 62.809 63.854 64.456 62.904 62.679 63.269 63.759 69.081 70.661 70.521 69.074 68.949 65.229 63.811 68.039 65.581 65.149 66.556 68.214 68.266 72.546
68.129 67.002 66.967 68.954 69.224 73.704 69.477 68.489 66.307 67.024 70.824 71.267 70.214 66.899 65.039 65.514 71.324 68.027 70.514 69.672 66.234 68.317 67.784 71.094 68.822 70.994 71.299 65.364 65.422 66.482 70.372 66.429 69.989 67.077 65.704 64.269 64.654 66.007 69.719 67.012 69.567 67.424 66.122 66.539 65.637 63.899 67.414 64.724 63.719 62.859 64.874 63.322 62.902 63.609 62.774 64.937 71.077 65.492 64.414 68.914 67.684 65.664 63.797 65.042 68.594 65.312 66.404 67.527 66.522 69.787 69.467
68.059 70.137 71.612 70.352 68.439 70.192 69.107 70.552 67.302 71.497 70.727 66.757 66.924 65.444 66.182 69.764 70.352 71.537 70.192 69.394 67.712 67.392 65.139 67.522 68.962 69.267 64.874 66.184 70.122 67.467 73.157 71.672 67.152 67.904 65.004 64.504 66.287 65.422 69.177 68.582 66.407 67.949 68.594 65.994 66.982 70.107 71.914 71.147 69.302 62.974 62.899 62.882 62.862 62.914 62.869 62.844 63.249 67.072 65.652 66.434 70.777 65.764 64.827 68.664 66.804 67.344 66.482 65.127 67.964 65.702 67.554
70.907 73.732 72.559 70.542 67.617 68.614 72.227 72.537 67.872 67.992 66.379 66.154 67.044 69.202 65.349 67.764 70.997 72.194 74.339 66.419 65.452 67.802 69.379 67.902 68.102 66.604 66.977 66.512 67.367 65.977 64.337 69.884 70.809 66.314 65.442 66.517 64.494 64.359 66.939 73.059 69.964 69.722 66.747 66.352 66.802 73.272 73.949 66.862 63.859 63.049 63.517 64.247 62.997 63.067 62.959 62.967 65.704 66.024 70.109 68.749 67.934 64.459 64.534 69.079 65.877 69.547 66.274 64.419 66.459 64.134 65.092
69.844 67.402 68.002 69.847 71.542 70.982 71.249 70.447 72.439 68.314 69.674 73.737 68.487 70.732 67.277 68.207 70.819 68.552 68.657 73.937 66.994 67.172 65.477 67.859 66.882 65.519 65.484 67.217 68.067 67.579 66.927 66.557 64.687 67.844 66.337 66.834 66.859 66.674 68.627 75.069 76.317 72.217 68.207 69.594 64.832 63.984 68.677 68.609 64.987 66.569 64.162 63.457 64.054 63.147 63.084 63.349 63.742 66.737 69.787 68.414 65.919 68.459 68.142 65.227 66.379 71.827 66.482 66.374 66.252 64.784 65.007
68.787 68.012 70.074 67.412 68.512 69.852 71.627 74.269 72.389 67.834 67.014 68.832 66.449 71.519 67.612 69.529 71.134 69.672 65.542 68.357 66.889 67.894 65.877 66.999 65.369 67.122 66.112 67.062 65.067 64.164 64.047 66.314 66.597 67.714 66.992 66.587 69.082 68.804 66.804 73.914 73.767 70.779 67.392 67.597 67.692 66.752 68.307 64.757 65.519 66.267 65.604 66.849 67.884 65.127 66.824 63.124 64.387 63.197 63.399 64.984 65.822 69.114 69.062 66.902 66.307 66.327 67.154 66.432 67.967 64.574 64.514
68.599 69.742 72.049 70.769 70.934 70.149 70.409 70.534 69.402 66.544 68.289 69.054 67.667 67.159 68.062 66.862 71.132 70.112 69.547 67.629 66.962 67.599 68.214 67.524 66.509 64.397 64.379 66.267 64.687 66.667 66.889 65.119 67.432 67.397 65.717 66.949 68.497 68.679 66.029 65.697 70.622 67.704 70.139 69.104 70.517 68.802 67.327 70.704 68.124 70.464 67.049 69.877 65.367 65.809 69.379 66.479 67.604 65.569 65.889 64.014 63.294 67.247 69.397 63.979 65.964 67.677 65.707 67.089 67.244 66.267 64.614
67.397 69.837 70.929 70.594 69.172 68.969 67.622 67.822 66.967 66.997 69.454 67.704 67.327 67.502 71.319 70.422 71.324 70.329 72.279 69.302 68.349 65.709 66.007 67.547 67.342 66.357 66.489 66.509 68.714 67.822 65.869 64.904 67.672 67.792 64.889 65.667 66.849 65.459 66.199 66.144 68.649 68.109 68.927 71.032 70.634 67.134 67.474 64.709 66.212 67.354 68.602 70.229 66.637 64.639 68.994 67.644 65.452 66.274 64.114 66.969 64.542 67.672 67.432 68.442 69.019 68.289 66.557 64.982 68.197 67.484 65.787
70.274 68.007 68.112 70.612 66.547 68.299 67.054 68.212 68.722 67.897 68.707 70.514 69.739 68.124 69.504 69.554 70.102 72.674 68.842 68.002 67.749 65.784 66.264 68.104 67.264 65.909 66.974 68.932 67.849 67.027 64.934 66.179 66.814 66.257 67.014 65.389 66.687 68.354 65.507 66.344 64.172 64.194 64.347 68.634 69.189 71.662 67.757 68.739 66.629 68.334 64.127 69.152 64.299 66.229 65.967 71.357 66.764 64.679 66.457 68.059 65.984 66.534 65.389 68.314 67.509 67.799 68.887 67.164 66.229 66.677 69.102
67.797 68.859 70.954 67.627 68.127 66.724 69.237 70.889 69.497 67.169 69.089 69.117 66.789 66.909 66.292 67.047 66.302 67.802 67.604 68.587 66.347 66.147 65.772 68.264 66.592 67.392 65.807 69.322 65.767 66.097 66.647 68.149 64.272 67.664 70.329 65.077 67.297 68.569 64.177 64.234 64.809 64.437 64.374 65.197 65.679 65.849 67.457 66.332 66.509 68.437 65.527 68.674 66.004 64.689 67.352 69.989 67.902 68.832 64.989 67.039 66.534 65.782 65.902 67.589 69.727 68.387 65.697 63.129 64.434 66.232 66.077
69.737 68.072 73.559 73.149 72.892 69.632 70.472 70.764 70.264 69.987 68.907 66.074 70.234 67.952 69.649 65.424 65.367 65.654 69.664 68.242 69.114 69.807 65.504 70.877 67.859 68.237 64.792 68.387 70.282 65.237 72.979 71.114 65.762 65.342 65.492 64.349 64.367 70.042 64.907 64.839 64.677 64.344 64.394 65.184 65.089 64.392 64.402 65.002 67.627 66.332 68.294 68.042 69.099 66.502 65.329 72.529 70.912 66.989 63.969 65.172 66.579 68.292 67.369 66.954 68.922 66.804 66.027 65.784 63.729 64.484 64.639
72.974 70.529 71.489 72.744 70.334 70.864 68.489 71.892 68.494 70.344 74.924 66.644 72.027 73.477 69.337 66.849 66.714 66.737 69.842 69.067 68.372 68.924 66.787 68.822 67.647 65.764 70.287 72.917 70.159 68.549 70.452 69.729 66.764 66.812 67.522 64.387 68.727 70.807 65.114 66.829 67.187 65.052 65.937 65.952 65.634 67.404 64.359 64.894 64.042 64.802 67.657 67.237 69.364 67.219 68.324 65.977 68.259 67.177 68.169 67.392 67.657 67.519 70.149 70.789 73.839 67.594 67.197 63.659 64.344 68.977 67.012
69.204 66.604 68.489 68.779 69.827 70.407 73.162 70.442 68.767 73.542 72.079 69.469 70.279 69.649 69.239 68.789 72.849 68.837 65.809 70.257 65.277 69.639 66.014 65.602 65.089 68.019 67.124 74.187 70.959 67.157 68.159 68.159 65.769 67.344 65.857 67.307 67.894 67.882 67.749 67.997 67.772 65.312 68.719 66.632 65.622 67.927 67.014 65.522 63.972 64.069 64.122 65.704 67.754 67.212 68.837 68.292 65.544 66.397 66.544 66.207 66.019 68.132 72.182 69.802 71.929 67.164 69.809 68.492 65.267 68.679 69.024
71.282 68.194 69.919 71.047 70.707 72.109 71.517 68.782 70.084 71.574 68.432 69.949 66.237 66.179 65.854 68.169 69.599 72.129 74.984 74.129 67.669 68.394 65.647 67.767 65.687 69.274 68.064 67.584 69.317 70.784 66.192 66.934 67.002 67.294 67.494 69.442 69.474 66.774 68.484 68.057 68.117 67.774 64.989 65.954 66.534 68.167 66.807 65.552 66.569 65.407 66.102 64.242 66.442 68.172 69.402 67.934 64.369 66.332 67.359 69.612 67.599 70.032 67.512 72.802 72.752 67.832 69.852 67.329 65.582 67.077 67.257
66.989 68.147 66.702 68.452 68.099 69.312 70.424 69.929 69.829 70.194 71.612 70.804 67.942 68.359 67.912 67.987 67.777 70.272 71.797 70.959 66.257 67.734 65.427 67.032 67.137 71.982 72.147 69.552 68.769 67.929 64.824 67.939 68.912 65.807 70.024 69.112 67.287 69.344 65.087 65.377 65.472 67.382 65.167 64.282 65.352 66.252 64.739 65.777 67.374 68.167 66.689 64.049 65.302 70.259 67.679 67.414 68.549 67.949 66.622 68.377 65.729 65.787 68.029 67.804 68.814 67.812 65.402 66.767 66.919 65.519 66.582
70.242 70.952 67.897 71.617 72.114 70.727 70.667 70.369 68.447 68.969 68.427 67.664 67.352 68.927 72.512 69.137 72.932 71.777 70.189 73.104 69.777 66.592 68.084 68.314 67.597 67.254 75.707 71.482 67.407 69.732 67.957 66.064 68.592 67.539 69.694 68.409 68.534 68.749 66.827 67.122 69.122 66.577 66.357 65.617 64.607 66.414 67.459 68.327 68.409 71.974 66.459 65.342 64.114 66.482 65.957 65.854 68.409 67.629 67.124 68.332 66.737 66.962 68.434 66.312 65.444 67.774 67.884 69.014 65.829 63.799 66.024
69.579 73.289 71.699 72.287 69.699 70.654 69.874 67.424 70.759 71.087 68.109 69.469 68.527 68.339 72.414 75.727 71.639 66.817 68.624 72.224 71.222 72.549 68.467 69.924 69.264 73.334 73.274 67.514 70.319 71.079 70.214 67.587 65.477 69.032 66.927 66.547 67.214 67.407 68.199 66.609 68.739 68.077 66.249 65.464 64.499 65.077 66.454 66.494 68.694 70.572 68.192 67.844 66.754 65.799 64.169 67.782 71.329 69.569 66.149 69.977 67.974 66.429 68.149 69.309 64.924 67.274 65.832 66.814 64.727 63.934 65.689
68.457 69.404 66.827 68.832 67.304 71.784 71.119 70.139 66.912 67.759 70.044 71.699 69.672 70.372 73.527 68.919 66.849 66.279 66.169 69.372 71.299 70.004 67.257 68.454 77.324 73.699 65.974 67.432 67.589 69.142 70.422 65.997 66.839 65.017 70.392 69.894 65.927 68.237 67.397 68.324 71.529 71.819 70.522 71.134 74.544 69.437 68.079 70.097 69.259 69.227 69.979 71.789 69.289 65.877 68.157 68.284 66.844 71.959 70.974 67.204 67.192 68.734 67.172 68.592 66.267 66.019 66.024 69.389 71.042 65.862 68.809
70.769 68.372 67.477 70.074 69.799 76.377 74.262 69.257 68.594 71.644 71.332 70.117 67.819 69.374 71.417 69.497 67.079 67.042 66.012 65.892 71.244 69.922 72.774 68.549 71.294 73.607 70.852 71.602 67.994 68.259 69.404 65.377 67.724 69.854 71.559 71.759 66.974 66.909 64.959 66.444 66.897 71.027 71.597 73.274 70.234 70.937 66.159 70.034 69.049 70.354 70.734 76.797 71.584 66.122 66.502 67.297 66.814 69.902 68.722 69.917 67.282 66.647 68.502 65.824 66.829 69.197 69.697 70.187 73.724 68.322 64.774
70.549 69.492 67.522 70.739 71.539 74.267 72.889 70.267 67.852 67.607 70.642 66.549 68.254 69.509 69.874 66.589 66.612 68.469 69.447 67.012 72.889 70.767 69.517 65.999 68.707 70.197 68.569 69.059 69.479 70.212 68.984 66.312 68.392 70.022 68.747 65.249 69.894 71.879 68.997 67.394 70.712 75.364 75.292 75.252 67.644 67.309 68.489 66.457 73.942 68.712 77.184 71.464 68.972 65.989 67.349 68.942 68.499 71.697 66.319 70.292 69.079 67.104 67.192 71.074 69.207 72.859 69.167 68.637 67.569 65.254 69.274
70.072 69.537 67.422 67.767 70.589 70.312 72.389 71.599 68.672 73.392 69.999 69.027 70.479 70.534 69.907 66.714 68.179 68.507 68.469 70.709 68.502 68.464 69.307 71.599 69.649 70.749 67.319 66.479 70.519 68.032 70.097 70.964 67.099 68.997 71.099 66.389 70.972 67.137 69.182 69.054 67.817 66.797 76.237 76.334 73.584 70.517 65.492 67.019 69.952 66.957 69.827 68.154 69.434 69.977 69.244 69.899 70.434 70.087 70.927 71.794 68.024 66.782 70.534 73.727 71.452 68.619 67.627 68.094 67.814 70.214 71.392
69.987 67.757 67.349 67.357 67.524 72.362 71.477 68.522 66.907 70.302 74.074 69.377 71.209 70.157 68.159 66.567 70.984 67.862 68.689 68.282 66.632 69.274 67.479 69.164 73.434 71.972 72.492 70.019 69.524 70.902 71.484 71.062 74.327 65.504 67.522 67.449 68.724 68.712 68.522 70.642 65.609 67.839 73.112 75.634 66.912 70.877 65.839 68.667 67.449 69.604 66.067 66.812 67.612 69.539 70.414 70.999 67.827 67.057 68.602 71.279 68.647 66.737 67.902 70.864 65.204 66.337 66.309 70.414 69.327 70.897 67.392
68.744 69.592 67.502 67.412 67.859 68.502 69.782 67.149 67.037 70.669 72.189 70.784 69.289 66.894 68.777 71.609 72.542 71.114 66.837 68.384 66.494 67.129 68.199 71.604 69.484 66.714 71.402 69.892 69.957 70.927 68.582 72.617 68.707 68.012 65.782 68.662 71.667 66.497 68.899 67.964 66.697 67.762 69.359 71.524 67.202 70.877 68.942 69.014 70.627 72.837 66.839 66.254 70.147 68.729 68.817 69.629 67.219 69.364 69.842 69.099 68.542 68.782 70.112 72.092 68.229 65.944 66.289 67.289 68.042 65.539 64.977
70.899 70.964 70.889 67.422 67.352 67.599 67.292 67.287 67.469 70.362 70.054 69.044 66.864 66.792 68.334 72.032 69.712 72.517 72.592 69.359 69.594 71.292 71.372 70.142 69.292 68.669 67.882 68.432 69.894 71.329 69.999 70.279 69.179 73.392 68.034 70.727 70.487 69.347 69.337 70.629 69.794 72.617 68.834 71.182 69.592 67.554 67.452 73.779 68.562 72.377 65.759 70.402 73.277 69.927 65.817 67.137 64.817 69.162 70.854 71.299 75.892 68.614 67.254 69.547 70.289 70.879 68.367 64.499 65.362 64.564 65.062
72.189 70.427 69.197 67.574 67.502 67.452 67.377 67.274 68.262 67.169 70.547 69.744 66.942 66.864 66.767 69.659 71.922 70.847 70.847 70.692 69.254 75.129 68.609 71.162 67.814 68.424 68.172 67.619 70.187 70.109 70.039 68.854 70.397 74.042 69.439 68.107 68.217 69.294 67.047 72.762 67.257 68.212 66.232 69.549 69.054 67.999 66.387 67.544 67.934 69.327 67.797 69.137 65.872 69.494 67.222 66.659 67.777 67.829 68.007 69.837 76.429 67.889 68.837 68.657 64.482 69.232 67.682 69.019 68.469 66.154 65.847
73.734 70.824 68.897 68.707 67.679 68.267 68.497 67.377 68.087 67.244 67.244 68.184 67.012 66.937 68.917 67.324 67.812 70.807 72.649 69.262 67.127 70.537 70.517 69.724 68.437 67.712 68.134 69.834 69.902 72.202 73.592 70.689 70.852 70.064 72.942 67.802 73.119 69.127 68.797 72.084 71.689 71.374 66.097 65.287 68.782 69.364 68.297 67.964 70.417 73.584 70.627 68.377 69.017 67.474 72.709 67.604 69.452 71.967 68.172 67.417 65.104 65.837 71.609 67.367 70.462 68.272 69.584 67.579 68.777 64.684 65.472
74.567 69.612 67.917 69.014 67.852 67.844 67.672 68.847 70.707 67.594 67.764 68.289 67.154 68.374 73.524 70.289 67.212 70.054 69.087 68.929 68.439 76.499 71.437 72.299 70.449 68.987 68.349 67.709 71.602 69.749 68.634 70.997 70.834 66.977 67.067 68.384 70.484 68.314 71.467 72.774 71.327 68.632 66.429 65.444 66.419 69.987 68.782 69.254 69.294 71.904 69.904 65.794 69.507 67.892 71.992 68.174 66.504 69.162 70.749 72.824 68.444 67.909 68.857 70.214 75.864 70.034 69.147 67.944 66.502 67.559 64.834
70.822 72.639 68.082 69.909 69.397 67.932 67.859 67.749 72.454 67.622 70.894 70.739 67.739 67.592 71.077 71.639 70.959 71.262 70.612 71.744 69.649 70.129 74.899 67.672 71.444 71.269 70.577 70.257 68.924 70.804 69.829 67.907 66.892 67.682 68.967 70.692 70.942 68.394 68.482 67.257 68.907 69.302 70.694 68.267 68.344 68.959 69.857 69.034 72.064 68.217 67.897 65.354 72.522 71.157 68.919 69.807 68.364 73.219 72.414 76.039 69.872 73.829 67.807 68.654 68.042 71.982 68.022 69.937 66.052 64.872 64.394
69.394 71.842 71.189 74.752 70.124 68.884 73.379 69.979 67.872 67.777 69.367 72.374 71.439 68.734 68.479 70.357 69.152 72.442 70.007 72.012 75.939 70.719 71.552 72.714 69.917 69.437 71.087 71.339 70.862 73.062 70.399 68.247 66.514 68.099 69.714 71.579 70.404 70.399 66.062 66.269 66.332 67.474 68.604 69.562 70.807 66.274 66.264 66.877 69.984 66.932 70.677 67.024 67.247 69.364 66.517 69.284 70.534 68.467 69.397 70.824 68.979 68.264 68.537 69.772 69.189 70.197 68.667 69.824 68.604 66.767 64.834
