LIDAR-DSM-2M-TQ28ne/tq2589_DSM_2M.asc
ncols 500
nrows 500
xllcorner    525000
yllcorner    189000
cellsize     2
NODATA_value -9999
[rows 288 to 319 of 500, columns 213 to 283 of 500]
70.299 70.226 70.559 71.679 73.264 72.119 71.936 74.426 71.309 72.061 70.396 69.919 69.944 69.991 70.029 70.094 70.226 71.109 71.876 72.384 70.921 70.744 71.064 70.446 70.341 70.626 71.149 70.879 70.951 70.801 71.099 70.871 70.534 70.844 70.884 71.254 71.661 71.389 70.929 70.869 70.924 71.039 76.066 78.084 79.116 77.904 75.971 72.391 72.081 71.716 71.874 71.944 72.379 71.946 72.066 72.096 72.184 72.456 72.326 72.386 72.484 72.709 73.551 74.211 76.594 75.646 80.044 83.009 86.331 88.134 89.234
70.644 69.519 69.554 70.941 74.431 73.014 76.161 75.866 74.761 71.771 71.121 70.141 69.851 69.901 69.969 70.021 70.036 70.181 70.144 71.036 74.729 74.124 72.989 71.939 70.736 70.334 70.466 71.669 71.566 70.859 70.551 70.476 70.429 70.466 70.539 70.594 70.641 71.119 71.066 70.696 70.866 71.254 72.356 76.639 78.724 78.844 77.219 74.494 71.519 71.826 71.714 71.924 71.779 71.906 71.966 72.029 72.346 72.176 72.201 72.709 72.786 73.696 72.716 72.459 73.114 76.361 79.006 81.934 85.731 87.619 89.201
70.184 69.426 70.409 72.429 75.624 73.879 75.261 77.299 76.496 74.984 71.946 70.536 70.364 70.024 70.096 70.099 70.011 70.281 70.019 71.249 76.221 76.986 76.336 74.459 70.951 70.694 70.331 70.436 70.559 70.444 70.901 70.781 70.426 70.449 70.784 71.594 71.039 70.509 70.574 71.049 71.116 71.046 71.259 75.339 77.934 79.646 78.294 76.436 73.201 72.624 71.759 72.254 71.699 71.829 71.874 71.899 72.079 72.064 72.114 72.629 73.149 73.854 72.451 72.374 72.349 74.154 74.284 73.639 79.176 82.056 82.844
70.356 69.359 69.686 71.094 74.681 71.606 74.856 76.136 75.601 73.261 72.599 71.956 71.796 71.699 71.699 71.896 70.604 70.539 70.166 72.694 76.644 77.889 76.756 75.609 71.226 70.151 70.789 70.239 70.284 70.234 70.734 70.546 70.421 70.491 70.501 70.614 70.591 70.464 70.486 70.591 71.361 72.056 72.029 75.846 78.234 78.846 79.151 77.529 75.909 74.026 71.641 72.844 71.651 71.719 71.801 71.889 71.819 71.919 71.984 72.101 73.211 72.524 72.216 72.269 72.534 73.674 73.541 72.776 72.674 74.476 73.506
70.471 69.459 69.509 71.159 73.129 70.581 73.226 73.461 73.551 70.614 69.551 69.791 71.209 71.151 70.821 71.639 71.409 71.951 71.576 74.424 77.034 78.296 77.391 77.431 70.129 70.204 70.814 70.216 70.171 70.226 70.291 70.331 70.649 71.846 72.404 73.331 70.671 70.514 70.629 71.021 70.921 71.739 71.464 73.626 77.369 77.646 78.614 78.504 76.916 74.929 72.126 72.664 71.649 71.926 72.284 72.399 71.786 71.804 71.886 72.456 72.659 72.064 72.124 72.171 72.721 73.366 72.611 72.426 72.456 72.736 72.556
69.246 69.421 69.411 69.769 69.584 71.134 71.094 70.769 72.164 69.941 69.739 69.854 69.899 69.551 69.706 70.754 70.139 71.056 70.479 75.224 77.369 77.716 76.056 73.571 70.829 71.289 70.449 70.261 70.726 70.226 70.286 71.581 74.009 73.991 72.784 75.096 70.891 70.486 70.704 71.571 70.596 71.069 70.901 71.099 73.311 76.099 77.191 78.276 77.104 74.476 72.159 73.739 72.306 71.426 72.176 72.411 71.626 71.676 71.801 73.034 72.534 71.869 71.999 72.091 73.544 72.686 72.506 72.381 72.379 73.049 72.444
69.291 69.256 69.304 69.349 69.389 69.404 71.526 72.451 71.476 69.844 69.621 69.609 69.861 69.656 69.571 69.606 69.674 69.899 71.489 75.849 77.611 77.301 74.539 70.681 70.734 71.241 70.826 71.206 70.554 70.181 71.861 74.816 74.279 72.159 73.541 72.741 71.841 70.511 70.534 70.846 70.469 70.731 70.969 70.949 71.216 72.004 74.619 75.309 74.424 72.046 74.836 77.194 76.429 74.984 74.254 74.659 72.061 71.986 73.099 74.211 71.734 71.299 71.561 72.069 73.036 72.299 72.451 72.331 72.329 72.326 72.544
69.744 69.154 69.229 69.244 69.256 69.811 76.779 78.166 73.936 70.854 70.989 70.804 71.444 70.236 70.961 69.974 69.679 70.144 72.206 76.259 77.761 76.851 74.419 70.394 70.534 71.281 70.149 70.451 70.156 70.454 75.046 74.111 72.866 72.511 72.236 71.606 70.599 70.531 70.424 70.451 70.449 70.661 71.071 70.876 70.969 71.486 71.164 71.326 72.099 71.541 75.659 78.476 78.426 77.784 77.639 77.871 75.744 73.399 71.844 72.849 72.084 71.371 71.406 72.494 72.639 72.079 72.214 72.314 72.221 72.234 73.129
69.984 70.091 69.961 69.436 69.151 70.684 78.109 79.459 74.254 69.274 69.186 69.329 69.979 70.419 70.726 70.731 70.516 69.969 71.289 73.501 74.439 75.209 72.409 69.849 70.029 70.326 70.071 70.834 70.284 70.456 73.571 73.069 76.011 75.171 77.261 76.059 71.349 70.579 70.431 70.406 70.419 70.656 71.949 71.721 71.781 71.799 70.991 71.154 71.746 72.249 75.356 77.126 78.431 78.784 78.721 78.139 77.274 75.846 72.601 73.106 75.271 73.694 73.979 73.844 72.074 72.014 72.346 72.756 72.384 72.306 72.944
69.879 70.444 70.316 70.444 70.139 71.791 77.094 79.819 73.739 69.204 68.946 69.016 69.049 69.119 69.199 69.596 70.021 70.574 70.684 71.144 71.154 70.654 70.151 70.071 70.866 70.661 69.974 70.269 70.094 70.106 73.704 71.904 73.994 73.376 77.704 76.356 71.391 70.489 70.336 70.346 70.354 70.621 71.734 70.964 71.129 70.864 70.839 71.101 71.544 71.614 73.019 75.006 77.916 77.341 77.869 79.421 78.316 76.121 74.141 76.704 76.646 77.041 76.141 74.686 73.216 71.571 71.634 73.006 74.071 73.894 72.821
68.539 68.564 68.591 68.616 68.656 69.894 76.511 77.324 74.124 69.766 68.814 68.866 68.891 68.971 69.039 69.064 69.141 69.081 71.999 73.121 73.869 73.024 70.861 70.254 70.084 70.084 69.999 70.194 70.131 69.919 72.724 74.136 74.126 74.109 74.889 71.866 70.911 70.359 70.311 70.344 70.351 70.299 70.406 70.546 70.574 70.626 71.104 71.696 71.774 71.019 71.749 71.716 73.826 73.909 74.809 76.136 77.239 73.766 73.711 77.871 78.146 78.101 77.544 77.671 75.751 75.041 73.354 72.609 74.196 74.146 73.931
68.521 68.531 68.546 68.551 68.809 73.231 78.734 79.336 79.261 74.921 69.271 68.736 68.751 68.824 68.889 68.911 68.974 69.841 72.606 74.859 76.341 75.044 70.949 70.059 69.674 69.966 70.431 69.984 70.779 69.864 69.909 70.934 72.874 71.556 70.714 70.334 70.281 70.191 70.251 70.294 70.349 70.421 70.446 70.429 70.461 70.531 70.636 70.714 70.894 71.709 71.754 71.371 71.624 71.896 71.124 71.571 72.511 71.784 75.676 78.031 78.649 78.939 78.506 78.309 77.194 76.524 74.826 72.799 74.191 74.079 72.566
68.484 68.499 68.509 68.539 69.091 75.174 81.389 80.486 81.061 77.289 68.839 68.571 68.621 68.671 68.741 68.786 68.856 69.391 70.774 75.271 77.076 74.954 71.054 69.449 69.581 69.774 70.384 69.874 70.104 70.429 69.769 69.786 69.806 69.856 69.926 69.954 70.069 70.279 70.246 70.219 70.314 70.381 70.436 70.484 70.544 70.586 71.651 71.084 70.691 70.749 70.889 71.446 72.284 72.264 71.066 71.034 71.766 71.766 72.791 74.199 76.389 77.939 78.951 78.929 78.759 77.844 74.504 71.419 72.791 72.826 72.286
69.869 69.361 69.436 69.004 69.044 73.729 76.756 77.844 79.849 74.524 68.714 69.496 69.491 69.189 68.834 68.691 68.796 69.076 69.184 74.019 76.399 76.109 73.084 69.701 69.626 69.846 71.344 70.389 69.819 69.909 69.729 69.724 69.771 69.779 69.846 69.894 70.361 70.926 70.201 70.471 70.416 70.471 70.526 70.456 70.499 70.534 70.701 71.074 70.836 71.196 70.841 70.781 71.114 71.614 71.489 71.449 71.799 71.349 71.139 71.161 71.201 76.071 78.069 77.619 78.131 77.386 72.556 71.666 71.854 72.089 74.756
70.231 69.621 70.126 70.201 70.734 70.266 72.954 72.314 71.694 70.966 70.569 69.684 69.851 69.659 70.064 69.601 68.941 69.029 69.201 70.384 75.219 76.676 75.551 71.949 69.796 69.396 69.954 70.474 69.959 69.749 69.659 69.671 69.691 69.721 69.744 69.789 70.071 70.124 70.701 72.746 71.524 71.509 70.649 70.591 70.574 70.571 70.559 70.614 70.644 70.811 70.829 70.714 71.126 70.964 70.914 70.986 71.169 71.464 71.201 71.149 71.386 72.206 74.629 73.839 74.699 73.779 72.426 72.126 72.131 73.221 77.116
68.039 67.909 67.879 67.924 68.871 71.221 71.221 72.314 73.714 71.671 69.866 69.364 69.319 68.474 68.449 70.796 69.486 69.349 69.419 69.159 71.941 75.964 76.939 74.714 70.419 69.914 70.001 70.004 69.889 70.146 69.661 69.614 69.629 69.651 69.724 69.831 69.981 70.814 71.096 71.856 70.901 70.826 71.536 71.396 70.971 70.614 70.651 70.606 70.599 70.669 70.711 70.706 71.269 71.589 70.906 71.016 70.936 71.016 71.441 71.761 72.274 71.234 71.226 71.436 71.379 71.754 71.776 72.181 71.526 74.454 77.934
67.804 67.801 67.794 68.076 68.511 71.064 70.576 73.509 74.369 70.039 69.944 68.161 68.199 68.239 68.311 68.456 69.754 70.314 70.666 70.549 70.574 73.954 76.456 76.044 73.284 70.511 71.296 69.681 69.654 69.849 69.594 69.546 69.539 69.609 69.701 72.036 70.579 70.379 70.914 70.551 70.201 70.201 70.489 70.424 72.489 72.229 71.604 70.936 70.769 70.686 70.694 70.711 70.749 70.789 70.979 71.606 71.499 70.866 70.964 70.974 71.231 71.591 71.539 71.294 71.286 72.019 71.814 71.876 71.629 74.274 76.094
67.764 67.726 67.719 67.746 67.824 70.794 74.686 74.169 71.991 71.506 74.596 70.524 68.359 68.179 68.229 68.266 68.274 68.374 68.479 68.859 68.944 69.499 75.339 76.676 75.331 73.961 70.659 69.486 69.894 69.611 69.506 69.459 69.944 69.819 69.926 71.696 70.169 69.966 71.341 70.639 70.114 71.586 74.436 72.911 72.214 71.116 71.756 71.481 71.649 70.879 70.776 70.761 70.729 70.749 70.786 70.841 70.881 70.861 71.204 71.596 71.016 70.994 71.146 71.589 71.166 71.426 71.634 71.124 71.196 71.336 71.786
67.731 67.694 67.686 67.724 68.349 71.129 72.624 72.109 70.516 70.714 72.836 72.104 70.294 69.346 69.116 68.839 68.511 68.364 68.454 68.691 69.004 69.051 72.509 76.024 76.829 75.984 71.524 69.279 70.164 69.636 69.364 69.406 70.241 69.619 70.434 69.919 69.806 69.864 70.331 70.734 70.506 73.291 76.831 76.509 73.339 70.171 70.336 70.614 71.326 71.194 70.986 70.861 70.831 70.871 70.846 70.819 70.841 70.894 70.909 71.224 71.136 71.126 71.274 70.994 70.999 71.044 71.171 71.031 71.216 71.294 71.301
67.919 67.636 67.641 68.191 68.466 71.851 72.171 69.156 68.416 70.981 68.739 68.399 68.981 68.549 68.974 70.266 69.896 69.281 69.156 69.496 69.381 69.339 69.131 73.949 75.479 75.544 70.064 69.414 69.644 69.454 69.359 69.516 70.121 69.586 69.904 69.706 70.219 70.311 70.099 72.171 74.021 76.021 77.754 76.356 75.269 70.879 70.294 70.434 70.771 71.444 71.444 71.691 71.164 71.429 71.239 70.939 70.896 70.899 70.854 70.909 70.934 70.996 71.114 70.909 70.889 70.876 70.906 70.926 71.341 71.481 71.321
69.774 68.036 68.874 68.731 68.486 71.359 72.166 69.701 69.306 69.156 67.819 67.841 67.886 68.061 68.174 68.391 68.291 68.736 69.059 70.961 70.366 70.681 70.431 70.264 71.399 70.591 69.681 69.886 69.569 69.271 69.289 69.471 70.324 69.481 70.174 70.139 73.329 74.521 74.316 75.811 76.859 77.296 77.221 77.209 75.639 70.669 70.209 70.551 72.404 71.869 71.769 71.236 70.756 71.274 71.384 71.664 72.099 71.049 70.981 70.961 70.891 70.909 70.941 70.906 70.901 70.821 70.796 70.816 70.889 70.899 70.979
67.651 67.849 67.894 68.791 69.716 71.886 71.966 70.936 69.031 68.679 67.764 67.794 67.866 67.946 68.034 68.141 68.239 68.351 68.636 68.979 69.406 73.691 74.206 73.564 71.819 72.546 72.474 70.611 69.441 69.174 69.191 69.356 69.504 69.649 69.896 70.439 75.191 76.979 76.816 77.286 76.661 75.566 72.644 74.174 74.054 70.036 70.136 70.646 72.944 73.014 73.044 71.736 70.819 70.599 70.636 70.716 72.309 71.884 71.716 71.341 71.014 70.924 70.889 70.876 70.876 70.911 70.894 70.824 71.519 71.324 70.781
67.456 67.471 67.459 67.569 69.461 71.389 71.389 71.046 69.444 68.454 67.826 67.766 67.844 68.039 68.029 68.156 68.269 68.354 68.484 68.771 70.399 75.061 76.009 74.364 72.979 71.934 72.331 70.709 69.231 69.176 69.179 69.159 69.186 69.451 69.804 71.271 75.579 76.251 77.939 76.136 72.541 70.596 70.136 70.206 70.369 70.066 70.079 70.909 72.939 72.919 72.919 72.284 74.781 74.019 74.506 72.644 71.334 70.674 70.931 71.514 71.074 71.041 70.924 70.894 70.904 71.216 70.919 70.829 70.834 71.121 70.834
67.394 67.396 67.406 67.469 69.336 67.869 68.644 69.364 70.444 69.939 68.344 68.459 69.689 69.929 69.089 68.791 68.586 68.384 68.534 68.774 70.949 76.106 76.379 75.694 74.764 71.411 69.219 69.671 69.206 69.116 69.131 69.524 69.296 69.661 70.559 70.696 73.679 75.959 76.864 74.036 69.799 70.261 70.211 69.951 69.921 69.974 70.176 72.439 72.914 72.886 72.024 74.266 77.191 76.519 77.054 76.191 75.326 72.036 70.619 70.754 71.501 71.924 71.066 71.091 71.731 72.451 71.601 70.816 70.786 70.724 70.786
67.449 67.439 67.349 67.839 69.921 68.516 68.059 67.594 68.964 68.696 68.664 68.881 74.409 71.014 71.069 70.021 70.814 70.361 69.864 69.544 72.496 75.921 75.676 74.976 74.494 70.024 69.326 69.764 69.649 69.021 69.346 70.001 69.211 71.171 71.774 71.671 71.241 71.861 73.239 71.221 69.791 69.936 70.256 69.964 69.856 69.876 69.909 70.846 72.089 72.139 71.829 76.191 77.646 77.901 77.794 77.299 76.744 75.329 73.254 70.854 71.424 71.881 71.539 70.899 71.096 71.304 71.074 70.921 70.831 70.761 70.744
67.939 67.999 68.309 68.131 69.904 70.484 69.746 71.339 71.034 69.249 67.694 67.744 69.096 71.344 70.334 69.294 70.786 71.604 72.044 70.621 72.559 74.546 74.524 73.221 72.464 69.841 69.206 69.164 69.084 68.969 69.121 69.229 69.181 69.589 70.021 70.381 69.531 69.646 69.741 69.714 69.581 69.636 70.746 70.391 69.789 69.804 69.809 70.636 71.901 71.294 71.309 72.531 74.554 76.479 77.676 77.814 77.731 77.184 74.334 70.959 71.651 71.336 70.909 70.669 70.656 70.654 71.074 70.969 71.086 70.921 70.789
67.046 68.079 67.401 67.671 68.146 71.699 75.466 78.821 79.941 76.541 67.746 67.714 67.969 68.461 68.029 67.961 68.024 68.991 69.486 69.931 72.446 71.754 71.439 71.691 71.381 69.646 69.821 69.241 68.949 68.946 68.911 69.021 69.131 69.986 70.129 69.944 69.669 69.749 69.456 69.426 69.441 69.516 69.924 70.339 69.824 69.779 69.779 70.141 71.144 70.221 70.789 70.469 70.596 71.444 73.421 75.711 76.919 77.566 74.564 72.991 72.981 71.261 73.094 73.844 71.879 70.654 70.814 70.639 70.741 70.949 71.204
66.826 69.056 71.509 73.371 72.134 73.089 79.114 81.511 82.606 79.284 68.364 69.354 67.816 67.801 67.854 67.901 67.936 68.059 69.104 71.271 74.824 74.724 73.874 72.629 69.496 70.064 70.181 69.079 68.841 68.869 69.114 68.999 69.149 69.211 69.054 69.324 71.289 71.509 71.204 70.221 69.751 69.371 69.504 70.324 70.341 69.809 69.816 70.779 70.899 70.321 69.884 70.011 70.361 71.506 72.026 71.081 73.616 75.236 72.826 73.134 73.169 73.131 76.191 76.366 75.791 74.226 72.294 71.079 70.626 70.654 71.606
66.779 71.681 77.716 78.319 78.644 76.234 79.319 79.761 81.034 75.984 69.576 70.031 68.176 68.019 67.874 67.916 67.941 68.119 68.779 72.174 75.674 76.339 74.669 72.334 69.246 69.531 69.339 68.871 68.811 68.924 69.819 68.961 69.451 70.339 69.659 70.521 71.904 71.726 70.479 70.281 70.666 70.096 70.084 71.144 70.431 70.364 69.979 70.654 69.639 69.704 69.771 69.819 69.804 71.921 70.391 70.431 71.134 71.766 71.976 73.141 73.171 73.919 77.986 78.109 77.481 76.864 76.201 75.071 73.119 70.554 71.761
68.331 74.151 80.154 80.429 80.884 79.856 81.976 79.749 76.831 70.779 68.721 67.466 67.769 68.236 68.501 68.866 68.859 68.699 69.569 74.154 76.104 76.109 74.011 69.426 68.644 68.949 69.186 68.776 68.739 68.821 69.641 68.954 69.236 69.379 70.441 73.536 74.674 74.346 73.124 70.841 69.864 70.176 70.571 71.264 71.634 70.706 70.694 70.824 69.504 69.566 69.619 69.679 70.166 70.814 69.989 70.021 70.149 70.184 71.006 72.116 71.491 74.606 76.631 77.471 78.001 78.586 77.819 77.114 73.839 70.549 70.951
71.084 71.926 78.569 81.114 81.296 80.109 81.009 81.531 75.354 68.569 67.319 67.329 67.396 67.486 67.666 67.916 68.109 68.731 70.141 74.604 77.216 75.879 73.856 69.576 69.219 69.226 68.999 68.724 68.686 68.886 68.849 69.124 70.666 69.616 69.871 73.034 75.996 76.341 74.774 69.654 69.284 69.334 69.294 70.601 71.096 71.464 71.676 70.774 69.494 69.424 69.496 69.596 71.049 70.074 70.059 69.876 69.826 69.876 71.174 71.546 70.826 73.244 74.721 74.621 76.389 77.121 77.509 78.016 72.736 72.524 72.541
69.329 70.319 74.654 78.739 77.019 72.586 71.704 71.004 69.369 67.809 67.349 67.276 67.371 67.464 67.544 67.671 68.466 68.239 70.554 74.981 76.581 75.331 71.806 68.839 69.296 69.659 68.766 68.636 68.606 69.354 68.969 68.964 70.349 68.961 69.269 74.124 76.454 76.381 74.616 69.921 68.809 69.234 69.731 69.856 71.069 73.104 72.424 70.671 70.071 69.334 69.976 69.819 70.276 69.536 69.616 69.671 69.714 69.869 71.819 69.824 70.064 71.279 71.179 71.476 73.839 75.529 75.779 75.536 71.154 72.784 72.811
