LIDAR-DSM-2M-TQ28ne/tq2585_DSM_2M.asc
ncols 500
nrows 500
xllcorner    525000
yllcorner    185000
cellsize     2
NODATA_value -9999
[rows 384 to 415 of 500, columns 360 to 431 of 500]
64.694 64.729 66.806 66.889 66.146 65.914 65.854 65.799 65.729 65.599 65.459 65.319 65.294 66.404 65.751 64.866 64.491 64.444 66.116 70.164 68.724 69.294 71.176 72.656 73.264 72.741 72.039 67.944 64.024 64.444 64.554 65.831 68.914 66.601 63.386 62.701 62.696 62.711 62.679 62.711 64.016 64.894 68.194 65.569 69.946 67.874 65.111 68.981 65.051 64.149 62.906 62.681 62.634 62.624 62.589 62.574 62.926 63.264 64.854 75.799 81.049 81.056 81.179 68.444 63.694 63.634 63.601 63.609 68.374 75.689 80.406 81.336
64.679 64.681 65.016 67.344 66.409 65.896 65.699 65.639 65.581 65.501 65.384 65.214 65.234 69.441 65.949 66.821 69.399 67.079 64.891 65.644 68.471 70.481 71.789 72.714 74.019 73.789 72.744 70.794 66.744 64.274 64.744 66.026 66.829 64.164 62.579 62.624 62.646 62.631 62.649 62.674 62.914 64.264 67.154 64.224 65.879 66.436 65.559 68.124 66.289 69.131 63.414 62.659 62.554 62.539 62.546 62.489 62.491 62.746 63.129 65.919 73.899 76.534 72.741 63.596 63.584 63.511 63.531 63.729 71.681 79.584 81.056 81.106
64.651 64.641 64.669 68.084 67.169 65.814 65.701 65.466 65.399 65.359 65.279 65.201 67.331 68.346 65.039 69.501 70.669 68.969 65.056 64.009 68.081 71.479 70.811 71.356 72.716 73.524 72.279 71.481 64.859 63.706 64.679 66.956 66.346 66.089 63.131 62.571 62.551 62.584 62.624 62.676 63.016 63.239 63.409 62.279 62.999 64.321 67.704 63.756 67.849 68.619 64.479 63.801 64.921 63.341 62.731 62.481 62.456 62.474 62.606 62.999 63.274 66.189 63.471 63.464 63.454 63.606 65.259 66.274 75.146 81.049 81.081 81.149
64.646 64.624 64.666 65.564 67.614 64.949 65.784 65.466 65.231 65.196 65.099 65.026 68.831 66.821 64.726 68.441 69.614 67.671 64.816 63.936 64.006 68.594 68.889 69.664 71.306 72.184 69.541 68.989 63.836 63.099 66.966 69.354 67.211 65.981 62.894 62.581 62.549 62.571 62.714 62.931 64.494 62.226 62.236 62.209 62.231 62.266 64.234 65.576 67.071 70.344 65.456 66.939 66.091 62.676 62.416 62.381 62.516 62.579 62.439 62.519 62.861 63.196 63.309 63.296 63.429 66.464 80.111 77.346 80.876 81.074 81.114 81.156
64.644 64.606 64.574 64.634 64.681 64.611 65.056 65.431 65.189 64.986 66.099 64.889 65.571 65.591 64.509 65.654 66.751 64.696 64.691 64.354 63.711 63.811 65.574 69.689 71.489 70.434 68.359 66.081 66.036 67.094 69.621 70.099 69.211 63.129 62.321 62.484 62.566 62.529 62.991 62.854 62.199 62.206 62.199 62.176 62.156 62.184 63.961 65.656 65.574 68.126 67.471 69.976 68.229 66.771 62.536 63.949 62.474 62.389 62.361 62.399 62.491 62.736 63.084 63.236 63.396 74.819 79.871 72.439 81.059 81.089 81.156 81.129
64.609 64.589 64.551 64.574 64.629 64.591 64.579 64.991 65.181 64.954 64.951 66.081 65.466 64.516 64.381 64.241 64.204 64.129 64.484 64.366 63.834 64.544 64.726 69.081 70.666 68.014 65.829 66.234 66.381 70.734 71.236 71.014 70.981 64.026 62.359 62.326 62.739 62.934 65.719 65.386 62.164 62.189 62.189 62.159 62.114 62.361 65.059 64.884 64.449 62.124 62.351 65.321 66.986 66.186 63.604 66.354 65.229 62.911 62.286 62.369 62.399 62.421 62.566 62.954 63.144 68.321 81.006 78.944 81.029 81.071 81.154 81.106
64.619 64.584 64.554 64.539 64.571 64.536 64.534 64.399 64.076 66.731 64.894 68.689 65.984 64.376 64.321 64.144 64.004 64.299 65.671 64.296 63.931 63.616 63.691 65.154 64.999 65.996 65.931 66.609 69.744 70.939 71.224 71.291 71.236 70.496 63.274 62.939 63.216 62.554 65.934 64.444 62.149 62.139 62.119 62.131 62.436 63.421 64.631 62.961 62.684 61.799 62.016 63.806 65.069 64.974 67.849 69.794 68.331 63.759 63.681 62.281 62.279 62.331 62.334 62.444 62.819 63.666 71.134 79.406 81.044 78.331 81.079 81.081
64.564 64.564 64.511 64.526 64.539 64.776 64.431 63.609 64.116 67.396 69.856 68.319 66.461 64.876 64.291 64.054 63.941 65.284 67.731 65.866 63.839 63.426 63.281 63.124 62.946 64.216 66.091 69.756 70.684 71.324 71.261 71.189 70.526 69.356 68.199 63.226 65.674 63.271 61.539 61.561 61.791 62.164 63.199 66.339 65.096 63.654 62.794 61.666 61.679 61.711 61.769 62.086 63.861 64.264 66.104 68.081 67.569 65.151 65.281 65.736 62.186 62.211 62.241 62.264 62.361 62.669 62.974 63.551 69.161 74.974 79.966 81.044
64.554 64.541 64.516 64.566 64.446 64.031 63.264 63.234 66.701 67.234 67.761 67.454 68.321 68.496 64.309 63.919 63.841 63.709 66.149 64.981 64.124 63.534 63.191 63.036 62.861 62.726 67.511 70.406 69.644 70.581 71.131 70.451 69.039 68.259 67.884 67.621 68.261 66.086 62.656 61.534 61.519 61.541 64.666 67.524 66.381 62.141 61.561 61.556 61.716 61.609 61.656 62.254 63.491 66.211 65.721 65.071 69.156 67.616 68.334 70.886 66.101 62.114 62.141 62.184 62.214 62.239 62.514 62.849 63.209 75.644 81.016 81.034
64.561 64.526 64.431 64.031 63.519 63.029 62.771 62.571 67.239 67.256 64.554 67.351 65.156 65.634 63.814 63.744 63.671 63.611 64.671 65.234 63.929 63.196 63.091 63.249 63.209 62.804 62.536 68.036 65.406 69.144 70.024 66.734 64.236 68.266 67.124 67.939 69.704 69.254 68.399 65.514 61.796 61.509 63.731 65.374 62.499 61.471 61.474 61.806 62.226 61.761 61.601 63.936 66.421 65.756 63.121 67.331 67.399 68.516 67.584 65.984 64.699 65.799 62.906 65.126 63.439 62.149 62.166 62.334 62.674 63.709 73.266 78.144
64.636 64.881 63.664 63.104 62.964 62.619 61.984 61.459 62.434 62.644 64.454 62.951 65.236 64.241 63.771 64.634 66.271 63.481 63.351 63.224 63.179 62.999 62.966 63.086 63.066 62.501 63.349 63.264 62.336 64.371 64.856 62.224 63.604 68.884 68.929 69.614 69.881 69.891 69.139 68.349 67.366 65.041 65.779 64.704 62.054 61.266 61.409 61.574 62.229 61.686 63.256 64.509 65.574 64.019 62.376 63.481 64.126 66.629 67.239 69.191 70.156 64.596 66.124 65.376 62.601 64.519 62.079 62.076 62.174 63.206 62.764 64.934
63.926 63.974 62.996 62.804 62.191 61.644 61.349 61.321 61.331 61.316 62.616 62.379 62.906 63.101 65.374 66.356 67.216 63.444 63.211 64.321 63.036 62.844 62.769 62.756 64.389 64.061 63.409 62.959 62.229 62.524 63.414 62.094 66.439 69.246 69.974 69.924 70.046 69.306 67.509 67.606 67.661 68.721 68.349 65.934 61.641 61.074 61.291 61.661 64.344 63.726 64.046 64.726 63.819 62.886 62.401 61.541 62.924 63.491 66.859 67.471 67.751 65.096 66.251 65.256 64.479 64.201 62.704 61.984 62.014 63.119 62.451 62.684
63.086 62.954 62.471 61.854 61.439 61.356 61.331 61.319 61.286 61.306 61.464 61.866 62.591 64.589 65.899 67.231 67.774 66.061 67.524 63.461 62.906 62.791 62.624 63.659 64.081 65.111 62.926 62.154 62.121 62.294 62.266 63.356 67.709 69.439 70.414 70.031 69.334 66.229 63.186 66.211 64.836 68.076 69.244 68.389 64.444 61.344 61.079 61.944 65.439 65.301 64.381 62.981 61.399 61.446 61.406 61.444 62.139 62.829 65.394 64.581 66.081 67.154 66.939 65.086 64.219 65.974 63.239 63.119 61.934 61.939 62.006 62.756
62.954 62.006 61.539 61.361 61.356 61.351 61.329 61.304 61.266 61.261 61.249 61.611 61.924 62.621 64.016 65.916 67.226 66.709 66.571 65.426 62.804 62.701 62.566 62.454 65.856 65.994 64.184 62.111 62.054 62.196 61.536 61.439 63.901 68.271 69.459 69.464 67.664 61.551 62.326 63.064 62.091 67.394 68.799 68.564 68.021 66.651 61.991 61.541 64.974 63.079 61.739 62.061 61.799 61.326 61.326 61.336 61.414 62.114 62.364 62.124 65.474 65.804 66.621 67.516 66.296 62.961 67.351 64.179 63.716 61.916 62.176 63.116
61.731 61.426 61.376 61.359 61.356 61.336 61.331 61.284 61.249 61.236 61.214 61.284 61.734 61.891 64.099 64.254 65.926 69.021 66.909 65.321 62.639 62.576 62.499 62.441 64.711 62.456 63.236 62.004 62.336 61.689 61.556 61.536 62.744 68.616 69.264 66.869 64.506 62.126 63.339 61.291 65.959 68.509 68.734 68.059 68.996 67.816 62.311 62.771 66.971 64.644 60.826 60.851 61.104 61.249 61.281 61.336 61.656 61.681 61.804 61.691 63.444 64.714 66.176 64.339 65.684 67.471 68.531 67.579 68.334 65.846 64.461 63.629
61.409 61.379 61.359 61.351 61.341 61.329 61.296 61.274 61.239 61.201 61.196 61.176 61.389 61.734 61.494 64.641 67.834 67.066 64.496 64.076 62.494 62.439 62.416 62.294 62.176 62.301 61.891 61.859 61.936 61.669 61.526 62.129 61.909 65.624 67.536 63.249 63.324 62.949 63.406 65.994 68.699 68.826 68.114 68.929 67.839 65.414 63.931 68.251 67.281 67.136 62.239 61.106 60.846 61.409 62.024 63.059 62.396 61.921 61.276 61.291 61.591 63.424 67.646 65.109 65.591 65.069 68.209 69.394 69.219 69.194 63.791 62.686
61.389 61.371 61.344 61.329 61.311 61.286 61.276 61.249 61.234 61.191 61.166 61.149 61.139 61.139 61.026 64.604 67.564 67.109 64.576 62.711 62.511 62.296 62.271 62.159 62.036 61.944 61.806 61.676 61.681 62.646 63.356 62.769 61.501 61.944 63.359 62.581 62.591 63.504 65.744 68.621 69.914 69.406 68.876 68.381 63.226 64.711 67.386 69.161 68.251 67.319 67.179 61.439 60.806 63.651 63.161 63.146 63.134 61.124 61.166 61.211 61.261 61.791 65.834 66.796 66.549 64.931 66.066 68.961 68.456 71.604 69.111 62.694
61.379 61.346 61.329 61.309 61.294 61.276 61.261 61.236 61.204 61.159 61.144 61.119 61.094 62.086 63.559 69.204 68.451 67.914 66.176 63.929 62.781 62.281 62.064 61.986 61.954 61.879 61.751 61.814 61.981 61.511 63.384 64.021 61.306 61.169 61.489 62.966 62.024 65.434 68.639 68.776 69.206 70.259 69.364 68.056 63.801 63.699 66.954 68.429 68.866 67.596 61.946 61.066 62.044 64.469 63.919 61.401 61.299 61.019 61.084 61.119 61.154 61.264 63.214 65.491 65.409 64.066 64.876 67.559 68.621 70.206 69.271 65.674
61.384 61.346 61.311 61.271 61.271 61.256 61.239 61.199 61.176 61.144 61.141 61.104 61.064 62.344 68.126 69.229 69.361 68.664 67.444 65.531 64.236 62.244 62.096 61.861 61.811 61.751 61.666 61.674 62.056 61.361 61.286 62.189 61.069 61.104 63.054 61.036 61.171 65.421 68.866 66.616 66.701 69.131 68.444 66.971 61.509 62.506 66.214 68.569 68.434 67.061 62.296 60.796 63.776 65.414 63.571 60.944 60.929 60.944 60.986 61.024 61.079 61.381 61.894 66.709 65.759 63.466 63.019 63.971 67.581 68.649 67.961 73.059
61.341 61.326 61.306 61.269 61.264 61.229 61.216 61.186 61.164 61.134 61.106 61.091 61.064 61.241 64.949 68.931 69.299 66.631 67.379 67.134 66.864 63.519 62.076 61.944 61.691 61.616 61.546 61.454 61.386 61.254 61.096 61.071 61.086 61.274 61.104 60.956 60.924 61.281 65.059 63.036 63.879 67.699 66.976 61.954 62.531 66.361 67.624 69.559 69.369 68.404 65.699 61.324 62.339 62.764 61.254 61.391 61.124 60.876 60.891 60.941 61.439 61.289 64.291 62.936 62.356 61.971 61.439 61.501 65.141 67.891 68.966 70.321
61.329 61.301 61.279 61.246 61.229 61.204 61.166 61.156 61.154 61.109 61.101 61.086 61.046 61.006 61.944 67.036 68.514 68.964 66.541 67.919 67.714 65.664 62.471 62.134 61.706 61.454 61.406 61.361 61.274 61.164 61.029 60.969 60.909 60.854 60.934 60.941 61.001 61.389 60.849 61.574 61.911 62.809 62.416 61.766 65.841 68.429 69.506 69.656 69.336 68.524 64.514 62.321 63.316 62.861 60.599 60.551 60.579 61.446 60.834 61.026 61.494 61.529 61.454 61.361 61.236 61.296 61.239 61.309 64.051 65.484 68.161 69.211
61.299 61.284 61.271 61.249 61.206 61.186 61.154 61.141 61.129 61.099 61.074 61.064 61.016 60.986 60.964 65.194 67.681 68.661 67.801 66.791 67.596 66.994 65.654 64.834 61.746 61.496 61.266 61.221 61.161 61.066 61.009 60.839 60.799 60.809 60.909 61.694 61.234 61.374 60.894 61.329 61.241 61.039 60.881 66.734 68.424 69.414 69.614 69.349 68.294 63.919 63.481 64.549 66.051 62.996 61.431 60.536 60.419 60.604 61.094 62.371 61.584 61.636 61.049 61.041 61.091 61.126 61.174 61.271 62.889 64.129 67.074 68.976
61.286 61.259 61.249 61.216 61.189 61.161 61.141 61.124 61.106 61.086 61.056 61.031 61.021 60.986 60.949 60.986 66.879 68.019 68.771 67.484 67.984 67.116 67.439 67.994 62.434 61.221 61.336 61.111 61.079 60.994 60.916 60.824 60.716 60.629 60.689 60.889 60.989 60.649 61.226 61.629 61.726 60.701 63.229 66.144 68.101 69.334 69.586 68.701 67.496 62.891 65.021 67.944 67.494 65.901 61.521 60.969 61.379 60.429 61.199 61.374 61.199 60.834 60.921 60.966 61.014 61.054 61.329 64.889 66.124 66.239 63.484 64.669
61.271 61.244 61.219 61.189 61.169 61.159 61.131 61.116 61.089 61.076 61.046 61.026 60.996 60.976 60.939 60.904 61.841 67.389 68.399 68.629 68.664 67.896 68.199 67.901 66.879 63.389 61.434 61.179 60.949 60.914 60.826 60.766 60.691 60.844 61.064 60.554 60.734 60.521 61.139 62.031 60.441 60.541 60.866 62.501 65.316 68.131 69.114 68.369 65.889 64.369 66.446 68.496 68.646 66.904 64.816 62.021 63.389 62.356 61.224 60.581 60.601 60.769 60.836 60.899 60.926 61.026 62.236 66.239 68.636 66.304 63.059 61.144
61.239 61.209 61.186 61.174 61.146 61.126 61.109 61.096 61.059 61.034 61.021 61.009 60.979 60.954 60.921 60.889 61.424 67.161 68.404 69.099 69.199 68.466 67.716 67.749 69.719 68.964 60.766 61.089 61.036 60.839 60.734 60.686 60.631 60.571 60.956 60.429 60.394 60.501 60.444 60.526 60.394 60.716 61.234 61.149 63.924 67.891 68.451 66.714 65.284 67.429 68.616 69.029 69.066 68.399 67.091 65.779 63.586 64.054 63.526 60.784 60.266 60.579 60.734 60.816 61.866 62.566 63.819 69.136 64.781 64.229 61.749 61.094
61.219 61.196 61.184 61.169 61.124 61.094 61.066 61.066 61.039 61.011 60.991 60.971 60.976 60.941 60.891 60.841 64.516 68.731 69.184 69.009 69.044 68.964 69.276 70.169 70.129 69.869 65.714 60.051 60.896 60.856 60.631 60.584 60.541 60.491 60.416 60.296 60.216 60.246 60.236 60.274 60.336 61.181 60.714 60.619 61.501 63.516 65.684 65.476 66.516 68.721 69.091 69.004 68.394 67.371 66.976 66.391 66.056 66.179 65.119 63.456 60.876 60.306 60.526 60.786 60.961 62.789 62.056 63.011 62.394 61.139 61.024 61.051
61.206 61.179 61.154 61.131 61.106 61.086 61.061 61.064 61.026 60.986 60.971 60.966 60.931 60.909 61.149 64.149 66.599 69.084 68.691 68.116 69.071 70.044 70.206 70.179 70.146 70.116 69.281 61.754 60.274 60.774 60.709 60.494 60.429 60.406 60.356 60.279 60.186 60.086 60.159 60.659 60.339 60.364 60.291 60.869 60.814 60.881 63.344 66.506 68.206 69.089 69.101 68.816 66.609 66.506 66.434 66.596 66.304 66.374 66.946 65.426 62.771 60.284 60.361 60.954 61.549 61.359 60.169 60.359 60.854 60.639 61.144 61.011
61.189 61.161 61.124 61.109 61.101 61.066 61.064 61.036 61.006 60.969 60.941 60.919 60.971 62.859 65.376 65.884 65.709 67.804 67.414 67.111 69.466 70.254 70.224 70.194 70.194 70.131 70.061 69.681 59.834 60.414 60.729 60.544 60.389 60.306 60.274 60.219 60.149 60.066 60.104 60.116 60.074 60.191 60.346 60.999 60.676 60.224 60.659 67.111 67.299 68.349 68.034 67.649 61.339 64.126 66.591 66.389 66.404 67.351 67.654 66.179 62.066 60.771 60.631 62.364 61.009 60.409 60.129 60.204 60.244 60.664 61.449 60.951
61.186 61.126 61.124 61.081 61.064 61.054 61.054 61.031 60.981 60.946 60.914 61.019 64.301 65.704 65.719 65.751 65.989 66.371 66.606 66.511 67.636 69.974 70.241 70.214 70.204 70.179 70.159 68.966 64.836 60.256 60.071 60.301 60.401 60.221 60.154 60.139 60.081 60.054 60.424 60.661 60.086 59.969 60.056 60.276 60.014 59.944 59.966 61.026 63.384 66.249 67.164 61.411 60.304 64.061 66.484 66.434 67.171 68.364 66.776 66.146 61.941 60.614 61.199 61.584 60.151 61.374 60.066 60.331 60.106 60.001 60.351 60.764
61.146 61.111 61.086 61.069 61.076 61.061 61.031 60.991 60.951 60.896 60.626 60.216 61.789 65.679 65.874 65.959 66.461 66.321 66.261 66.444 66.686 68.654 70.256 70.256 70.284 70.191 69.309 64.816 59.776 60.026 60.499 59.901 60.469 60.286 60.126 60.054 60.029 60.011 59.951 60.174 59.784 59.806 59.889 60.201 59.849 59.884 59.909 59.951 60.434 62.591 62.161 60.381 61.041 60.781 66.866 67.129 68.406 68.901 68.074 67.401 64.916 62.271 65.019 61.756 60.546 61.044 60.079 60.049 60.029 59.996 60.224 60.159
61.126 61.111 61.081 61.039 61.034 61.011 60.974 60.936 60.811 60.524 60.404 60.096 60.069 64.189 66.401 66.576 66.336 66.286 66.221 66.436 66.444 67.201 69.629 70.314 69.856 66.814 64.114 63.456 60.321 59.761 59.816 59.874 61.104 61.041 60.151 59.976 59.931 59.936 59.901 59.851 59.754 59.694 59.719 59.776 59.824 59.951 59.824 60.669 59.946 60.074 60.646 60.674 60.549 62.349 67.484 68.349 68.889 68.849 68.009 66.144 64.539 65.509 65.676 66.184 61.136 60.214 60.406 60.066 60.059 60.074 60.379 60.619
61.121 61.096 61.051 61.041 61.001 60.959 60.951 60.836 60.489 60.139 60.001 59.981 59.981 60.799 66.169 66.401 66.361 66.309 66.281 66.204 66.429 66.404 69.396 68.871 63.504 63.116 60.391 59.911 60.594 59.804 59.851 59.856 59.861 60.034 60.136 60.059 59.916 59.831 59.859 59.794 59.724 59.709 59.641 59.954 60.541 60.234 61.384 59.749 59.841 59.956 60.926 60.584 60.551 65.874 67.281 68.109 68.759 68.561 66.554 62.961 64.869 65.656 66.539 67.651 67.101 63.036 64.431 60.421 60.139 60.414 61.444 60.496
