LIDAR-DSM-2M-TQ28ne/tq2686_DSM_2M.asc
ncols 500
nrows 500
xllcorner    526000
yllcorner    186000
cellsize     2
NODATA_value -9999
[rows 270 to 299 of 500, columns 0 to 67 of 500]
114.163 116.143 117.043 120.181 113.218 115.973 112.423 116.558 117.111 118.448 115.736 120.921 116.183 115.436 111.778 113.351 118.368 114.121 115.528 112.163 112.318 112.428 120.738 122.096 119.013 118.811 116.611 114.561 113.671 114.521 117.111 117.561 115.978 119.806 119.361 122.553 116.271 116.098 116.561 117.498 120.976 119.751 119.726 118.901 120.658 124.578 120.753 119.168 117.446 117.968 117.626 122.033 119.481 118.636 122.783 122.043 119.176 119.281 119.781 120.993 119.976 120.168 120.506 120.996 121.746 122.448 122.601 123.088
115.586 118.746 116.418 117.831 117.396 117.756 114.573 115.793 116.556 117.593 116.111 113.151 119.418 117.986 112.141 114.353 117.656 113.783 114.636 112.156 113.261 114.793 114.498 116.241 118.063 118.451 113.451 115.946 115.556 115.966 116.618 114.966 114.798 122.016 120.028 125.751 121.161 115.351 115.508 115.643 116.123 117.488 118.811 117.993 122.776 120.523 123.461 120.356 119.758 124.583 122.103 120.703 124.881 120.363 119.848 119.923 119.541 119.293 119.381 120.033 119.671 119.866 120.101 120.426 120.953 121.386 121.881 122.741
116.296 115.126 116.491 115.486 117.508 118.513 118.048 113.616 114.553 116.918 117.141 118.033 116.526 116.461 116.236 113.998 115.348 119.123 115.726 114.823 117.721 117.913 116.846 116.016 115.538 113.618 114.598 116.473 120.071 121.351 116.081 118.823 114.448 122.011 120.131 121.956 122.373 115.671 117.381 118.351 116.313 116.236 119.016 120.538 118.788 123.256 120.661 119.263 124.056 123.283 122.201 125.528 120.461 118.271 118.416 118.781 119.318 119.263 119.391 120.053 123.796 122.318 120.443 120.303 120.663 121.788 121.493 121.806
115.851 112.766 113.808 117.103 112.223 117.861 115.428 117.071 113.251 115.968 118.306 118.966 122.358 119.381 120.851 114.698 116.336 120.653 116.776 114.518 119.373 118.433 118.856 115.918 120.666 124.463 120.543 120.878 122.563 122.136 119.388 121.311 115.008 122.731 121.853 116.526 123.088 116.478 118.948 119.228 116.756 117.923 120.496 121.728 119.393 124.966 122.891 119.151 121.046 118.636 120.173 117.613 125.346 120.008 118.481 119.146 119.256 119.161 119.313 123.596 122.023 126.068 122.723 123.753 126.671 125.993 123.063 124.726
112.348 113.426 112.203 114.136 113.406 115.436 119.008 113.848 112.796 114.708 115.541 118.363 118.213 115.846 121.548 117.213 116.828 119.483 120.816 114.848 122.323 121.406 116.511 115.441 118.738 120.576 123.241 121.456 123.296 128.126 121.251 118.211 118.041 117.116 120.203 118.408 116.538 115.741 117.118 117.308 115.848 118.696 121.133 121.481 119.931 120.033 122.828 121.398 122.778 126.353 123.048 119.303 119.933 120.711 119.048 119.073 119.178 119.051 124.381 126.338 121.758 125.916 122.633 128.463 129.866 129.668 126.453 123.631
112.333 114.518 113.413 113.783 112.681 114.178 115.658 113.276 114.406 116.526 117.556 116.958 114.941 118.306 114.208 115.336 121.393 116.986 119.216 117.366 120.638 123.386 117.363 116.033 117.536 117.128 121.956 125.636 121.466 115.596 118.471 115.093 117.013 117.813 115.201 115.123 115.221 115.468 115.663 116.301 118.513 117.768 116.771 119.341 117.076 117.911 122.456 121.448 123.918 121.926 118.811 118.556 118.278 118.233 118.506 118.888 118.903 121.646 121.098 120.856 128.371 125.093 128.211 125.058 132.208 133.613 127.443 122.781
114.516 116.766 114.666 113.513 114.721 114.951 113.298 113.181 116.828 118.533 117.046 120.488 119.838 115.743 113.006 114.396 119.808 115.251 115.073 116.561 119.483 119.656 114.866 118.143 116.716 114.718 114.458 120.748 117.816 115.801 115.181 120.391 119.133 118.038 115.486 116.293 116.083 115.691 115.703 115.883 118.573 119.278 119.571 117.486 117.936 118.696 118.888 121.448 125.323 124.113 119.978 119.823 119.776 118.206 118.408 118.523 120.041 123.233 123.703 122.171 127.006 121.248 129.206 124.041 131.646 135.548 125.226 124.028
118.483 118.981 117.366 118.216 113.661 114.331 115.208 117.456 116.283 119.328 119.951 119.356 121.653 117.356 114.136 112.781 116.871 118.368 115.443 120.156 120.223 116.451 118.358 115.593 115.883 119.901 114.906 116.191 118.688 118.196 118.593 118.396 118.748 118.741 116.463 116.398 115.893 115.756 118.478 118.096 116.781 122.066 119.771 121.488 120.291 117.903 119.773 118.983 118.341 120.906 122.728 119.683 119.293 118.251 118.256 118.478 120.796 122.968 121.801 122.718 124.121 122.698 128.251 122.408 128.591 130.708 128.506 127.111
117.831 115.186 117.373 114.386 114.846 115.148 117.148 115.488 115.268 116.011 119.713 118.223 122.208 116.113 117.526 113.823 117.448 117.383 114.101 114.863 118.823 116.798 117.118 117.991 119.018 118.698 115.296 117.958 115.323 114.951 119.408 122.713 120.441 115.976 119.078 119.478 116.101 115.828 117.466 119.576 117.653 118.561 120.933 121.481 123.283 120.101 117.948 120.303 117.883 121.866 119.108 119.753 118.178 118.031 118.288 118.541 121.263 119.608 121.613 124.283 124.918 121.528 126.561 126.433 123.918 122.513 124.676 125.061
116.661 113.823 113.771 113.621 115.273 117.258 114.786 115.798 114.743 116.736 117.351 118.618 120.288 120.791 119.146 118.606 117.783 120.503 117.828 113.248 117.913 119.201 122.053 124.093 118.816 118.838 120.171 120.186 116.341 115.603 118.321 124.153 121.208 119.643 120.123 120.053 116.708 115.363 118.666 116.876 117.313 118.211 121.183 121.478 119.636 123.696 121.398 118.671 119.498 122.001 119.341 121.458 118.413 118.136 118.386 118.608 119.236 121.553 124.893 125.633 124.563 121.446 125.873 128.596 125.456 124.236 128.811 129.961
113.431 112.886 112.953 113.076 114.348 114.781 116.581 114.151 113.543 114.621 115.926 117.478 121.653 118.368 115.903 117.253 119.128 118.191 118.313 115.921 117.943 120.056 119.733 123.238 118.128 116.868 124.068 121.508 121.948 119.653 121.818 119.473 123.903 123.116 120.521 120.686 117.436 115.496 117.711 116.193 115.838 119.006 116.706 116.448 118.436 116.938 118.553 119.596 117.476 117.941 119.878 118.151 117.981 118.056 118.328 120.431 120.803 119.186 121.071 122.876 123.563 127.151 121.473 123.156 129.228 122.628 131.361 136.408
112.851 112.953 113.086 113.223 113.318 114.438 113.463 113.898 113.593 113.673 113.983 116.663 116.263 116.598 116.711 115.361 117.518 117.108 118.551 116.503 116.866 119.673 121.573 121.551 118.248 119.693 118.996 125.268 122.991 117.658 117.938 117.598 124.036 125.623 119.191 123.351 117.753 115.411 115.621 117.431 117.223 118.206 116.191 117.261 120.403 117.813 119.653 120.403 119.413 122.343 120.316 122.566 124.593 121.361 118.988 121.821 121.838 123.173 122.011 121.511 123.173 123.781 121.476 121.421 127.156 126.723 128.253 132.023
112.956 113.066 113.193 113.331 113.403 113.426 113.473 113.596 113.706 113.766 113.843 113.901 115.793 116.618 114.843 119.733 117.108 115.456 117.913 117.523 118.973 120.496 115.166 120.286 116.733 115.378 119.788 123.588 123.403 117.931 116.376 118.436 122.353 121.496 121.638 121.238 118.751 116.878 116.081 116.836 116.953 120.366 121.091 119.068 119.858 118.466 118.276 117.541 119.291 121.468 121.493 122.123 123.416 124.473 122.748 124.456 129.008 123.491 123.298 122.478 125.398 123.571 122.961 124.353 124.541 121.501 122.963 127.203
113.106 113.171 113.293 113.378 113.431 113.456 113.518 113.666 113.776 113.873 113.958 114.016 114.121 114.913 115.353 114.888 115.926 115.373 116.231 120.173 118.348 116.808 120.658 118.426 120.178 114.291 116.498 118.526 119.616 117.123 114.311 116.241 116.601 116.941 118.833 119.638 115.616 118.271 117.631 117.821 118.076 116.858 118.751 117.828 116.961 117.226 118.596 118.921 120.891 122.196 121.696 123.966 124.391 124.653 124.468 121.571 124.216 120.936 123.248 124.161 125.116 126.086 123.906 124.441 125.931 126.368 127.476 126.081
113.298 113.353 113.401 113.441 113.506 113.583 113.663 113.768 113.831 113.926 114.028 114.133 114.213 114.308 114.528 115.091 114.623 116.063 122.686 117.713 118.351 117.566 121.068 119.901 118.868 115.826 116.346 116.258 116.226 114.256 115.498 114.553 121.516 123.088 116.983 115.381 117.781 116.238 116.738 116.371 118.451 116.598 116.648 116.781 117.141 117.138 117.266 118.306 123.231 121.413 124.608 125.051 128.488 123.053 121.103 119.278 123.046 121.506 121.623 123.648 124.326 126.178 124.048 125.473 129.021 126.483 124.808 128.786
113.403 113.443 113.458 113.513 113.593 113.706 113.788 113.871 113.921 113.993 114.076 114.136 114.228 114.371 114.398 114.496 114.566 115.556 117.806 120.758 117.013 116.178 120.331 120.491 120.288 115.481 117.606 116.588 118.078 121.178 117.231 115.698 116.186 119.481 121.093 117.918 118.411 120.263 118.906 119.441 116.986 117.986 116.901 117.066 117.271 117.138 117.573 118.056 122.068 121.921 122.643 123.343 126.993 121.163 119.623 120.836 120.458 123.971 124.663 119.973 122.576 126.873 126.048 125.393 129.493 124.731 125.198 125.571
113.443 113.471 113.508 113.591 113.661 113.788 113.876 113.946 113.991 114.016 114.063 114.181 114.246 114.388 114.431 114.613 114.766 114.918 116.011 119.181 116.811 118.646 119.341 117.523 117.676 116.993 117.333 118.271 119.648 121.941 119.396 115.946 116.681 116.211 117.593 117.686 117.236 116.518 118.163 120.603 116.518 118.153 116.706 116.908 117.106 117.461 117.683 117.901 118.168 118.378 120.868 120.216 124.486 119.731 119.308 119.228 120.986 121.626 121.736 124.988 123.298 122.418 123.356 121.886 127.498 124.878 125.716 125.388
113.523 113.563 113.573 113.656 113.723 113.826 113.926 113.968 113.991 114.131 114.281 114.426 114.496 114.566 114.663 114.756 114.873 115.333 119.268 117.898 118.468 121.303 119.306 117.286 117.696 117.463 120.243 118.781 119.161 121.468 119.368 116.866 117.588 118.488 117.496 119.063 119.363 117.678 119.776 118.501 118.428 116.973 116.858 117.121 117.188 117.576 118.566 120.303 122.011 119.473 119.583 122.991 118.683 118.941 119.321 119.323 119.816 121.813 122.548 122.178 124.616 122.853 123.081 124.521 126.803 125.678 122.263 125.898
113.641 113.683 113.676 113.736 113.806 113.913 113.971 114.016 114.093 114.311 114.441 114.521 114.573 114.666 114.736 114.821 114.896 115.121 116.683 117.481 117.253 116.388 119.683 118.951 116.658 115.608 115.943 121.903 117.091 117.046 118.508 120.596 118.286 119.993 120.051 119.996 119.878 120.346 116.793 119.851 120.886 119.633 118.693 117.381 117.153 117.466 120.861 124.103 124.336 122.083 118.193 118.418 118.686 119.011 119.211 119.453 119.521 119.711 121.276 121.468 123.703 122.758 120.578 122.711 120.826 124.411 122.606 122.936
113.693 113.778 113.823 113.868 113.911 113.998 114.058 114.166 114.236 114.381 114.501 114.546 114.643 114.728 114.796 114.883 114.971 115.228 115.426 115.483 116.043 118.273 119.293 118.416 119.581 116.438 115.966 116.423 116.001 120.173 120.048 122.173 120.998 119.303 119.803 120.626 118.991 120.393 121.561 117.956 122.443 120.271 119.851 118.898 117.306 117.543 117.616 121.816 125.638 125.531 119.646 118.668 118.981 119.028 119.348 119.576 119.683 119.871 121.446 120.928 120.551 121.041 121.566 128.308 127.093 125.806 121.193 121.563
113.758 113.846 113.953 114.023 114.121 114.206 114.248 114.403 114.448 114.738 114.573 114.701 114.788 114.836 115.301 114.918 115.023 115.301 115.503 115.588 115.648 115.548 117.766 115.726 116.418 115.951 116.198 116.548 116.198 115.916 118.206 119.378 117.981 118.233 121.686 121.871 123.741 123.728 121.681 120.531 121.551 118.806 120.518 118.958 117.593 118.081 120.341 119.306 120.128 123.396 119.018 118.781 118.783 119.011 119.201 119.423 119.781 119.828 120.381 121.478 122.151 120.448 122.556 129.801 130.471 125.831 122.531 121.518
113.868 113.941 114.041 114.128 114.203 114.336 116.128 114.848 115.203 114.783 115.138 115.106 115.196 115.233 116.396 115.098 115.196 115.401 115.661 117.223 116.858 117.643 115.963 117.168 117.378 116.261 116.568 116.683 116.358 117.246 116.358 117.521 118.913 121.668 122.728 120.163 118.133 122.871 120.096 123.016 123.921 118.913 119.301 120.393 117.596 117.948 120.268 121.581 120.051 120.123 118.641 118.493 118.836 119.041 119.346 119.536 119.858 120.073 120.373 120.388 120.528 120.548 121.651 127.198 127.116 125.253 122.076 122.133
113.991 114.083 114.148 114.221 114.343 116.236 120.163 118.013 115.806 116.021 115.756 115.281 115.163 115.273 115.351 115.221 115.328 117.798 122.623 120.771 121.556 117.638 116.776 116.628 116.191 115.866 116.553 116.378 116.188 116.391 116.441 117.566 119.778 118.301 124.828 119.651 119.741 119.068 120.888 121.001 124.208 120.491 123.561 120.056 117.668 120.433 118.781 119.718 119.988 121.656 120.633 118.538 120.543 119.018 120.028 119.568 119.701 119.898 120.346 120.501 120.666 120.476 120.698 123.831 123.063 122.408 121.831 122.018
114.106 114.193 114.276 114.621 117.163 121.371 123.203 118.606 117.283 116.433 116.213 116.066 115.363 115.586 115.993 115.298 117.136 120.613 119.716 120.291 119.108 117.916 120.203 116.498 116.106 116.326 116.601 116.423 116.531 116.566 116.456 116.658 118.248 123.161 121.346 120.043 121.491 121.161 120.393 120.458 122.683 122.121 121.761 122.271 120.146 121.353 118.536 120.038 120.818 121.576 124.183 123.628 121.391 122.228 120.908 119.493 119.798 120.023 120.218 120.521 120.388 120.508 120.821 120.991 121.046 121.381 122.776 123.138
114.238 115.101 115.226 114.911 115.238 119.878 120.986 119.711 116.468 121.176 122.043 120.111 115.558 115.633 115.576 115.556 118.466 119.048 121.136 120.941 122.193 123.016 120.981 117.746 116.298 116.796 117.413 117.006 117.228 116.661 116.791 116.793 118.866 120.686 117.321 118.653 121.116 120.771 124.991 120.526 123.796 122.566 118.803 123.316 124.323 121.603 121.471 122.096 119.406 122.413 122.551 123.723 120.126 123.911 121.398 119.533 119.926 120.056 120.178 120.136 120.343 120.636 120.981 121.253 121.418 122.231 125.403 125.543
114.853 116.136 119.881 116.393 118.768 119.821 122.218 121.991 117.753 120.628 120.521 117.713 115.673 115.926 115.663 115.663 116.658 119.041 120.953 120.991 126.591 122.581 120.513 123.811 116.731 117.183 117.868 117.366 116.746 116.901 117.008 117.978 119.556 120.338 120.098 122.963 120.233 119.971 121.233 122.448 121.808 121.833 121.626 123.161 122.721 121.343 122.506 121.663 119.601 119.948 121.913 122.611 122.128 122.883 119.553 119.668 120.026 119.803 119.923 120.131 120.448 122.526 123.091 126.626 121.726 124.041 126.361 124.066
115.063 115.788 121.928 118.636 119.238 121.938 122.561 121.856 119.731 119.898 119.146 119.438 115.991 116.026 115.856 116.001 117.586 117.296 122.028 121.591 121.343 121.063 118.528 123.088 118.426 118.703 118.011 116.921 117.081 117.003 117.186 117.301 123.876 121.578 120.493 119.913 118.046 119.948 120.991 122.326 122.483 122.663 123.141 122.051 120.168 123.111 119.571 120.996 120.351 120.328 121.423 122.891 120.761 122.263 121.046 119.546 119.653 119.698 119.978 120.218 121.003 122.856 126.208 126.081 127.543 127.453 122.351 126.666
116.946 114.938 117.871 120.428 119.341 120.528 120.791 119.056 119.851 121.253 117.888 117.341 117.446 115.888 115.918 116.368 118.323 120.006 117.388 120.686 123.783 122.196 118.868 120.246 117.461 117.798 117.261 117.116 117.251 117.251 117.948 121.556 123.716 119.348 120.998 122.443 124.708 120.988 122.223 123.258 122.018 120.256 122.588 120.618 120.098 122.333 122.506 120.756 119.648 119.121 120.328 119.696 119.521 119.756 119.466 119.496 119.618 119.833 120.051 120.321 124.056 122.551 126.171 128.573 127.081 126.608 125.848 126.646
114.471 114.823 115.143 120.971 121.743 120.283 116.671 115.446 120.511 121.586 119.823 115.458 115.611 116.396 116.766 117.073 119.243 119.096 122.396 120.153 122.006 118.026 116.863 116.938 117.028 117.138 117.206 117.271 117.313 117.376 119.556 120.913 121.776 122.606 125.201 125.651 126.051 123.146 121.723 120.713 119.513 119.068 118.416 119.976 120.781 122.911 123.611 123.078 119.833 118.981 120.583 119.343 119.561 119.516 119.548 119.663 119.751 119.973 120.146 120.388 122.916 126.996 123.933 123.051 126.093 128.426 128.576 126.148
118.688 116.596 118.881 117.858 117.423 118.733 114.916 115.028 117.036 122.203 118.601 119.401 117.948 118.318 118.176 121.628 119.468 118.118 120.913 126.391 120.131 118.238 117.521 116.961 119.131 117.156 117.203 117.288 117.388 117.463 118.576 122.848 119.993 118.411 122.078 124.751 124.471 121.013 120.328 120.438 122.588 121.396 118.578 122.268 122.796 121.311 120.508 121.153 121.608 119.176 120.293 119.528 119.561 119.703 119.836 119.898 119.961 120.061 120.268 120.583 124.451 127.971 125.831 124.396 122.966 126.628 124.861 124.483
