LIDAR-DSM-2M-TQ28ne/tq2689_DSM_2M.asc
ncols 500
nrows 500
xllcorner    526000
yllcorner    189000
cellsize     2
NODATA_value -9999
[rows 160 to 191 of 500, columns 0 to 70 of 500]
90.799 91.126 91.054 91.044 91.034 91.119 91.161 91.184 91.189 91.601 91.466 93.409 92.134 91.351 91.296 91.301 91.384 91.341 91.321 91.251 91.371 91.461 94.864 98.984 102.336 101.439 100.439 99.196 92.809 91.489 91.649 91.901 91.799 91.949 91.861 91.819 91.919 92.331 97.806 102.234 103.214 98.761 95.581 92.939 93.059 93.351 94.256 95.026 93.099 92.476 91.924 91.969 92.964 95.074 96.719 96.886 104.389 102.936 101.419 93.461 92.614 93.476 94.479 96.611 94.714 97.569 102.019 103.354 102.739 98.099 92.321
90.831 91.289 92.111 91.451 91.006 91.059 91.124 91.239 91.631 92.746 93.294 96.799 94.209 91.719 91.189 91.216 91.296 91.316 91.301 91.256 91.331 91.406 91.836 95.584 98.524 97.899 96.759 94.941 92.141 91.481 91.579 92.071 91.781 91.896 91.789 91.819 91.821 91.721 94.226 97.144 97.814 95.974 94.451 93.179 93.231 95.059 94.826 95.156 93.346 91.914 91.931 91.949 92.184 94.864 96.361 95.859 102.246 102.654 99.401 93.824 94.036 93.681 93.184 92.569 92.389 95.046 99.776 101.931 101.376 98.139 92.291
91.019 92.126 94.294 93.464 90.994 91.454 91.634 91.916 97.489 96.896 98.364 99.149 97.936 94.771 91.099 91.149 91.244 91.294 91.301 91.224 91.249 91.351 91.576 91.616 92.736 93.231 92.136 91.584 91.559 91.446 91.531 91.669 91.689 91.789 91.726 91.741 91.681 91.779 91.976 92.464 92.971 93.884 95.866 94.954 92.761 93.526 94.956 94.284 92.324 91.924 91.911 91.934 92.229 94.446 94.451 95.334 96.916 97.264 94.146 92.169 92.661 92.066 93.461 92.096 92.094 92.131 94.956 97.279 96.331 92.849 92.179
91.384 91.109 92.446 92.364 91.009 92.724 94.734 93.749 99.486 100.384 100.659 100.321 101.486 93.691 91.031 91.049 91.141 91.251 91.276 91.234 91.196 91.319 91.466 91.471 91.556 91.626 91.561 91.586 91.579 91.546 91.506 91.624 91.599 91.681 91.696 91.759 91.676 91.716 91.851 91.996 92.906 95.496 94.536 93.596 93.266 93.896 94.366 93.304 91.989 91.901 91.894 91.889 91.904 93.644 92.091 92.346 92.404 92.216 91.959 91.996 91.996 92.006 92.046 92.056 92.054 92.089 92.096 92.461 92.179 92.139 92.149
90.906 90.841 90.854 90.931 90.936 93.369 94.181 95.369 100.214 101.916 101.404 101.009 101.036 97.979 92.336 91.076 91.151 91.214 91.239 91.221 91.201 91.269 91.399 91.436 91.604 91.546 91.461 91.516 91.521 91.514 91.396 91.454 91.529 91.611 91.666 91.746 91.654 91.786 91.819 93.251 94.499 93.499 94.246 93.239 93.089 92.186 92.069 92.011 92.061 92.166 91.844 91.864 92.761 100.059 98.699 97.861 94.309 91.926 91.904 91.926 91.944 91.974 92.009 92.034 92.014 92.061 92.076 92.094 92.089 92.094 92.114
90.784 90.829 90.816 90.891 90.904 91.029 91.271 94.816 99.624 100.649 101.101 100.634 100.271 99.199 95.041 91.151 91.149 91.144 91.221 91.179 91.176 91.296 91.344 91.366 91.454 91.416 91.489 91.599 91.511 91.429 91.399 91.559 91.514 91.539 91.611 91.574 91.636 91.714 92.004 92.786 96.051 97.636 97.264 93.321 91.941 91.776 91.781 91.796 91.824 91.826 91.831 92.086 95.891 100.301 100.276 100.259 99.876 98.344 97.544 93.246 93.149 91.916 91.951 91.961 92.006 92.034 92.066 92.069 92.049 92.056 92.076
91.671 90.749 90.841 90.869 90.881 90.916 91.046 92.261 98.066 98.724 97.064 101.599 101.181 98.939 94.926 91.064 91.091 91.071 91.161 91.211 91.226 91.191 91.254 91.266 91.451 91.816 91.514 91.739 91.476 91.541 93.324 97.926 91.939 91.499 91.574 91.611 91.659 91.711 91.914 92.411 94.154 97.526 95.299 91.966 91.784 91.761 91.749 91.774 91.794 91.809 91.809 91.924 97.996 100.379 100.294 100.306 100.709 100.056 100.276 100.241 99.454 99.481 96.206 93.544 92.121 91.949 91.989 92.009 92.014 92.034 92.049
95.896 91.889 90.744 90.814 90.894 90.941 90.994 90.969 94.454 96.851 98.451 99.654 99.296 94.304 91.539 91.981 91.136 91.029 91.129 91.181 91.239 91.199 91.209 91.236 91.331 91.416 91.436 91.471 91.549 91.674 94.911 96.176 92.719 91.474 92.754 92.051 93.584 91.821 92.626 92.544 93.524 94.246 93.019 91.834 91.694 91.716 91.706 91.741 91.744 91.734 91.734 92.004 99.154 100.236 100.261 100.296 100.921 101.139 100.301 100.276 100.256 100.264 100.254 100.219 95.529 93.286 91.934 91.951 91.961 91.996 92.014
93.629 91.119 91.051 95.019 91.826 91.149 90.979 90.804 92.069 92.704 95.909 97.006 94.481 92.149 91.519 92.031 93.671 91.246 91.441 91.126 91.194 91.194 91.146 91.279 91.304 91.449 91.401 91.451 91.509 91.479 91.784 91.896 91.426 91.441 93.481 95.164 96.691 95.511 94.086 93.774 93.204 93.244 92.036 91.729 91.629 91.644 91.651 91.671 91.669 91.679 91.709 91.901 95.274 96.836 98.541 99.836 100.249 100.264 100.261 100.276 100.289 100.311 100.299 100.289 100.279 100.266 97.911 96.289 93.396 92.791 92.264
90.634 90.656 92.074 95.124 94.724 91.574 90.769 90.794 90.741 90.779 92.044 92.761 92.181 91.999 95.394 95.569 97.439 98.411 95.066 91.084 91.099 91.131 91.111 91.224 91.344 91.364 91.421 91.476 91.491 91.339 91.269 91.369 91.399 93.449 92.829 92.689 95.926 96.081 93.659 94.929 92.719 92.486 92.126 91.594 91.591 91.599 91.626 91.591 91.671 91.674 91.681 91.684 91.716 92.116 93.454 95.604 97.911 99.259 99.681 100.219 100.254 100.321 100.294 100.324 100.326 101.756 100.026 100.281 100.071 100.229 98.304
90.611 90.634 90.799 91.861 91.596 91.699 90.806 90.686 90.771 91.001 90.766 90.766 92.501 95.016 98.051 100.471 99.239 92.789 98.696 92.334 91.091 91.094 91.111 91.211 91.294 91.314 91.394 91.374 91.496 91.334 91.216 91.414 91.364 91.714 94.876 95.141 94.214 92.664 92.631 93.386 93.871 92.219 91.851 91.539 91.559 91.571 91.569 93.919 96.864 94.334 92.376 91.579 91.654 91.719 91.709 92.164 93.066 94.349 94.624 97.676 97.984 99.674 100.251 100.274 100.306 100.971 100.611 100.301 100.294 100.271 100.281
90.544 90.596 90.664 90.756 91.031 90.671 90.654 90.701 90.721 90.694 90.661 90.809 93.221 98.476 102.366 104.371 104.356 104.484 102.706 94.624 91.031 91.099 91.054 91.121 91.216 91.229 91.376 91.321 91.291 91.339 91.199 91.274 91.306 91.979 94.159 92.934 93.199 95.426 94.174 92.319 95.134 94.276 91.631 91.491 91.534 91.551 91.484 96.674 99.129 99.649 98.926 97.439 91.521 91.649 91.769 91.879 91.731 91.749 91.776 92.711 92.814 95.066 96.784 98.816 99.966 100.264 100.264 100.281 100.306 100.499 100.599
90.506 90.584 90.684 90.789 90.664 90.626 90.629 90.614 90.644 90.626 90.644 91.001 92.316 97.886 102.151 104.246 106.029 99.611 98.784 97.819 91.191 90.976 90.999 91.016 91.134 91.176 91.239 91.299 91.199 91.229 91.186 91.239 91.271 91.371 91.791 93.884 94.774 94.659 94.251 93.056 93.264 94.091 91.456 91.471 91.514 91.511 91.716 98.861 99.879 99.921 99.864 97.371 91.429 91.519 91.849 91.874 92.921 91.681 91.671 91.671 91.634 91.716 92.379 93.886 95.101 97.586 99.094 99.949 100.266 100.309 100.299
91.309 90.541 90.654 90.754 90.621 90.624 90.681 90.621 90.586 90.599 90.709 90.796 91.921 97.756 101.351 102.181 103.901 103.159 101.424 99.894 91.744 90.974 90.984 90.906 91.044 91.126 91.124 91.211 91.104 91.094 91.096 91.181 91.274 91.809 93.006 93.914 94.671 95.714 92.951 92.104 91.746 91.394 91.369 91.404 91.451 91.446 93.269 99.754 99.906 99.921 99.809 97.686 92.211 91.689 91.694 92.151 92.149 91.731 91.641 91.799 91.639 91.701 91.726 91.981 91.846 92.469 93.551 95.449 97.099 98.534 99.879
93.544 94.671 90.539 90.584 90.464 90.514 90.574 90.614 90.614 90.684 90.744 90.861 91.204 96.951 102.026 104.821 104.509 103.024 100.181 98.221 91.834 90.896 90.899 90.909 90.996 91.049 91.484 92.239 91.086 91.044 91.144 91.186 93.279 95.541 94.686 95.659 94.359 93.849 92.249 91.289 91.319 91.356 91.379 91.409 91.416 91.384 95.746 99.924 100.499 99.959 99.756 95.109 91.476 91.841 91.529 91.519 91.899 91.951 91.709 91.586 91.631 91.666 91.679 92.129 91.934 91.884 91.756 91.766 92.341 93.541 95.864
91.984 92.301 91.349 90.564 90.341 90.326 90.376 90.526 91.279 90.694 90.774 90.886 90.936 95.629 99.606 102.691 101.161 95.596 94.076 91.589 90.856 90.886 90.851 90.801 90.916 90.979 91.681 92.376 91.229 90.984 91.091 92.544 95.224 95.766 96.931 93.781 94.599 92.084 92.164 91.394 91.314 91.326 91.346 91.391 91.384 91.334 98.176 100.169 100.946 99.906 95.091 91.599 91.624 91.524 91.779 91.716 91.669 91.401 91.699 91.696 91.741 91.729 91.661 91.924 91.946 91.714 91.751 91.801 91.741 91.889 92.164
90.326 90.516 90.834 90.336 91.006 91.921 92.674 94.779 92.319 91.189 90.806 90.989 90.936 93.111 97.996 98.281 92.001 90.741 90.796 90.799 90.804 90.861 90.914 90.884 90.801 90.889 91.881 93.326 91.721 91.064 91.709 95.284 97.509 95.751 95.366 95.066 93.456 91.314 91.271 91.249 91.274 91.304 91.306 91.309 91.324 92.524 99.789 99.896 99.914 99.851 93.501 91.699 91.554 91.449 92.206 92.059 91.406 92.226 92.096 91.489 91.581 91.726 91.844 91.731 91.846 91.734 91.696 91.681 91.739 91.894 91.799
90.391 90.931 90.376 90.234 90.374 92.639 94.481 92.581 94.646 92.236 92.074 93.324 91.494 93.234 93.589 94.899 91.084 90.771 90.696 90.724 90.766 90.799 90.819 90.816 90.784 90.876 91.404 92.976 92.661 91.179 94.301 97.464 96.024 97.179 95.534 93.054 92.231 91.124 91.109 91.164 91.201 91.249 91.259 91.279 91.246 94.789 99.874 99.914 99.899 98.916 92.641 91.496 91.759 91.334 91.344 91.329 91.341 91.371 91.484 91.449 92.334 91.834 91.829 91.616 91.751 91.919 92.036 91.764 91.906 91.719 91.739
90.786 90.346 90.216 90.189 94.166 93.051 94.239 93.806 96.224 92.604 95.851 96.364 94.624 99.881 98.719 95.026 90.599 90.704 90.576 90.614 90.749 90.789 90.784 90.684 90.691 90.799 90.936 91.436 91.431 92.444 95.314 96.364 96.009 95.014 93.029 91.441 91.089 91.051 91.084 91.104 91.149 91.184 91.209 91.211 91.196 99.756 99.879 99.916 99.881 96.614 91.414 91.501 91.406 91.911 91.256 91.311 91.361 91.386 91.416 91.464 91.509 91.441 91.974 92.406 91.546 91.546 91.609 91.866 92.141 92.441 91.951
90.224 90.221 90.111 90.171 92.574 97.431 97.134 97.924 97.796 96.384 95.944 98.854 102.141 103.374 102.986 98.151 91.129 90.774 90.654 90.586 90.681 90.714 90.764 90.654 90.614 90.804 90.979 90.936 90.854 92.244 96.414 95.231 95.089 94.324 92.264 91.166 91.346 91.014 91.081 91.116 91.079 91.119 91.131 91.301 92.919 99.841 99.889 99.929 99.884 95.401 91.309 91.774 91.379 92.039 91.251 93.721 91.321 91.376 91.426 92.601 91.551 91.451 91.479 91.496 91.549 91.624 92.574 92.201 91.629 91.666 91.791
90.174 90.151 92.361 91.751 92.884 97.869 93.386 99.206 97.401 91.781 91.724 95.369 106.571 106.469 106.004 100.306 93.386 90.574 90.529 90.664 91.966 90.654 90.729 90.734 90.771 90.731 91.081 90.916 90.941 94.091 96.384 95.601 96.361 93.856 91.801 91.604 91.246 90.984 91.004 91.049 91.049 91.061 91.084 91.404 97.726 99.869 99.906 99.916 99.849 92.284 91.266 91.599 91.271 91.149 92.446 93.529 91.251 93.191 94.319 92.056 92.349 91.616 91.461 91.474 91.556 91.564 91.626 91.569 91.999 91.929 92.089
90.189 92.709 92.969 92.621 92.481 94.991 94.641 95.551 95.504 93.849 93.151 97.376 99.476 102.541 104.351 96.661 91.319 90.729 91.406 92.759 93.709 92.604 92.421 90.666 90.721 90.634 90.771 90.851 90.896 94.986 96.204 95.334 95.909 92.649 91.724 90.856 90.901 90.979 91.051 91.049 91.091 91.021 91.039 91.151 98.299 99.891 99.946 99.881 99.244 91.299 91.464 91.534 91.876 91.386 93.884 95.249 97.079 93.451 94.896 93.644 91.824 93.089 92.706 92.344 91.471 91.546 91.569 91.561 91.566 91.614 91.706
90.089 92.979 94.104 94.964 93.566 90.279 94.111 96.996 93.484 92.509 93.146 92.996 96.544 97.594 98.966 97.239 90.889 90.589 91.916 92.961 93.521 97.306 95.429 94.516 90.674 90.584 90.776 90.809 90.806 93.384 95.646 94.204 92.826 91.591 90.841 90.826 90.874 90.896 90.916 90.984 91.184 91.191 91.091 91.324 98.934 99.921 99.946 99.851 93.116 91.236 91.729 91.256 91.716 91.706 94.531 94.271 94.356 94.009 93.179 93.781 96.389 94.136 94.894 93.534 91.479 91.451 91.959 91.904 91.526 91.589 91.619
90.129 93.416 97.759 95.449 91.906 89.961 90.036 90.211 93.356 91.211 90.324 92.704 95.074 96.436 94.489 90.459 90.454 92.724 93.856 96.674 99.266 95.196 93.529 91.039 91.586 92.334 90.666 90.736 93.046 94.046 98.411 92.584 91.984 90.834 90.781 90.781 90.791 90.841 90.864 90.871 90.881 90.979 91.041 94.536 99.946 100.996 100.004 99.751 92.864 91.211 91.701 91.041 91.086 91.074 92.114 91.621 92.314 93.924 94.351 91.899 93.814 96.744 93.519 95.369 93.866 91.389 91.961 91.654 92.004 92.154 92.169
89.856 91.009 91.749 93.154 89.991 89.994 90.074 90.269 90.161 90.286 90.259 94.086 94.876 92.279 90.759 90.354 90.351 94.079 95.804 96.056 97.394 97.184 98.446 93.611 92.599 93.059 90.771 90.619 96.036 95.346 97.009 94.644 92.391 91.776 90.939 91.354 94.064 93.161 91.744 91.141 90.821 90.919 91.064 96.214 99.941 100.779 100.016 97.266 91.751 91.661 91.374 91.789 91.399 91.096 91.949 91.634 93.111 91.511 94.324 92.126 95.241 94.496 94.581 94.584 95.149 91.439 91.921 91.434 91.511 91.566 91.854
90.081 89.911 89.971 90.011 89.949 89.964 90.079 90.144 90.151 90.156 90.181 93.976 94.939 92.874 90.276 90.319 90.286 91.611 96.004 96.444 96.284 96.949 96.059 94.219 93.864 94.254 92.159 93.531 95.866 97.824 95.886 92.664 93.499 93.539 93.671 94.244 95.459 94.046 93.501 91.081 90.771 90.846 92.664 97.856 99.894 99.916 99.854 95.451 91.646 91.486 91.014 92.026 90.999 91.034 91.766 93.476 92.781 91.911 91.069 91.996 93.261 95.531 95.014 94.836 92.211 91.479 91.434 91.674 91.439 91.431 91.486
89.834 89.974 90.026 90.059 89.939 89.959 90.094 90.091 90.169 90.034 90.086 90.889 92.069 90.759 90.241 90.291 90.364 93.346 95.726 96.784 96.576 98.131 99.039 96.621 92.746 93.144 93.794 96.216 95.969 96.291 94.974 92.574 90.144 90.191 92.021 93.296 93.791 93.416 92.436 90.634 90.676 91.036 98.064 99.864 99.911 99.891 99.829 93.241 91.106 91.409 91.056 91.324 90.964 91.061 91.004 90.971 90.996 91.006 91.009 91.091 94.109 94.089 94.316 93.014 91.434 91.619 91.194 91.299 91.274 91.271 91.341
89.774 89.871 89.889 89.839 89.886 89.979 90.086 90.046 90.059 89.934 89.994 90.069 90.269 90.231 90.206 90.191 90.164 92.051 90.184 94.881 99.979 95.476 98.169 96.536 95.716 94.514 92.726 97.716 99.329 99.631 93.231 91.876 89.841 89.821 89.829 90.421 91.624 93.014 94.391 94.006 90.631 92.859 99.786 99.866 99.934 99.876 98.709 92.096 90.991 91.111 91.306 91.156 90.974 90.981 90.934 90.916 90.956 90.986 90.964 91.014 92.094 92.044 91.101 91.456 91.194 91.861 91.289 91.401 91.131 91.156 91.224
89.871 89.911 89.811 89.861 89.864 89.849 90.026 90.351 90.076 89.849 89.816 89.981 90.099 90.169 90.194 90.151 90.126 90.106 94.299 92.414 94.734 95.024 95.871 93.759 96.341 93.259 93.586 97.196 99.649 96.884 92.136 89.861 89.826 89.809 89.804 89.784 89.806 90.169 93.236 92.694 90.651 95.351 99.834 99.891 100.574 99.914 96.651 90.924 91.311 90.929 91.121 90.919 91.576 91.134 90.899 90.881 90.874 90.969 90.926 90.929 90.939 90.966 90.994 90.959 91.036 90.986 91.371 91.134 91.536 92.964 91.649
89.744 89.746 89.746 89.851 89.976 91.231 93.504 92.969 94.756 92.081 89.884 89.969 90.029 90.129 90.149 90.164 90.104 89.989 93.216 94.221 92.849 92.971 95.044 92.679 93.076 93.454 94.194 97.856 97.366 93.131 90.121 89.829 89.794 89.816 89.789 89.789 89.789 90.026 90.404 90.489 90.679 97.821 99.859 99.904 99.916 99.819 93.456 90.899 90.891 90.926 90.974 92.599 93.681 92.746 91.854 93.026 93.669 90.851 90.871 90.879 90.889 90.894 90.909 90.871 91.541 90.969 91.534 91.024 94.556 98.506 97.549
89.609 89.634 89.984 89.966 91.354 95.831 98.939 97.209 97.199 91.781 89.866 89.934 89.924 89.979 90.036 90.029 90.046 89.939 89.946 89.971 93.329 91.696 90.086 91.706 94.236 95.299 95.514 99.894 98.596 92.054 90.036 89.841 89.801 89.791 89.766 89.784 89.831 90.219 90.411 90.431 91.554 98.954 99.894 99.909 99.869 99.069 90.861 91.014 90.909 90.909 91.381 94.044 93.389 93.351 95.134 93.739 92.046 90.809 91.439 90.901 90.846 90.849 90.816 90.796 91.006 90.979 91.119 91.026 97.321 99.274 99.299
89.516 91.494 91.191 89.749 92.591 98.816 99.929 97.506 97.024 93.111 89.841 89.949 90.006 89.969 89.934 89.919 89.871 89.784 89.934 89.949 89.979 90.004 89.949 91.296 92.751 94.754 97.461 99.654 95.954 91.076 89.961 89.821 89.814 89.769 89.769 89.786 89.991 90.274 90.344 90.414 93.709 99.859 100.066 99.926 99.844 93.894 90.814 90.854 90.819 91.074 91.329 93.509 95.809 94.269 95.784 93.866 92.316 92.069 94.539 93.071 92.174 91.866 90.734 91.446 90.896 91.311 90.881 92.966 98.249 99.304 99.314
