LIDAR-DSM-2M-TQ28ne/tq2687_DSM_2M.asc
ncols 500
nrows 500
xllcorner    526000
yllcorner    187000
cellsize     2
NODATA_value -9999
[rows 30 to 59 of 500, columns 201 to 267 of 500]
88.269 88.284 88.341 88.374 88.389 88.426 89.284 88.529 88.569 88.529 88.501 88.491 88.431 88.459 88.446 88.376 88.239 88.209 88.241 88.299 88.186 88.129 88.179 88.199 88.181 88.151 88.089 88.004 87.951 87.916 87.909 87.914 87.864 87.841 87.829 87.764 87.714 87.689 87.684 87.644 87.604 87.611 87.574 87.601 87.554 87.554 88.301 88.121 88.444 87.729 87.699 87.741 87.754 87.756 87.756 87.786 87.829 87.721 87.709 87.679 87.711 87.631 87.881 88.196 93.266 95.384 95.434
88.506 88.514 88.571 88.609 88.644 88.669 88.676 88.739 88.794 88.781 88.786 88.771 88.734 88.714 88.686 88.649 88.516 88.374 88.399 88.436 88.436 88.319 88.301 88.304 88.296 88.271 88.221 88.131 88.054 88.011 87.979 87.961 87.951 87.889 87.869 87.846 87.809 87.779 87.766 87.726 87.701 87.651 87.659 87.659 87.626 87.621 88.461 88.164 89.244 89.086 88.924 89.429 89.144 89.244 88.856 89.274 89.504 89.326 89.639 89.651 89.454 88.716 89.534 91.636 93.094 92.651 92.101
88.726 88.769 88.796 88.814 88.839 88.839 88.849 88.894 88.926 88.889 88.886 88.896 88.896 88.891 88.864 88.876 88.746 88.564 88.541 88.591 88.609 88.531 88.221 88.234 88.379 88.346 88.311 88.231 88.151 88.084 88.066 88.046 88.031 87.984 87.959 87.939 87.889 87.856 87.829 87.791 87.754 87.724 87.691 87.661 89.226 87.689 92.011 90.096 91.701 89.544 89.446 89.449 89.716 89.279 89.076 89.351 89.004 89.611 89.246 89.111 89.364 88.421 91.484 92.409 92.419 92.411 92.421
88.964 89.009 89.046 89.064 89.074 89.021 89.039 89.059 89.011 88.949 88.961 88.976 88.986 88.991 89.026 89.059 88.929 88.756 88.676 88.674 88.734 88.801 89.509 88.631 88.521 88.424 88.386 88.324 88.249 88.179 88.146 88.176 88.286 88.276 88.221 88.169 88.111 88.019 87.956 87.881 87.831 87.809 87.771 88.841 88.546 88.904 90.936 90.511 92.751 88.886 89.214 89.096 89.054 89.009 88.926 88.914 88.959 89.096 89.001 89.034 89.106 89.226 92.001 92.574 93.296 94.634 93.551
89.209 89.219 89.221 89.236 89.284 89.244 89.179 89.199 89.161 89.054 89.026 89.009 89.044 89.101 89.181 89.199 89.111 88.959 88.784 88.814 88.931 89.099 89.114 88.899 89.991 89.199 88.431 88.394 88.324 88.244 88.259 88.691 89.059 89.041 88.976 88.896 88.831 88.779 88.504 88.021 87.911 87.884 87.886 89.199 91.879 88.764 90.711 91.231 91.529 90.514 89.091 89.204 89.174 89.086 88.936 88.924 88.921 89.171 89.066 89.141 88.884 89.399 90.854 95.954 97.476 98.199 97.689
89.451 89.469 89.446 89.434 89.471 89.444 89.341 89.341 89.326 89.201 89.104 89.109 89.154 89.179 89.251 89.269 89.206 89.106 88.951 88.974 89.084 89.246 89.614 91.899 90.919 91.724 91.619 88.749 88.379 88.309 88.396 89.041 89.351 89.366 89.381 89.356 89.356 89.324 89.096 88.334 87.981 87.954 87.964 88.106 91.061 92.581 91.859 91.456 91.754 89.211 88.941 88.911 88.934 88.936 88.946 88.934 88.916 88.904 88.889 88.891 89.221 89.416 89.986 95.836 98.871 99.069 99.036
89.671 89.669 89.666 89.666 89.676 89.621 89.514 89.461 89.476 89.384 89.259 89.216 89.244 89.249 89.269 89.304 89.354 89.246 89.111 89.124 89.879 89.451 91.476 90.446 91.741 91.566 90.814 90.069 88.456 88.364 88.514 89.134 89.366 89.389 89.421 89.406 89.419 89.396 89.181 88.381 88.069 88.021 88.039 88.216 88.781 91.601 93.439 90.471 89.901 88.916 88.939 88.939 88.929 88.934 88.956 88.941 88.921 88.899 88.901 88.909 89.009 89.336 89.359 94.794 98.049 98.984 99.039
89.836 89.859 89.886 89.871 89.869 89.811 89.716 89.629 89.604 89.539 89.409 89.401 89.399 89.401 89.396 89.406 89.446 89.329 89.181 89.214 90.984 90.139 92.136 92.529 90.914 92.736 92.061 88.651 88.524 88.476 88.641 89.234 89.411 89.421 89.424 89.439 89.449 89.419 89.176 88.366 88.119 88.089 88.094 88.059 88.056 92.159 96.136 90.464 92.159 89.861 88.736 88.656 88.869 88.931 88.946 88.939 88.921 88.899 88.896 88.899 89.064 89.551 89.406 94.914 98.231 99.041 99.019
90.166 90.841 90.069 90.029 90.039 90.034 89.906 89.779 89.771 89.751 89.591 89.571 89.549 89.581 89.499 89.529 89.531 89.439 89.284 89.314 90.626 91.551 93.161 93.449 91.734 93.384 90.031 89.656 88.744 88.559 88.786 89.216 89.304 89.321 89.336 89.364 89.394 89.411 89.126 88.381 88.184 88.206 88.279 88.239 88.246 88.241 93.456 92.444 92.564 89.279 88.619 88.286 88.824 88.941 88.944 88.954 88.924 88.924 88.916 88.904 89.019 89.606 89.464 93.269 98.079 99.046 98.921
90.849 91.141 90.694 90.231 90.244 90.234 90.126 89.966 89.946 89.951 89.824 89.684 89.654 89.709 89.656 89.666 89.646 89.526 89.401 89.439 89.529 89.609 89.759 91.654 92.156 92.836 90.944 88.931 88.681 88.656 88.939 89.221 89.216 89.189 89.176 89.196 89.224 89.219 88.984 88.411 88.241 88.499 88.949 88.931 88.869 89.939 91.049 91.559 90.486 88.944 88.879 88.879 88.914 88.924 88.931 88.911 88.916 88.916 88.904 88.906 88.971 89.324 89.879 94.911 97.986 99.026 99.016
90.701 90.514 90.451 90.409 90.409 90.381 90.299 90.141 90.089 90.099 90.026 89.831 89.806 89.819 89.791 89.774 89.719 89.641 89.569 89.566 89.669 89.936 89.871 91.881 91.436 91.606 90.549 90.456 88.749 88.756 89.036 89.254 89.281 89.259 89.236 89.241 89.249 89.219 88.946 88.434 88.326 88.751 89.264 89.256 89.254 91.361 91.011 91.744 90.179 88.909 88.896 88.911 88.899 88.906 88.901 88.919 88.879 88.899 88.894 88.886 89.241 89.586 89.359 94.449 98.616 99.064 99.029
90.644 90.654 90.576 90.541 90.516 90.471 90.394 90.276 90.239 90.199 90.064 89.956 89.894 89.934 89.911 89.891 89.861 89.769 89.699 89.676 89.694 89.754 89.881 92.599 93.519 92.836 92.641 90.051 91.244 88.851 89.129 89.299 89.299 89.296 89.281 89.291 89.271 89.251 88.966 88.474 88.421 88.961 89.301 89.309 89.249 89.099 94.086 92.034 89.674 88.879 88.879 88.864 88.909 88.899 88.901 88.939 88.901 88.884 88.896 88.904 88.896 89.096 89.359 95.639 97.819 98.274 97.879
90.786 90.749 90.721 90.686 90.666 90.564 90.521 90.434 90.371 90.329 90.151 90.059 90.054 90.056 90.051 90.021 89.964 89.886 89.836 89.786 89.784 89.836 91.716 90.764 94.084 93.524 91.681 92.634 89.174 88.936 89.214 89.321 89.349 89.326 89.326 89.294 89.294 89.299 89.089 88.551 88.529 89.109 89.341 89.311 89.266 93.736 98.584 91.026 90.099 89.981 88.949 89.121 89.074 88.924 88.884 88.949 89.039 89.004 89.201 89.119 89.014 88.776 88.961 91.716 92.381 94.241 91.811
90.941 90.901 90.876 90.819 90.809 90.711 90.674 90.586 90.499 90.496 90.331 90.156 90.139 90.136 90.139 90.096 90.064 89.981 89.909 89.861 89.871 89.929 90.009 90.064 94.451 92.449 91.791 90.886 89.046 89.051 89.296 89.376 89.371 89.359 89.361 89.349 89.351 89.331 89.121 88.601 88.614 89.206 89.364 89.331 89.301 89.059 93.211 89.221 90.561 91.191 90.739 91.021 91.084 90.136 90.996 92.216 91.259 90.621 90.999 90.746 90.964 90.954 90.809 90.349 90.281 91.186 92.034
91.124 91.061 91.026 90.989 90.929 90.879 90.834 90.739 90.631 90.571 90.536 90.394 90.291 90.254 90.209 90.161 90.141 90.081 90.004 89.959 89.944 90.011 90.054 90.146 92.804 92.731 90.706 88.899 89.576 89.186 89.326 89.391 89.384 89.379 89.391 89.399 89.384 89.344 89.129 88.669 88.746 89.261 89.346 89.331 89.304 89.029 88.714 89.009 89.504 89.471 89.989 90.756 91.456 89.796 89.924 90.174 89.309 89.336 89.309 89.456 89.351 89.699 89.376 89.571 93.169 93.549 93.556
91.304 91.231 91.204 91.144 91.119 91.041 90.966 90.884 90.776 90.721 90.621 90.581 90.526 90.419 90.299 90.236 90.226 90.226 90.191 90.091 90.049 90.106 90.624 91.669 91.251 92.291 91.549 91.416 90.944 91.296 89.394 89.421 89.391 89.384 89.384 89.401 89.401 89.379 89.144 88.749 88.826 89.111 89.191 89.206 89.199 88.979 88.764 89.114 89.279 89.816 91.046 89.534 89.864 89.219 89.276 89.274 89.251 89.264 89.324 89.359 89.371 89.381 89.389 89.691 92.936 95.111 95.921
91.484 91.409 91.376 91.319 91.261 91.199 91.126 91.024 90.901 90.841 90.751 90.689 90.626 90.536 90.436 90.329 90.306 90.281 90.256 90.184 90.151 90.191 93.069 94.021 92.766 91.966 95.614 92.424 92.501 90.859 89.474 89.324 89.326 89.339 89.301 89.261 89.236 89.221 89.044 88.816 88.801 88.859 88.934 88.956 88.944 93.639 94.819 91.226 89.681 89.631 92.581 92.644 91.391 89.484 89.531 89.549 89.574 89.609 89.631 89.666 89.676 89.711 89.711 90.179 93.314 95.281 96.039
91.651 91.581 91.544 91.481 91.414 91.369 91.281 91.166 91.076 91.009 90.916 90.839 90.736 90.636 90.526 90.411 90.381 90.341 90.286 90.276 90.234 90.699 91.469 91.891 93.649 95.676 94.129 92.171 91.486 90.586 89.399 89.371 89.329 89.319 89.284 89.239 89.144 89.051 88.954 88.869 88.876 88.819 88.791 88.809 88.784 94.051 96.314 89.221 89.496 89.259 90.926 93.179 91.741 89.664 89.599 89.611 89.661 89.699 89.704 89.714 89.729 90.259 90.151 90.301 91.826 93.779 95.671
91.839 91.759 91.724 91.669 91.586 91.531 91.481 91.384 91.296 91.156 91.054 90.909 90.809 90.756 90.651 90.534 90.486 90.396 90.336 90.366 90.359 90.669 92.804 93.539 93.349 94.344 95.584 93.824 91.866 90.814 89.499 89.494 89.441 89.416 89.374 89.341 89.224 89.119 89.064 89.009 88.971 88.919 88.871 88.851 88.874 88.916 89.004 90.441 90.604 89.684 89.281 91.141 90.411 89.646 89.661 89.671 89.681 89.716 89.724 89.766 89.776 89.964 90.036 90.304 90.966 93.341 94.031
92.044 91.959 91.906 91.864 91.744 91.706 91.711 91.641 91.501 91.289 91.121 91.016 90.921 90.851 90.774 90.679 90.569 90.514 90.461 90.479 90.486 91.781 94.159 94.496 94.079 96.074 93.694 93.691 91.524 89.609 89.591 89.574 89.529 89.491 89.461 89.379 89.294 89.204 89.156 89.161 89.066 89.041 88.954 88.906 88.929 88.994 89.086 95.209 93.729 90.914 89.316 89.361 89.584 89.681 89.706 89.709 89.719 89.751 89.774 89.801 89.829 90.214 90.359 90.376 90.556 93.339 94.046
92.231 92.156 92.089 92.004 91.901 91.841 91.854 91.744 91.626 91.469 91.279 91.166 91.031 90.946 90.864 90.769 90.636 90.586 90.579 90.581 90.574 91.041 95.089 93.491 94.211 94.559 93.549 93.649 91.869 89.721 89.681 89.629 89.561 89.529 89.506 89.426 89.351 89.299 89.274 89.286 89.184 89.156 89.066 88.974 88.936 88.986 89.634 93.819 92.656 89.841 89.779 89.416 89.661 89.729 89.719 89.729 89.741 89.781 89.806 89.834 89.849 90.164 91.149 91.866 93.016 94.124 96.349
92.464 92.316 92.241 92.161 92.044 91.966 91.861 91.781 91.694 91.554 91.396 91.254 91.111 91.049 90.954 90.846 90.709 90.694 90.749 90.699 90.754 91.329 94.631 92.756 95.459 92.981 94.219 93.406 92.126 89.951 89.774 89.716 89.659 89.546 89.519 89.459 89.436 89.376 89.389 89.386 89.304 89.254 89.174 89.101 89.044 92.049 94.491 91.056 91.316 89.924 90.994 92.059 89.939 89.776 89.759 89.739 89.779 89.811 89.806 89.846 89.834 89.976 91.766 93.441 93.434 94.134 96.649
92.656 92.476 92.371 92.299 92.181 92.081 91.964 91.849 91.711 91.606 91.481 91.374 91.254 91.179 91.019 90.911 90.786 90.794 90.839 90.774 90.819 91.266 94.869 94.336 94.126 96.176 92.574 92.649 93.624 89.901 89.836 89.804 89.699 89.591 89.534 89.529 89.499 89.476 89.494 89.504 89.431 89.379 89.294 89.201 89.166 90.839 96.551 92.556 91.166 90.319 90.459 94.964 93.941 89.844 89.789 89.786 89.826 89.856 89.904 89.934 89.926 90.109 91.061 93.429 93.449 94.524 96.684
92.814 92.656 92.536 92.436 92.311 92.196 92.059 91.924 91.826 91.704 91.554 91.431 91.356 91.221 91.091 90.961 90.899 90.844 90.836 90.779 90.764 92.039 94.951 93.764 96.409 95.091 93.554 93.404 92.364 89.974 89.926 89.864 89.779 89.674 89.654 89.636 89.614 89.591 89.606 89.606 89.551 89.499 89.399 89.301 89.226 89.221 89.309 90.564 92.884 91.706 91.721 91.609 92.604 91.814 89.984 90.016 90.079 90.124 90.181 90.221 90.211 90.369 90.779 92.201 93.476 93.044 93.159
92.889 92.771 92.671 92.564 92.414 92.294 92.159 92.014 91.891 91.806 91.664 91.516 91.429 91.349 91.256 91.154 91.046 90.856 90.806 90.786 90.791 91.599 93.191 93.161 94.339 92.664 94.281 93.579 92.061 90.599 90.071 89.996 89.866 89.779 89.781 89.729 89.714 89.699 89.711 89.701 89.656 89.591 89.524 89.396 89.336 89.341 89.436 91.099 91.746 93.476 94.354 92.204 91.251 90.586 90.264 90.516 90.466 91.634 90.559 90.611 90.591 90.534 90.729 90.739 91.131 90.969 91.151
93.009 92.906 92.784 92.666 92.514 92.396 92.251 92.116 91.986 91.884 91.721 91.546 91.449 91.456 91.449 91.414 91.771 91.139 91.041 90.904 90.829 90.816 91.794 91.539 94.041 92.361 93.086 92.456 91.266 90.636 90.599 90.359 89.986 89.859 89.851 89.831 89.796 89.764 89.796 89.786 89.739 89.666 89.606 89.514 89.471 89.491 90.064 91.324 90.784 91.939 94.329 93.949 90.821 91.044 90.826 91.014 91.339 91.161 91.711 91.584 93.341 92.456 91.366 92.284 92.219 92.819 92.176
93.161 93.036 92.909 92.779 92.631 92.496 92.334 92.199 92.104 91.959 91.814 91.639 91.551 91.519 91.509 92.266 94.749 93.901 92.134 91.309 91.116 91.004 91.024 90.981 90.179 90.401 90.734 90.766 90.744 90.744 90.729 90.489 90.039 89.939 89.934 89.931 89.911 89.881 89.874 89.854 89.806 89.734 89.684 89.639 89.639 90.916 95.096 95.139 91.459 91.356 92.544 90.484 90.581 90.619 90.746 91.031 91.241 91.429 91.666 91.611 92.396 92.864 94.874 95.131 95.036 95.141 95.169
93.296 93.151 93.016 92.896 92.719 92.586 92.441 92.281 92.164 92.051 91.874 91.664 91.616 91.561 91.546 93.566 95.246 95.361 95.096 94.579 93.236 91.571 91.161 91.774 89.869 90.559 90.864 90.811 90.771 90.801 90.786 90.504 90.094 90.044 90.009 90.026 89.999 89.964 89.944 89.929 89.886 89.836 89.789 89.736 89.669 91.581 97.064 93.969 90.016 91.399 92.426 90.574 90.671 90.681 90.796 90.934 91.164 91.251 91.541 91.351 91.391 92.176 94.919 95.129 95.211 97.641 97.124
93.436 93.281 93.129 92.981 92.809 92.656 92.521 92.361 92.211 92.076 91.904 91.711 91.661 91.574 91.636 94.806 95.499 95.986 95.791 95.409 95.751 92.369 93.641 91.286 91.716 90.696 90.889 90.859 90.836 90.841 90.826 90.569 90.171 90.146 90.106 90.121 90.076 90.026 90.011 90.006 90.004 89.939 89.911 89.871 89.779 89.746 90.401 90.114 90.174 91.984 91.826 90.709 90.629 90.676 90.691 90.734 91.066 91.249 91.359 91.349 91.391 91.374 92.244 92.966 97.114 99.601 100.329
93.586 93.446 93.261 93.106 92.929 92.751 92.634 92.491 92.336 92.119 91.951 91.761 91.659 91.576 93.129 95.116 95.789 96.321 96.066 95.321 95.519 94.574 93.471 92.959 93.021 90.806 90.921 90.896 90.881 90.879 90.864 90.599 90.229 90.224 90.209 90.191 90.156 90.126 90.074 90.086 90.074 90.056 90.034 89.986 89.916 89.856 89.831 91.841 98.079 95.361 94.609 90.641 90.636 90.664 90.664 90.726 91.019 91.301 91.169 91.299 91.366 91.364 91.384 91.551 98.286 100.496 101.189
