LIDAR-DSM-2M-TQ28ne/tq2686_DSM_2M.asc
ncols 500
nrows 500
xllcorner    526000
yllcorner    186000
cellsize     2
NODATA_value -9999
[rows 150 to 179 of 500, columns 272 to 339 of 500]
119.93 119.873 119.595 119.81 119.613 120.685 120.55 119.645 119.488 119.598 120.173 120.555 119.92 121.525 123.173 123.055 126.088 123.693 122.68 123.573 122.125 123.2 125.27 126.465 122.773 124.195 122.143 121.225 121.853 123.908 122.305 124.938 123.565 122.948 125.743 123.583 121.285 119.325 121.013 118.29 120.5 119.468 124.11 124.455 125.303 124.263 122.083 122.803 123.563 119.538 117.39 115.96 118.115 121.265 121.465 119.033 121.493 119.26 122.275 120.523 122.23 123.5 119.12 120.51 119.033 115.495 116.343 112.31
119.93 120.46 119.668 119.915 123.01 121.19 119.868 120.108 120.253 120.75 121.488 120.163 120.503 121.498 120.59 124.02 127.408 122.743 123.573 126.478 126.688 126.928 126.21 123.135 124.935 123.75 123.328 123.313 122.883 124.99 121.543 123.085 123.438 124.195 121.97 121.585 119.45 118.64 118.64 124.913 122.483 121.013 124.528 125.503 128.35 124.34 121.193 124.01 119.318 120.353 116.273 119.005 119.605 117.898 118.025 122.41 122.408 125.22 119.605 123.813 122.665 124.45 122.325 119.875 115.378 115.185 112.49 111.818
120.628 120.918 120.33 122.03 122.25 121.835 120.283 120.508 121.223 120.315 122.578 121.635 123.078 120.765 120.738 122.403 124.705 124.64 128.23 127.285 126.763 126.585 126.2 122.258 121.953 122.215 124.025 121.113 122.36 123.935 125.953 123.183 123.653 123.778 119.455 119.093 119.478 119.033 118.923 118.97 118.705 119.17 122.373 127.525 123.66 122.998 125.143 118.998 117.265 116.715 116.463 120.34 119.585 119.02 117.168 122.515 118.5 120.563 121.578 118.853 121.405 120.943 120.053 121.278 119.61 119.718 116.665 114.928
121.303 123.253 120.46 122.875 120.183 121.81 120.228 120.96 124.045 121.683 126.788 123.688 125.258 123.613 125.063 122.208 124.478 122.438 123.943 130.355 126.213 126.14 126.035 124.013 121.505 125.438 127.948 121.588 123.895 123.358 124.075 126.51 128.045 124.083 119.505 119.5 119.363 119.413 119.585 119.158 119.605 122.035 125.148 125.433 125.09 120.69 120.098 124.44 122.698 116.87 120.85 122.705 125.143 120.215 117.83 117.995 120.353 124.663 120.088 116.173 118.205 116.933 117.733 121.263 116.893 116.68 115.148 116.348
122.438 122.505 120.54 125.225 122.865 121.253 123.353 121.615 121.833 121.295 127.01 127.63 128.608 123.833 121.548 123.86 123.475 125.743 125.423 125.035 122.638 124.498 121.36 124.605 124.948 125.173 125.438 124.045 126.433 123.568 123.663 125.663 126.953 124.478 119.89 119.725 119.978 119.358 119.423 119.368 119.815 125.545 126.645 121.668 121.313 117.84 118.895 121.09 123.843 118.625 121.92 120.365 123.068 121.783 120.975 120.223 117.56 119.363 120.045 117.82 119.173 120.768 123.33 115.93 115.935 117.598 115.365 115.023
123.893 124.515 122.025 122.088 122.943 122.558 124.075 122.648 121.465 122.003 124.195 123.053 127.103 123.883 121.755 121.963 122.21 122.93 124.688 125.358 127.213 126.195 124.125 123.18 126.29 122.363 124.345 128.663 126.558 127.828 121.895 124.83 123.595 121.558 120.175 120.228 119.818 119.948 120.82 122.543 124.145 126.37 124.545 122.575 122.125 125.665 120.753 119.915 118.9 123.518 121.058 123.263 117.815 119.195 121.583 118.413 120.063 120.58 120.428 123.05 122.07 121.768 116.245 115.51 115.878 114.453 112.12 116.225
121.643 121.768 121.638 123.915 125.573 129.613 129.043 123.683 121.903 122.645 126.898 122.918 122.21 122.368 125.97 121.885 124.47 123.408 122.925 125.193 125.27 126.208 122.938 124.61 122.768 121.9 123.543 124.538 125.13 125.91 127.333 130.108 122.558 120.635 120.6 120.273 120.013 119.465 120.508 123.98 122.278 121.63 129.235 121.498 122.96 121.115 121.84 119.955 121.043 120.778 120.87 121.46 121.15 122.128 120.645 118.463 118.053 118.58 119.565 120.71 121.723 118.518 117.323 119.075 116.92 115.81 112.383 111.698
121.365 120.84 123.7 123.913 123.445 128.435 126.503 124.103 123.998 123.728 125.38 123.475 123.725 126.14 123.465 122.348 123.838 123.723 122.318 125.473 125.853 126.408 125.418 126.125 123.97 122.215 123.55 123.048 124.29 121.638 124.05 124.895 121.193 120.805 120.42 120.01 119.935 119.948 119.87 123.228 122.603 121.87 125.655 125.555 123.083 122.82 121.733 121 119.95 121.978 118.018 117.728 117.478 119.35 118.308 119.673 119.435 117.755 115.928 118 114.933 115.268 113.973 114.12 117.275 115.895 112.415 113.348
121.505 126.36 121.953 125.218 124.54 130.128 126.418 124.31 122.688 125.045 127.348 123.815 124.26 123.628 122.693 122.803 122.7 124.9 125.355 126.555 125.418 124.528 124.068 125.918 125.453 124.868 129.133 124.518 128.75 125.708 128.595 124.495 121.525 120.838 120.48 120.458 120.46 120.263 121.145 124.95 126.848 123.438 121.573 122.45 122.783 119.758 123.098 123.043 121.828 118.825 117.493 118.845 119.533 117.663 119.585 122.225 117.178 118.288 115.433 115.883 115.065 115.19 114.76 117.625 117.73 116.645 112.57 115.248
123.34 121.513 121.575 128.028 127.225 131.175 133.895 124.178 128.18 125.133 125.81 124.708 124.908 124.47 123.533 125.085 123.478 126.398 124.163 123.298 124.695 123.868 122.81 123.103 123.603 123.593 125.038 126.628 125.225 128.928 125.355 122.595 121.26 122.243 121.308 121.52 124.32 120.725 120.475 123.76 123.978 122.553 122.015 128.55 124.085 124.718 122.71 123.43 120.098 122.21 117.673 120.708 119.178 119.325 123.888 123.438 122.913 116.12 118.305 115.058 115.56 117.208 116.425 116.36 118.993 119.258 116.625 119.783
133.76 127.768 125.885 122.65 131.443 132.47 126.878 132.588 126.003 125.71 122.975 127.73 125.715 124.478 129.178 123.918 125.45 125.973 125.053 126.113 127.763 123.265 123.235 123.795 124.675 123.583 124.825 126.443 127.178 126.405 125.948 124.953 121.955 124.03 122.243 121.568 123.958 125.043 120.77 120.365 120.128 120.323 120.275 119.695 121.768 119.67 121.17 121.63 121.788 124.06 124.245 120.863 119.633 117.315 120.578 121.515 120.475 116.9 117.525 116.22 116.14 115.62 118 117.74 119.915 118.025 114.418 114.473
126.92 127.808 123.47 130.275 128.72 129.678 131.32 123.69 127.93 130.57 124.978 129.723 127.97 133.285 128.445 125.415 129.94 129.518 123.935 128.333 125.525 123.793 126.63 124.385 123.525 123.628 123.798 124.665 126.023 124.155 125.275 123.02 126.22 123.673 123.693 125.84 127.743 121.96 122.533 120.638 120.443 120.223 120.143 119.82 119.588 119.32 122.795 121.098 121.658 124.633 122.578 121.053 119.483 118.885 118.463 123.898 121.023 120.855 117.655 116.403 115.68 122.59 117.7 118.868 115.905 116.488 115.48 113.36
129.41 127.758 128.103 126.618 132.87 128.805 132.648 135.913 125.738 126.325 127.468 130.658 129.858 128.138 128.83 128.98 127.363 127.193 127.348 127.675 127.455 127.32 125 125.185 124.023 124.505 124.305 123.548 123.378 122.865 121.948 122.878 122.94 124.545 124.673 130.03 129.838 124.93 121.395 120.985 120.73 120.535 120.718 121.41 122.69 120.68 121.228 121.26 120.985 124.9 122.44 119.93 117.953 121.863 121.335 123.228 122.098 118.723 116.435 116.23 119.668 118.11 118.395 121.69 118.358 117 114.878 115.285
126.128 127.033 127.445 130.693 127.653 125.475 125.745 124.718 129.453 132.47 128.995 128.333 130.388 130.495 129.925 128.04 126.79 129.618 131.62 130.195 126.45 128.478 128.48 126.328 123.51 123.393 123.153 122.91 122.648 122.298 122.415 122.813 124.985 125.375 123.16 126.105 127.925 126.753 125.775 122.623 121.095 120.863 121.06 121.22 122.183 120.908 124.398 124.475 123.2 122.055 120.983 120.728 120.3 121.848 120.54 120.563 119.923 122.56 115.84 117.645 117.085 117.59 118.003 117.92 118.625 115.178 113.983 114.35
132.068 126.793 125.218 127.573 130.305 132.843 128.475 128.738 132.703 130.358 124.795 127.45 131.893 132.428 132.455 127.97 129.825 126.21 131.448 127.255 126.71 131.308 127.383 128.015 122.8 122.665 122.565 122.49 122.418 122.458 122.613 122.91 125.828 123.6 123.965 124.138 125.39 123.593 124.543 123.853 121.438 121.23 121.185 120.933 120.355 121.183 123.628 120.745 125.318 121.543 122.4 122.03 120.568 120.485 118.743 118.543 120.358 118.343 116.363 117.585 117.578 116.468 120.228 118.315 117.74 115.888 113.783 113.355
126.883 126.378 126.503 134.343 129.973 129.173 129.64 126.388 126.575 126.63 123.045 127.505 127.83 125.753 128.468 130.915 131.868 134.555 130.018 129.42 124.735 129.06 127.278 124.085 122.7 122.623 122.583 122.485 122.48 122.535 122.71 122.743 122.645 123.173 123.655 124.54 122.575 123.648 125.635 122.045 121.725 121.455 121.99 121.043 120.873 120.363 119.955 120.865 124.363 122.5 122.94 122.49 119.398 119.148 122.115 116.865 118.39 116.298 116.163 117.278 116.165 116.345 120.058 119.663 116.77 119.605 115.748 113.413
127.82 127.323 126.255 128.478 130.073 131.23 129.585 130.093 126.383 124.825 125.563 128.815 125.38 125.79 129.038 132.263 131.635 128.608 132.245 127.233 129.58 125.095 125.445 123.205 122.45 122.375 122.323 122.333 122.43 122.468 122.583 122.595 122.568 122.493 122.318 122.418 122.435 122.978 122.418 122.078 121.895 121.603 121.318 121.6 120.715 120.583 121.07 120.708 120.78 123.798 120.915 120.703 119.403 117.65 120.008 118.353 116.678 116.375 116.563 115.928 117.433 119.503 118.135 118.028 117.365 120.15 116.23 113.73
125.94 127.098 124.013 125.428 126.01 128.415 125.413 126.063 124.95 124.438 122.638 124.84 126.023 127.12 129.508 130.275 127.363 128.123 131.383 128.778 125.298 126.53 122.678 122.285 122.205 122.143 122.1 122.105 122.143 122.153 122.215 122.2 122.175 122.143 122.17 122.28 122.32 122.278 122.228 122.098 121.95 121.723 121.41 121.148 120.965 121.148 122.805 121.635 120 120.28 122.628 118.67 121.2 118.86 119.233 117.935 116.75 116.493 118.523 118.37 116.358 117.955 118.228 120.073 117.945 118.27 118.643 116.41
128.125 123.333 123.563 122.853 127.235 125.675 122.65 124.315 122.553 122.535 122.528 122.533 124.088 126.36 127.08 127.428 123.91 123.92 128.563 122.52 125.563 122.813 122.133 122.078 122.028 121.975 121.943 121.93 121.89 121.873 121.9 121.845 121.9 121.915 121.948 122.078 122.143 122.083 122.055 121.983 121.813 121.675 121.45 121.135 120.93 120.76 120.48 121.353 121.153 121.773 122.41 118.843 122.363 119.85 119.175 117.033 119.015 117.928 120.04 117.413 117.513 120.88 117.205 116.375 114.95 118.983 117.668 113.985
124.695 123.095 122.893 122.835 122.773 123.165 122.673 122.565 122.528 122.488 122.473 122.47 122.433 126.605 128.208 126.428 127.255 127.233 123.04 126.5 123.985 122.053 121.978 121.933 121.885 121.833 121.798 121.74 121.66 121.633 121.675 121.59 121.543 121.675 121.775 121.888 121.943 121.868 121.835 121.723 121.595 121.47 121.313 121.155 121.003 121.103 120.9 120.125 120.513 123.66 119.463 119.93 119.43 118.77 120.198 117.163 119.035 121.978 122.315 120.765 119.225 120.25 118.905 115.28 117.295 123.24 119.82 114.408
123.005 122.93 122.878 122.813 122.753 122.685 122.618 122.573 122.523 122.488 122.465 122.443 122.338 122.58 126.055 122.218 126.473 122.793 123.813 122.103 122.043 121.968 121.885 121.838 121.765 121.713 121.643 121.595 121.563 121.533 121.518 121.47 121.423 121.508 121.663 121.763 121.775 121.725 121.64 121.523 121.45 121.313 121.145 120.995 120.865 120.833 121.06 120.568 119.918 119.883 120.183 121.223 118.11 117.85 117.883 120.983 121.068 121.723 120.918 122.09 118.738 118.03 117.878 115.18 117.895 123.403 119.26 117.903
122.938 122.873 122.825 122.74 122.698 122.65 122.588 122.525 122.49 122.475 122.418 122.338 122.255 122.223 122.16 122.145 122.103 122.053 122.015 121.968 121.96 121.91 121.843 121.77 121.708 121.63 121.518 121.503 121.448 121.398 121.358 121.333 121.275 121.42 121.57 121.635 121.605 121.553 121.443 121.37 121.288 121.15 120.993 120.805 120.663 120.658 121.098 120.84 120.813 121.243 122.175 124.555 120.878 117.928 117.495 118.985 122.063 124.278 124.945 121.198 115.698 116.055 115.248 118.995 118.19 120.24 121.285 120.583
122.938 122.83 122.778 122.723 122.688 122.643 122.575 122.528 122.49 122.393 122.318 122.295 122.235 122.16 122.128 122.073 122.048 122.01 121.958 121.898 121.87 121.848 121.75 121.71 121.653 121.56 121.473 121.425 121.373 121.285 121.218 121.123 121.115 121.365 121.465 121.505 121.455 121.395 121.253 121.148 121.08 120.975 120.823 120.683 120.57 120.493 122.595 121.77 123.3 124.138 123.885 122.225 118.888 119.85 118.605 119.16 122.308 121.57 122.9 122.69 119.55 118.658 116.675 119.585 118.865 120.853 121.093 120.86
122.96 122.855 122.808 122.765 122.678 122.645 122.588 122.48 122.41 122.26 122.208 122.19 122.158 122.078 122.075 122.008 121.948 121.935 121.878 121.845 121.825 121.758 121.67 121.608 121.595 121.525 121.428 121.328 121.235 121.14 121.033 120.983 121.063 121.285 121.408 121.403 121.348 121.233 121.08 120.96 120.868 120.77 120.645 120.53 120.465 120.378 120.6 123.038 125.79 124.355 122.233 125.065 118.755 122.273 119.66 117.875 117.923 117.823 118.138 120.648 121.155 119.083 116.213 114.975 115.428 119.43 120.595 121.523
122.913 122.89 122.82 122.71 122.63 122.575 122.51 122.28 122.263 122.24 122.175 122.173 122.125 122.048 122.005 121.978 121.93 121.853 121.818 121.813 121.745 121.698 121.615 121.565 121.523 121.465 121.348 121.22 121.143 121.068 121.01 120.958 121.02 121.208 121.3 121.26 121.16 121.08 120.93 120.823 120.7 120.633 120.525 120.388 120.278 120.723 122.808 122.28 126.088 129.27 122.293 125.978 124.92 124.903 117.503 118.985 116.87 116.465 117.07 119.045 116.228 115.463 115.395 115.04 114.578 115.425 116.008 121.785
122.858 122.818 122.75 122.675 122.588 122.563 122.368 122.248 122.245 122.225 122.18 122.15 122.098 122.025 121.953 121.92 121.868 121.84 121.793 121.755 121.72 121.668 121.58 121.553 121.435 121.373 121.278 121.148 121.088 121.025 120.985 120.943 121.04 121.143 121.18 121.11 121 120.928 120.805 120.69 120.535 120.433 120.373 120.22 120.125 120.438 121.048 125.085 123.523 125.165 124.493 126.315 122.79 123.433 119.225 118.44 116.783 116.698 116.153 115.768 116.8 115.43 115.18 114.928 114.56 114.73 116.08 114.058
122.778 122.703 122.628 122.62 122.583 122.518 122.29 122.21 122.253 122.208 122.14 122.1 122.058 121.993 121.903 121.865 121.813 121.79 121.748 121.715 121.653 121.595 121.523 121.463 121.365 121.283 121.185 121.14 121.063 120.97 120.928 120.918 120.985 121.085 121.06 120.945 120.88 120.765 120.643 120.5 120.333 120.215 120.108 120.008 119.96 120.94 121.798 121.65 120.36 122.955 121.553 120.008 118.775 123.485 122.67 118.768 119.315 116.45 116.575 116.145 115.46 117 115.048 114.75 114.478 114.25 114.603 120.635
122.76 122.698 122.628 122.585 122.505 122.445 122.293 122.205 122.218 122.19 122.143 122.05 121.975 121.918 121.883 121.808 121.8 121.78 121.715 121.668 121.6 121.53 121.47 121.425 121.3 121.198 121.163 121.08 121 120.91 120.863 120.858 120.93 120.973 120.918 120.8 120.708 120.63 120.503 120.285 120.123 120.03 119.93 119.943 122.96 121.695 125.555 121.928 120.47 122.988 124.883 120.24 119.205 121.855 125.593 124.995 121.978 116.585 115.935 115.673 116.343 118.27 118.13 115.15 114.665 114.798 117.295 124.165
122.743 122.675 122.568 122.503 122.418 122.358 122.248 122.188 122.17 122.11 122.033 121.983 121.93 121.903 121.815 121.798 121.76 121.703 121.643 121.583 121.543 121.493 121.428 121.35 121.24 121.138 121.058 120.993 120.925 120.803 120.753 120.805 120.855 120.855 120.765 120.67 120.55 120.428 120.253 120.1 119.95 119.863 119.785 120.08 122.298 123.3 123.53 124.208 119.88 119.208 120.275 118.723 119.563 122.36 120.198 122.363 120.323 116.125 115.915 116.018 118.268 120.9 118.615 115.158 114.775 116.115 122.9 127.918
122.72 122.613 122.528 122.408 122.353 122.28 122.195 122.175 122.088 122.01 121.97 121.91 121.863 121.79 121.775 121.73 121.693 121.67 121.585 121.505 121.495 121.435 121.378 121.278 121.203 121.108 120.99 120.91 120.818 120.8 120.748 120.815 120.82 120.715 120.598 120.473 120.348 120.243 120.073 119.93 119.82 119.76 119.693 120.083 122.068 123.113 125.408 124.768 120.645 119.053 119.06 118.97 122.325 120.52 119.45 122.96 118.683 116.143 115.86 115.71 117.32 117.375 116.97 114.705 119.248 120.65 124.495 126.018
