LIDAR-DSM-2M-TQ28ne/tq2689_DSM_2M.asc
ncols 500
nrows 500
xllcorner    526000
yllcorner    189000
cellsize     2
NODATA_value -9999
[rows 0 to 31 of 500, columns 71 to 141 of 500]
91.514 91.496 91.504 91.516 91.509 91.481 91.459 91.469 91.499 91.521 91.499 91.511 91.509 91.539 91.566 91.541 91.566 91.566 91.586 91.609 91.606 91.616 91.646 91.649 91.654 91.661 91.666 91.691 91.701 91.791 91.733 91.711 91.661 91.618 92.423 93.536 95.016 95.061 95.091 95.126 95.198 95.231 95.196 95.198 95.096 94.846 92.486 91.631 91.753 91.801 91.808 91.736 91.493 91.193 90.848 90.551 90.463 90.476 90.438 90.441 90.556 90.716 93.158 92.781 91.071 90.556 90.471 90.441 90.416 90.393 90.441
91.521 91.531 91.534 91.559 91.541 91.516 91.491 91.471 91.501 91.519 91.511 91.551 91.556 91.551 91.556 91.571 91.581 91.574 91.601 91.596 91.624 91.626 91.669 91.646 91.696 91.676 91.686 91.691 91.706 91.726 91.778 91.761 91.731 91.681 91.628 91.581 93.268 94.203 93.488 95.106 95.126 95.146 95.168 95.141 95.078 94.051 91.618 91.721 91.811 91.813 91.768 91.588 91.286 90.901 90.591 90.458 90.473 90.453 90.451 90.513 90.628 93.561 94.386 94.211 93.778 92.508 90.803 90.513 90.461 90.401 90.371
91.541 91.561 91.564 91.591 91.591 91.579 91.581 91.514 91.494 91.516 91.526 91.549 91.561 91.579 91.559 91.566 91.619 91.601 91.626 91.614 91.624 91.661 91.644 91.684 91.684 91.666 91.704 91.694 91.731 91.743 91.746 91.818 91.776 91.736 91.701 91.633 91.628 91.601 91.618 92.471 94.866 95.071 95.093 94.733 94.516 91.593 91.691 91.768 91.813 91.773 91.626 91.313 90.973 90.631 90.506 90.513 90.486 90.503 90.591 90.673 91.026 94.638 94.661 94.513 94.298 94.101 92.898 90.878 90.606 90.493 90.441
91.584 91.601 91.599 91.604 91.606 91.601 91.611 91.596 91.614 91.519 91.536 91.569 91.559 91.591 91.599 91.586 91.609 91.604 91.619 91.611 91.654 91.669 91.676 91.684 91.694 91.696 91.694 91.709 91.739 91.746 91.756 91.783 91.928 91.808 91.763 91.751 91.716 91.623 91.593 91.571 91.616 92.536 92.418 91.676 91.623 91.666 91.776 91.816 91.778 91.581 91.356 90.991 90.691 90.556 90.506 90.498 90.698 90.763 90.756 91.048 94.428 94.903 94.836 94.718 94.566 94.436 94.233 93.801 92.553 90.813 90.543
91.591 91.614 91.621 91.649 91.656 91.661 91.656 91.646 91.641 91.546 91.549 91.564 91.579 91.586 91.611 91.629 91.624 91.631 91.644 91.641 91.664 91.646 91.666 91.709 91.701 91.731 91.726 91.749 91.751 91.753 91.778 91.756 91.791 91.848 91.821 91.793 91.758 91.623 91.541 91.566 91.551 91.568 91.578 91.603 91.611 91.716 91.793 91.766 91.591 91.316 91.026 90.713 90.566 90.553 90.538 91.083 91.133 90.873 92.468 93.841 93.773 94.856 94.926 94.878 94.778 94.691 94.511 94.316 94.101 93.161 91.418
91.604 91.629 91.644 91.641 91.661 91.661 91.674 91.706 91.699 91.649 91.621 91.599 91.596 91.589 91.589 91.639 91.614 91.641 91.664 91.654 91.666 91.651 91.689 91.701 91.724 91.716 91.741 91.754 91.769 91.783 91.778 91.786 91.796 91.798 91.866 91.851 91.776 91.628 91.526 91.523 91.498 91.508 91.513 91.541 91.623 91.716 91.711 91.581 91.328 91.048 90.758 90.608 90.583 90.606 90.906 90.761 91.063 93.018 93.956 94.116 94.268 93.901 94.368 94.896 94.903 94.878 94.723 94.601 94.426 94.213 93.693
91.621 91.626 91.649 91.669 91.686 91.684 91.706 91.741 91.721 91.729 91.644 91.621 91.609 91.596 91.611 91.641 91.659 91.649 91.684 91.679 91.679 91.696 91.711 91.701 91.704 91.741 91.749 91.764 91.761 91.796 91.781 91.801 91.836 91.836 91.878 91.856 91.768 91.596 91.468 91.448 91.408 91.396 91.403 91.458 91.576 91.606 91.526 91.361 91.091 90.811 90.678 90.631 90.608 90.928 90.786 91.491 93.638 93.961 94.123 94.293 94.468 94.493 94.171 94.398 94.878 94.943 94.896 94.796 94.661 94.516 93.368
91.651 91.659 91.664 91.666 91.701 91.706 91.716 91.749 91.751 91.744 91.759 91.689 91.701 91.609 91.636 91.646 91.644 91.664 91.686 91.689 91.691 91.701 91.721 91.721 91.731 91.744 91.761 91.776 91.791 91.803 91.836 91.831 91.876 91.886 91.886 91.808 91.651 91.546 91.406 91.406 91.331 91.301 91.291 91.296 91.343 91.378 91.296 91.111 90.891 90.796 90.683 90.708 91.046 90.943 91.266 93.451 93.996 94.163 94.308 94.451 94.661 94.841 94.861 94.278 94.156 94.446 94.781 94.916 94.846 94.313 90.723
91.684 91.676 91.679 91.689 91.711 91.731 91.731 91.764 91.769 91.779 91.769 91.756 91.711 91.691 91.644 91.649 91.669 91.659 91.679 91.679 91.701 91.704 91.741 91.741 91.759 91.736 91.771 91.799 91.806 91.816 91.841 91.863 91.898 91.858 91.826 91.686 91.531 91.441 91.368 91.313 91.278 91.243 91.218 91.213 91.181 91.136 91.086 90.933 90.833 90.733 90.811 90.993 90.806 91.646 93.721 94.026 94.216 94.348 94.546 94.711 94.831 94.998 94.718 94.113 93.196 91.226 91.058 93.941 94.716 91.893 90.748
91.664 91.691 91.684 91.706 91.709 91.741 91.754 91.761 91.769 91.759 91.766 91.771 91.771 91.754 91.734 91.651 91.699 91.684 91.676 91.671 91.686 91.704 91.739 91.756 91.784 91.759 91.814 91.801 91.821 91.821 91.826 91.871 91.848 91.828 91.756 91.621 91.531 91.446 91.366 91.313 91.251 91.241 91.178 91.163 91.106 91.031 90.963 90.868 90.806 90.876 91.213 90.796 92.136 93.848 94.026 94.206 94.368 94.543 94.731 94.921 94.988 94.511 94.113 93.943 92.663 90.738 90.778 90.711 90.706 90.726 90.713
91.664 91.714 91.704 91.736 91.751 91.746 91.754 91.739 91.769 91.764 91.781 91.791 91.784 91.776 91.706 91.719 91.681 91.681 91.701 91.691 91.741 91.759 91.774 91.759 91.766 91.796 91.814 91.821 91.834 92.103 91.896 91.843 91.801 91.753 91.671 91.583 91.536 91.481 91.401 91.326 91.246 91.168 91.141 91.091 91.038 90.991 90.891 90.851 90.908 91.106 90.813 92.881 93.833 94.066 94.216 94.393 94.563 94.806 94.893 95.073 94.603 94.061 93.941 93.811 93.681 92.046 90.726 90.668 90.648 90.656 90.586
91.684 91.736 91.726 91.756 91.759 91.741 91.789 91.774 91.766 91.801 91.799 91.809 91.811 91.804 91.771 91.731 91.729 91.704 91.721 91.724 91.756 91.761 91.779 91.791 91.794 91.799 91.831 91.846 92.619 96.661 92.731 91.771 91.731 91.691 91.606 91.558 91.521 91.488 91.423 91.316 91.223 91.136 91.056 91.016 90.993 90.926 90.846 90.998 91.083 90.906 92.593 93.911 94.083 94.251 94.438 94.578 94.731 94.901 94.946 94.433 93.963 92.253 92.303 93.693 93.006 90.778 90.676 90.633 90.581 90.561 90.496
91.721 91.731 91.746 91.766 91.761 91.784 91.776 91.789 91.796 91.774 91.794 91.814 91.794 91.799 91.789 91.819 91.776 91.744 91.744 91.751 91.761 91.764 91.776 91.779 91.809 91.831 91.831 91.851 94.289 96.508 95.511 91.763 91.686 91.608 91.608 91.573 91.508 91.503 91.413 91.326 91.221 91.076 90.941 90.928 90.896 90.858 91.033 90.948 90.818 93.198 93.973 94.103 94.233 94.436 94.603 94.781 94.923 95.046 94.293 93.976 91.483 90.748 90.781 91.041 90.783 90.623 90.631 90.583 90.533 90.463 90.428
91.749 91.739 91.751 91.764 91.764 91.781 91.794 91.809 91.816 91.816 91.794 91.814 91.816 91.836 91.826 91.841 91.829 91.769 91.744 91.749 91.764 91.766 91.794 91.786 91.804 91.824 91.834 91.859 93.601 96.333 94.158 91.698 91.663 91.601 91.588 91.573 91.543 91.526 91.433 91.353 91.261 91.061 90.953 90.908 90.851 90.923 90.801 91.373 93.461 93.978 94.136 94.273 94.426 94.626 94.831 94.956 94.911 94.236 93.886 93.193 91.458 90.808 90.816 90.758 90.686 90.636 90.566 90.593 90.536 90.446 90.438
91.734 91.746 91.764 91.759 91.776 91.791 91.794 91.819 91.821 91.821 91.806 91.811 91.824 91.826 91.844 91.851 91.859 91.844 91.779 91.756 91.766 91.764 91.804 91.821 91.819 91.856 91.876 91.846 92.999 93.078 92.433 91.661 91.626 91.611 91.628 91.561 91.523 91.511 91.468 91.406 91.293 91.178 91.063 91.011 91.008 90.848 91.728 93.638 93.983 94.173 94.316 94.491 94.696 94.778 94.951 94.883 94.138 93.046 91.726 92.043 93.308 92.121 90.953 90.846 90.756 90.666 90.546 90.528 90.501 90.443 90.408
91.739 91.734 91.764 91.759 91.789 91.784 91.814 91.816 91.814 91.821 91.811 91.839 91.849 91.849 91.844 91.861 91.859 91.864 91.836 91.789 91.786 91.794 91.811 91.809 91.939 91.846 91.836 91.821 91.754 91.703 91.651 91.668 91.643 91.643 91.633 91.591 91.566 91.526 91.496 91.416 91.358 91.296 91.346 91.168 90.781 91.411 93.763 93.988 94.168 94.333 94.491 94.671 94.873 94.968 94.768 94.123 93.968 91.671 90.836 90.861 92.803 92.156 91.021 90.981 90.926 90.753 90.591 90.521 90.478 90.418 91.856
91.731 91.766 91.766 91.771 91.804 91.791 91.819 91.824 91.821 91.836 91.829 91.839 91.869 91.864 91.861 91.866 91.854 91.856 91.831 91.849 91.829 91.819 91.801 91.731 92.329 93.246 92.589 91.726 91.696 91.688 91.671 91.658 91.623 91.606 91.641 91.571 91.576 91.553 91.501 91.483 91.398 91.378 91.311 90.926 92.041 93.706 94.048 94.221 94.381 94.511 94.691 93.973 95.048 94.598 94.073 93.928 93.818 92.966 90.748 90.966 93.286 91.733 91.103 91.148 91.211 91.086 90.936 90.683 90.873 92.711 93.686
91.749 91.776 91.769 91.789 91.804 91.831 91.849 91.841 91.864 91.856 91.866 91.869 91.861 91.866 91.886 91.879 91.871 91.861 91.869 91.849 91.919 92.349 91.766 91.699 91.659 91.854 91.691 91.694 91.691 91.678 91.681 91.666 91.636 91.611 91.606 91.563 91.571 91.551 91.536 91.498 91.516 91.118 90.938 91.793 93.886 94.036 94.228 94.371 94.546 94.176 94.828 95.018 94.408 94.063 93.931 93.786 93.673 92.988 91.133 91.523 93.711 91.856 91.198 91.261 91.281 91.471 95.566 94.321 91.616 93.526 93.866
91.734 91.761 91.784 91.796 91.804 91.826 91.841 91.844 91.856 91.864 91.881 91.901 91.881 91.876 91.881 91.899 91.889 91.871 91.874 91.861 91.861 92.744 94.276 93.026 91.651 91.631 91.651 91.664 91.661 91.688 91.668 91.668 91.631 91.631 91.588 91.571 91.558 91.563 91.541 91.563 91.303 91.218 92.386 93.948 94.061 94.241 94.403 94.568 94.746 94.923 94.936 94.523 94.053 93.906 93.831 93.693 92.473 91.038 90.876 91.058 93.933 91.986 91.323 91.253 91.548 96.528 98.151 97.763 94.913 93.396 93.658
91.754 91.771 91.771 91.781 91.799 91.819 91.844 91.864 91.876 91.886 91.906 91.914 91.891 91.894 91.904 91.901 91.889 91.889 91.866 91.836 91.811 91.754 91.796 94.056 92.776 91.639 91.656 91.664 91.666 91.648 91.666 91.646 91.608 91.628 91.696 92.416 91.598 91.556 91.536 91.276 91.013 93.118 93.963 94.181 94.291 94.436 94.573 94.303 94.963 94.938 94.391 93.756 93.913 93.771 93.676 93.128 91.918 90.876 90.986 91.348 94.036 93.086 91.391 92.786 97.436 98.123 98.126 98.093 97.861 95.156 93.443
91.771 91.769 91.791 91.789 91.829 91.841 91.844 91.866 91.879 91.919 91.916 91.921 91.906 91.919 91.921 91.906 91.884 91.891 91.861 91.801 91.734 91.684 91.839 91.684 91.629 91.646 91.636 91.639 91.664 91.646 91.641 91.641 91.623 91.618 92.278 92.413 91.771 91.588 91.313 91.328 93.248 93.948 94.121 94.303 94.481 94.618 94.278 94.938 94.893 94.246 93.538 91.373 93.296 93.611 91.806 91.026 90.881 90.971 91.091 91.221 92.786 94.096 93.881 96.968 98.081 98.096 98.141 98.128 98.116 97.901 94.701
91.781 91.789 91.804 91.826 91.829 91.836 91.861 91.864 91.876 91.904 91.916 91.919 91.926 91.936 91.926 91.911 91.901 91.844 91.821 91.761 91.719 91.664 91.634 91.604 91.646 91.674 91.651 91.649 91.656 91.626 91.631 91.626 91.601 91.591 91.983 91.746 91.743 91.323 91.358 93.873 94.008 94.158 94.301 94.501 94.106 94.826 95.001 94.788 94.231 93.163 90.886 90.761 90.901 92.071 90.826 90.883 90.976 91.086 91.176 91.343 91.426 94.721 97.713 98.058 98.076 98.091 98.113 98.111 98.091 98.121 96.443
91.811 91.819 91.814 91.846 91.849 91.859 91.889 91.869 91.876 91.921 91.896 91.886 91.906 91.926 91.924 91.911 91.861 91.836 91.756 91.754 91.749 91.714 91.621 91.641 91.636 91.669 91.621 91.641 91.661 91.653 91.628 91.613 91.593 91.578 91.546 91.611 91.056 91.956 93.633 94.026 94.193 94.361 94.506 94.683 94.066 95.003 94.836 94.143 93.263 91.118 90.766 90.741 90.736 90.853 90.951 91.013 91.141 91.198 91.256 91.236 95.901 101.766 98.823 98.088 98.128 98.093 98.086 98.108 98.278 96.553 95.026
91.841 91.849 91.859 91.854 91.884 91.894 91.871 91.896 91.919 91.909 91.901 91.896 91.896 91.904 91.896 91.909 91.891 91.816 91.761 91.756 91.756 91.699 91.704 91.674 91.651 91.634 91.641 91.644 91.629 91.618 91.616 91.596 91.531 91.573 91.361 90.908 91.951 93.853 94.066 94.208 94.373 94.538 94.223 94.656 95.001 94.628 94.126 92.501 91.138 90.791 90.768 90.743 90.783 90.878 90.973 91.046 91.101 91.211 91.306 96.348 100.786 101.298 100.988 98.706 98.116 98.093 98.068 97.851 95.951 95.036 94.406
91.839 91.856 91.854 91.864 91.916 91.906 91.904 91.949 91.911 91.914 91.901 91.914 91.891 91.881 91.896 91.884 91.829 91.784 91.766 91.746 91.706 91.679 91.634 91.629 91.649 91.636 91.634 91.661 91.626 91.618 91.641 91.591 91.556 91.518 91.246 90.771 92.826 94.068 94.241 94.388 94.576 94.548 94.893 94.961 94.506 94.066 93.378 90.921 90.766 90.761 90.756 90.816 90.928 91.056 91.128 91.216 91.313 92.518 97.596 101.386 101.321 101.311 101.311 100.833 98.423 98.086 98.221 96.186 95.078 95.098 94.691
91.859 91.881 91.894 91.896 91.919 91.921 91.914 91.911 91.904 91.896 91.906 91.901 91.871 91.869 91.854 91.811 91.814 91.784 91.741 91.711 91.684 91.634 91.621 91.626 91.624 91.639 91.616 91.641 91.631 91.618 91.611 91.611 91.551 91.523 91.483 91.096 90.953 93.571 94.436 94.613 94.728 94.588 95.053 94.381 94.041 93.943 93.806 92.058 90.753 90.786 90.848 90.986 91.103 91.201 92.736 91.373 91.581 97.313 101.283 101.281 101.313 101.366 101.351 101.311 100.843 97.711 95.431 95.253 95.836 95.458 95.053
91.881 91.911 91.896 91.879 91.884 91.909 91.916 91.911 91.921 91.911 91.911 91.894 91.879 91.831 91.844 91.826 91.791 91.774 91.734 91.674 91.651 91.654 91.634 91.646 91.654 91.629 91.624 91.599 91.606 91.583 91.603 91.576 91.568 91.528 91.518 91.433 91.036 90.736 93.363 93.833 94.443 95.018 94.346 94.036 93.903 93.793 93.673 92.641 90.828 90.843 90.971 91.111 91.213 93.318 103.466 94.966 100.436 101.293 101.268 101.276 101.293 101.308 101.308 101.296 99.533 95.558 96.028 94.781 95.648 95.798 95.391
91.901 91.911 91.906 91.889 91.894 91.894 91.906 91.884 91.904 91.906 91.916 91.894 91.854 91.836 91.816 91.816 91.804 91.754 91.706 91.664 91.634 91.676 91.649 91.636 91.631 91.611 91.594 91.596 91.576 91.596 91.563 91.566 91.558 91.528 91.471 91.486 91.448 90.893 91.068 93.986 95.053 94.286 94.026 93.916 93.798 93.643 92.278 91.453 90.876 90.951 91.093 91.183 94.708 103.908 104.478 103.671 101.593 101.281 101.296 101.371 102.216 101.491 101.306 99.208 95.561 96.911 97.493 94.851 94.908 96.023 95.753
91.901 91.909 91.921 91.914 91.894 91.899 91.881 91.849 91.881 91.891 91.886 91.861 91.864 91.836 91.821 91.814 91.766 91.751 91.701 91.671 91.661 91.699 91.656 91.616 91.621 91.606 91.586 91.591 91.584 91.591 91.558 91.541 91.523 91.516 91.491 91.501 91.473 91.443 91.046 91.371 92.461 94.038 93.891 93.761 93.611 92.241 90.901 90.933 90.951 91.043 91.146 97.353 104.076 104.596 104.501 104.483 103.988 101.476 101.918 103.586 103.936 102.106 98.448 95.416 96.476 97.018 97.536 97.433 94.958 94.976 95.908
91.889 91.886 91.919 91.909 91.914 91.911 91.894 91.881 91.859 91.876 91.881 91.889 91.891 91.859 91.824 91.796 91.739 91.731 91.716 91.704 91.674 91.694 91.626 91.616 91.609 91.634 91.599 91.606 91.604 91.556 91.581 91.553 91.521 91.491 91.491 91.488 91.483 91.461 91.431 91.081 90.743 91.898 93.761 93.391 91.553 91.101 91.256 91.058 91.151 91.133 98.661 104.393 104.523 104.568 104.551 104.516 104.556 103.248 103.376 103.893 102.478 97.778 95.751 96.706 96.658 97.048 97.146 97.493 97.391 95.006 95.026
91.894 91.904 91.906 91.921 91.901 91.906 91.914 91.906 91.884 91.874 91.884 91.879 91.876 91.846 91.819 91.764 91.734 91.761 91.696 91.696 91.709 91.696 91.686 91.661 91.644 91.636 91.601 91.601 91.589 91.583 91.558 91.553 91.531 91.511 91.481 91.478 91.496 91.486 91.441 91.376 91.088 90.858 92.963 91.541 90.861 91.001 91.233 91.143 91.198 91.241 95.811 104.531 104.481 104.543 104.576 104.576 104.576 104.546 104.291 100.431 95.903 96.168 97.153 96.836 96.708 96.756 96.828 97.096 97.586 97.088 94.838
91.921 91.936 91.901 91.909 91.904 91.891 91.929 91.914 91.879 91.866 91.866 91.876 91.856 91.816 91.789 91.774 91.744 91.724 91.716 91.724 91.696 91.701 91.699 91.646 91.659 91.621 91.629 91.576 91.549 91.546 91.546 91.528 91.518 91.498 91.486 91.473 91.538 91.518 91.463 91.413 91.383 91.073 90.786 90.778 90.896 91.003 91.121 91.203 91.276 91.291 91.321 95.671 103.253 104.551 104.586 104.541 104.521 104.536 104.186 96.783 95.006 96.466 97.556 97.278 97.001 96.661 96.708 96.856 97.138 97.688 96.451
