LIDAR-DSM-2M-TQ28ne/tq2689_DSM_2M.asc
ncols 500
nrows 500
xllcorner    526000
yllcorner    189000
cellsize     2
NODATA_value -9999
[rows 64 to 95 of 500, columns 142 to 212 of 500]
91.581 91.564 91.531 91.501 91.451 91.416 91.324 91.159 91.003 90.966 90.973 90.933 90.933 91.036 91.128 91.526 90.773 91.078 93.143 96.471 97.638 98.111 98.028 97.896 97.298 95.983 94.121 90.693 91.876 91.053 91.356 91.903 90.611 90.918 92.183 90.533 89.958 89.861 90.381 90.986 93.391 93.183 92.241 92.881 95.118 95.186 91.976 90.096 89.891 89.648 90.063 90.136 89.503 89.521 89.593 89.436 89.353 89.401 89.501 89.871 89.553 89.428 89.761 90.113 89.508 89.383 89.393 89.653 89.353 93.598 95.058
91.631 91.584 91.534 91.526 91.494 91.604 91.379 91.119 91.048 91.023 90.998 90.963 91.306 93.236 91.041 90.876 91.176 94.156 97.453 97.831 98.201 97.833 97.011 93.546 92.546 93.448 93.458 92.653 90.976 90.736 90.771 92.051 92.053 91.258 91.108 90.121 90.061 90.321 90.086 89.908 90.023 90.786 91.493 93.096 94.158 92.221 91.038 89.923 89.728 90.186 89.898 89.618 89.506 89.608 90.386 89.741 89.756 89.421 89.911 90.553 89.913 89.418 89.446 89.438 89.456 89.361 89.348 89.831 89.571 90.416 91.913
91.661 91.614 91.579 91.656 91.491 91.306 91.174 91.124 91.091 91.036 91.076 91.578 91.091 91.103 91.136 92.783 96.283 97.691 98.696 98.878 97.426 96.781 96.266 93.838 90.958 92.818 91.391 91.893 92.006 93.021 92.378 93.013 92.643 90.458 90.376 90.346 90.556 90.166 89.983 89.981 90.156 90.148 90.181 92.276 92.078 91.473 91.006 89.678 90.068 90.298 89.583 89.576 89.866 89.888 89.618 89.523 89.558 89.571 89.456 89.728 89.988 89.353 89.431 89.433 89.396 89.566 89.913 89.426 89.706 89.946 89.298
91.761 91.666 91.659 91.554 91.331 91.249 91.216 91.194 91.106 91.043 91.573 91.441 91.076 91.776 93.203 97.281 97.946 98.496 98.111 97.271 94.128 94.578 94.726 92.601 90.796 91.213 91.031 91.093 93.308 96.768 96.493 91.633 91.686 90.673 91.778 91.523 90.836 90.311 90.148 90.541 90.193 90.103 90.711 92.066 92.058 90.646 89.766 90.421 89.856 89.651 89.613 89.916 90.596 89.706 90.743 91.191 93.346 89.996 89.886 89.571 89.396 89.366 89.846 89.491 89.408 89.411 89.543 89.716 89.326 89.406 90.236
93.601 91.689 91.444 91.356 91.331 91.259 91.276 91.229 91.766 91.831 91.158 91.231 92.186 95.223 97.856 98.728 98.333 97.846 97.186 95.858 93.226 91.098 91.476 91.743 90.968 90.911 91.738 91.138 91.126 94.593 91.403 90.483 90.211 93.468 94.678 93.873 92.763 90.486 90.396 90.293 90.156 90.023 89.916 90.563 90.551 89.768 90.186 90.193 89.736 89.668 90.421 90.061 89.633 91.048 93.588 95.916 96.366 95.116 90.936 89.536 89.773 90.323 89.621 89.788 89.831 89.411 89.368 89.353 89.458 90.008 89.451
94.229 91.716 91.399 91.389 91.399 91.321 91.501 91.486 91.606 91.603 92.148 93.736 96.266 98.016 98.593 98.923 97.601 96.821 96.336 95.596 94.008 92.488 91.191 91.486 91.346 90.923 91.036 91.326 91.478 90.648 90.566 90.621 90.528 95.546 95.923 95.921 96.576 91.836 91.576 90.508 90.116 89.993 90.078 90.093 90.221 90.383 89.773 89.823 89.768 89.686 90.241 89.733 90.686 93.493 96.073 97.153 97.478 96.773 95.478 93.026 90.336 90.661 90.263 89.333 89.708 89.643 89.368 89.338 89.328 89.551 90.173
93.666 91.486 91.444 91.439 91.426 91.666 92.271 91.556 91.383 92.628 95.321 97.718 98.271 98.781 98.261 97.626 95.621 94.091 95.088 93.823 91.826 91.393 91.993 91.516 91.773 91.221 91.198 90.846 90.678 90.641 90.613 91.691 90.523 92.621 96.128 96.966 97.673 97.016 92.133 92.023 90.383 90.023 89.971 89.888 90.773 90.041 89.876 89.803 89.738 89.681 89.936 90.238 89.678 91.251 94.833 96.581 97.458 97.618 96.983 96.778 94.723 90.488 89.498 89.936 89.708 89.318 89.593 90.506 89.696 89.408 89.338
91.564 91.539 91.519 91.496 91.606 91.486 91.496 91.876 92.023 95.766 98.186 99.198 98.843 98.006 97.446 96.771 94.941 93.858 93.358 91.696 92.116 91.673 92.701 91.508 91.616 93.148 91.148 90.658 90.646 90.646 90.646 91.193 92.136 93.438 97.108 97.871 98.153 97.401 95.798 92.056 91.246 90.048 89.948 89.918 89.943 89.921 89.901 90.051 89.838 90.123 91.526 90.996 89.721 91.646 94.741 95.703 96.241 96.921 97.618 97.401 96.488 95.081 91.438 90.523 90.301 89.618 89.366 89.751 90.411 90.566 89.796
91.611 91.544 91.806 92.581 91.711 91.716 92.424 94.954 97.516 98.473 98.883 98.748 97.921 95.808 96.591 96.131 94.368 93.533 91.421 91.311 92.686 92.416 92.388 93.156 92.831 92.023 90.861 90.633 90.638 90.668 90.651 90.703 95.203 94.696 96.348 98.013 97.261 96.343 94.336 90.978 90.186 90.688 90.263 89.993 89.998 90.166 90.743 90.061 90.306 90.551 91.728 91.941 91.183 93.161 95.213 95.298 94.828 95.878 97.631 97.808 97.648 96.938 95.911 93.756 91.258 89.538 89.416 89.356 89.756 90.461 90.486
91.629 91.979 91.611 92.001 91.619 92.346 95.914 98.341 98.723 99.198 98.633 97.716 94.223 91.748 94.403 92.438 92.588 91.568 92.188 91.723 91.616 93.078 95.093 95.966 93.523 90.981 90.646 91.353 90.861 90.758 91.638 94.771 98.733 98.921 94.541 96.571 96.513 92.413 90.308 90.221 90.586 90.581 90.071 90.043 90.293 90.328 89.893 90.013 91.746 94.758 90.716 90.546 90.611 91.893 94.426 94.908 93.651 92.478 96.503 97.773 97.911 97.883 97.246 96.741 95.463 91.546 89.618 89.711 89.693 89.366 89.971
92.179 92.484 91.794 93.611 94.266 97.131 98.481 99.289 100.028 99.403 98.501 97.066 94.691 91.501 91.786 91.413 91.478 91.553 91.821 92.273 91.603 95.586 96.793 96.578 95.008 91.888 90.696 90.836 90.783 91.383 96.163 98.863 98.881 98.891 98.656 93.211 93.048 90.776 90.291 91.011 90.293 90.143 90.158 90.133 90.803 90.241 90.268 91.241 95.501 96.691 96.046 90.203 89.871 90.473 92.701 93.368 92.188 92.796 97.161 97.473 97.256 97.983 97.918 97.536 96.778 96.068 93.056 91.028 91.008 89.763 89.401
91.761 91.754 92.236 95.419 98.089 98.801 99.176 98.719 98.218 96.118 96.821 96.406 93.966 91.651 91.726 91.518 91.368 93.193 91.491 91.871 93.046 96.393 97.076 96.188 93.496 93.226 91.596 91.073 93.618 97.408 98.808 98.891 98.893 98.553 96.908 91.826 90.518 90.543 90.596 90.308 90.198 90.146 90.706 90.746 90.101 90.368 92.036 96.056 96.983 97.251 96.921 93.606 90.026 89.933 90.006 91.733 91.171 94.038 95.966 96.976 96.678 96.271 97.923 97.911 97.868 97.066 96.291 95.066 91.283 89.416 89.668
91.871 92.609 96.171 98.666 99.211 99.136 98.601 97.849 96.348 92.253 93.911 94.273 92.536 91.606 91.698 92.493 92.118 98.386 95.473 93.631 91.216 95.361 96.468 94.541 91.838 93.338 91.958 93.503 97.468 98.876 98.888 98.876 98.373 94.786 91.128 90.401 90.343 91.283 90.338 90.278 90.313 90.223 90.498 90.158 90.403 93.493 96.303 96.891 97.216 96.986 96.226 94.636 92.058 90.698 89.828 90.453 89.556 91.198 94.573 95.118 92.738 90.681 96.496 97.811 97.941 97.941 97.446 96.956 95.258 92.178 89.846
93.074 97.741 98.689 99.341 99.521 98.326 97.654 97.216 96.311 92.571 92.828 92.158 91.731 92.111 91.603 92.426 93.593 93.698 94.818 95.381 91.628 91.243 91.416 90.808 90.818 91.566 93.433 98.153 98.851 98.911 98.938 98.226 95.033 91.271 90.493 90.376 90.323 90.333 90.356 90.381 90.973 90.443 90.283 90.703 92.853 96.438 97.023 97.343 96.791 96.103 94.646 92.608 91.801 91.236 90.763 90.306 89.868 91.043 90.226 91.413 89.506 93.646 96.961 95.768 97.211 97.946 97.431 97.621 97.158 96.313 94.686
97.676 98.864 99.531 99.709 98.639 95.184 94.099 96.421 94.276 91.783 92.508 92.121 91.691 92.921 93.366 91.851 92.721 94.421 95.246 94.358 92.488 90.853 90.816 90.828 90.828 94.656 98.651 98.913 98.926 98.861 97.986 94.246 90.728 90.551 90.401 90.413 90.388 90.396 90.503 90.853 90.506 90.368 91.376 94.873 96.548 97.206 97.291 96.863 96.128 94.066 93.236 92.368 90.398 90.401 91.931 92.601 91.606 91.176 89.981 91.093 90.503 94.566 95.518 94.941 93.896 92.093 95.391 96.506 97.651 97.328 96.743
99.569 99.399 98.881 98.946 97.436 94.934 92.856 94.811 93.736 92.323 91.778 92.511 91.758 92.471 93.161 93.493 92.163 93.493 94.446 93.451 90.981 90.786 91.008 90.881 93.463 98.651 98.896 98.936 98.728 97.428 93.726 91.201 90.601 91.131 90.578 90.466 90.436 90.488 90.848 90.601 90.468 91.893 95.493 96.901 97.228 97.303 96.741 95.868 93.526 93.171 91.481 90.548 91.476 90.408 90.423 92.528 91.116 89.881 90.853 90.828 89.811 91.561 93.851 94.066 90.021 91.133 94.308 96.521 97.963 97.986 97.873
100.456 99.606 98.096 97.551 97.039 95.839 94.141 92.676 92.073 91.916 91.826 91.828 92.801 92.468 92.236 92.653 92.108 92.401 93.523 93.718 91.623 90.811 90.943 95.308 98.578 98.886 98.873 98.838 96.641 93.118 90.823 90.678 90.903 91.006 90.526 90.493 90.846 91.066 90.386 90.566 90.633 95.953 97.486 98.128 97.301 96.663 95.596 93.721 93.286 92.543 90.921 90.196 90.756 91.471 92.333 91.806 89.996 89.943 90.321 89.768 89.696 89.928 89.491 90.058 90.351 93.486 95.283 96.966 97.703 97.976 98.013
100.589 100.429 95.026 96.046 94.754 94.274 94.441 93.264 91.878 91.916 92.343 92.321 92.528 92.416 91.911 91.853 92.458 91.958 91.706 91.903 93.331 92.066 96.473 98.768 98.901 98.896 98.606 96.148 92.233 90.836 90.728 91.691 90.676 90.593 90.571 90.881 90.798 90.638 91.103 92.823 96.198 97.698 98.371 98.236 97.116 94.983 92.576 91.743 92.798 91.306 92.186 91.396 90.528 90.851 92.148 91.311 90.676 90.111 90.023 89.928 89.996 89.876 89.816 90.153 90.248 94.178 95.233 95.593 94.106 93.651 97.971
99.741 98.549 93.461 92.556 92.184 92.529 93.334 92.054 92.316 91.976 92.083 93.753 93.408 91.986 91.943 92.221 93.953 93.531 93.211 91.591 92.171 91.403 95.663 98.891 98.848 98.491 95.288 91.431 90.858 90.731 90.776 90.873 90.671 90.618 90.851 91.343 90.596 91.053 92.958 96.926 97.723 98.403 98.093 97.981 96.518 92.788 91.013 90.426 90.783 90.446 91.138 92.238 91.606 91.183 91.121 92.351 91.233 90.693 90.158 90.636 90.171 90.108 90.021 89.831 89.546 90.281 92.671 93.653 90.316 93.548 97.661
98.741 97.831 94.479 92.541 92.334 92.271 92.216 92.074 92.631 93.081 92.498 92.701 92.893 92.348 91.903 92.071 93.016 94.376 94.498 95.073 97.046 93.148 91.446 96.291 98.311 95.861 90.926 90.926 91.226 91.163 90.753 90.721 90.691 91.231 91.016 90.673 90.896 92.846 96.696 97.858 98.633 98.206 97.853 96.603 95.771 92.988 91.871 90.326 90.436 91.403 91.338 91.213 90.976 90.723 91.613 92.706 92.073 91.856 90.341 90.386 90.291 90.311 90.223 90.096 90.171 90.286 90.241 90.848 91.291 95.068 96.831
97.774 95.281 92.394 92.391 92.466 92.391 92.716 92.566 93.051 93.001 92.356 91.868 91.846 92.348 93.541 92.053 92.311 93.618 96.193 97.908 98.826 98.508 92.591 94.061 94.138 92.278 90.931 91.081 91.538 90.866 90.793 90.921 91.313 91.068 90.818 91.216 94.768 97.178 97.978 98.356 97.863 97.171 95.676 96.268 96.551 93.473 90.623 90.816 90.451 91.191 91.576 90.693 90.808 91.046 90.653 90.681 91.498 90.581 91.668 90.916 91.266 90.486 90.356 91.101 90.991 90.618 90.951 90.911 89.788 94.041 95.476
94.531 94.996 93.616 92.391 92.389 92.516 94.311 94.306 93.668 92.296 92.168 92.416 92.183 94.023 94.593 93.743 92.533 95.416 97.996 99.001 99.421 98.643 96.683 91.813 91.053 91.113 91.708 91.498 90.883 90.876 90.936 91.648 90.811 90.863 91.658 94.731 97.398 98.071 98.388 97.803 96.918 94.793 93.596 93.973 93.183 90.636 90.628 90.773 91.556 91.681 90.803 90.723 91.146 90.633 90.838 90.501 90.476 90.578 90.528 91.028 91.638 91.718 90.893 91.348 90.453 90.511 91.036 90.408 90.238 91.643 93.378
92.419 93.186 92.861 92.634 92.494 93.191 93.681 94.179 93.371 92.393 92.108 91.731 92.241 94.293 94.423 94.696 97.741 99.433 99.278 99.216 98.516 97.643 95.296 91.476 91.073 91.206 91.463 90.981 90.918 91.111 91.518 90.803 90.986 91.016 94.931 97.403 98.581 98.548 97.608 96.911 96.181 95.318 93.616 90.971 90.661 90.696 90.643 90.996 92.901 93.288 91.978 90.671 91.656 91.886 90.816 90.413 90.411 90.561 91.206 91.453 90.741 91.026 91.576 90.886 93.838 93.268 91.016 90.796 91.428 90.363 89.926
92.949 92.679 92.544 92.764 93.889 93.921 92.886 93.544 94.003 92.318 93.171 93.691 92.503 93.611 94.981 97.363 99.516 99.711 99.576 98.443 97.143 93.456 91.346 91.106 91.876 91.451 91.046 90.958 91.316 91.478 91.051 91.291 92.116 95.861 97.646 98.001 98.851 98.426 95.438 95.936 95.561 92.381 91.556 91.438 91.096 90.708 90.878 91.121 91.273 92.781 91.558 90.783 91.043 92.208 90.828 91.071 90.876 90.448 90.951 91.656 91.153 91.728 91.238 91.636 92.923 92.341 92.161 92.726 90.853 90.113 91.726
93.296 94.159 93.241 93.451 93.491 93.816 92.494 92.399 92.506 92.053 92.428 93.898 94.208 93.143 97.633 98.506 99.426 99.238 98.293 96.648 93.673 91.451 91.316 91.698 91.113 91.073 91.043 91.226 92.116 91.158 91.258 93.111 96.358 97.666 98.321 98.448 98.856 96.908 91.561 92.426 91.731 91.103 91.048 91.038 91.641 91.633 91.071 92.293 91.238 91.118 91.008 91.378 90.681 90.808 90.483 90.956 91.101 91.001 90.628 90.771 90.648 93.518 95.021 92.121 93.588 91.718 92.376 93.066 90.971 90.158 90.498
93.809 93.366 94.621 93.389 92.639 92.836 92.601 92.306 92.593 92.841 93.158 94.301 95.186 97.938 99.058 99.476 99.098 98.378 96.111 92.816 91.371 91.508 91.926 91.386 91.141 91.143 91.593 91.436 91.093 91.093 93.086 96.988 98.046 98.886 98.003 97.446 97.473 94.956 91.381 91.596 92.418 91.361 91.818 91.438 91.118 91.131 91.098 91.621 91.336 90.893 92.083 91.358 91.226 90.658 90.986 90.598 90.816 91.291 91.868 90.683 91.361 92.471 96.873 95.981 97.911 97.826 94.126 92.538 92.723 91.726 91.313
93.854 94.389 94.716 93.421 92.874 92.161 92.221 92.369 92.561 93.861 94.638 95.571 97.728 99.158 99.571 99.238 98.198 97.023 91.923 91.393 91.468 92.081 91.418 91.218 91.201 91.503 91.741 91.493 91.706 93.788 97.443 98.138 98.833 99.026 97.288 95.476 95.906 95.136 93.886 91.691 92.396 91.711 91.373 92.358 91.696 92.801 91.396 91.121 91.571 92.093 91.473 92.156 90.783 90.746 90.703 90.633 90.831 91.616 92.581 91.033 90.806 91.671 96.358 98.198 99.343 99.563 99.458 94.926 91.698 90.926 90.466
94.571 94.434 92.301 92.144 92.921 92.261 94.791 94.664 92.251 93.078 96.093 98.323 99.051 99.626 99.033 98.106 96.133 92.266 91.543 91.783 91.458 91.278 91.266 91.233 92.266 91.453 91.303 91.991 94.981 97.573 98.218 98.691 99.171 98.991 94.563 91.431 94.281 92.251 92.106 91.566 91.918 92.116 92.306 91.386 91.388 91.498 91.066 91.051 91.501 93.758 92.123 90.901 91.148 90.833 90.778 90.793 90.673 90.651 91.421 91.146 90.803 90.933 95.788 98.853 99.816 99.526 98.716 97.528 91.976 90.923 90.443
95.529 93.124 92.784 92.144 92.571 95.244 97.471 96.671 94.653 94.908 98.478 99.646 99.896 98.878 98.106 95.398 92.746 91.571 91.633 91.986 91.458 91.338 91.473 91.776 91.463 91.706 91.666 95.011 97.598 98.608 98.641 97.893 97.728 98.558 95.843 91.453 91.356 91.503 91.431 91.553 91.561 93.091 92.511 91.663 91.806 91.311 91.496 91.321 91.083 92.253 93.546 91.111 91.423 94.911 95.253 90.873 91.026 91.373 90.808 91.011 91.223 93.183 97.238 99.743 99.298 98.418 97.233 92.791 90.878 90.653 90.501
94.546 92.601 92.419 92.404 94.231 97.921 99.371 97.919 96.373 96.111 97.983 99.766 99.003 98.066 94.928 91.683 91.533 91.963 91.551 91.396 91.393 91.411 92.288 91.408 91.763 93.356 96.253 97.861 98.243 98.433 97.973 95.861 96.351 96.743 95.153 91.543 93.066 91.396 91.406 92.123 93.061 92.526 91.948 92.793 92.793 91.391 91.323 91.221 91.133 91.156 92.123 92.228 91.788 95.638 94.023 92.413 91.543 93.468 91.703 91.181 96.066 98.491 100.181 100.356 98.886 98.596 95.878 92.098 91.008 90.941 91.083
92.756 92.771 93.081 93.086 93.056 99.101 99.939 99.001 98.251 98.608 95.116 98.701 98.158 94.453 91.838 91.628 91.938 91.871 91.478 91.463 91.903 91.973 91.358 91.711 92.896 96.408 97.736 98.286 98.261 97.616 95.603 93.158 92.981 92.813 91.771 91.726 92.156 92.231 91.563 91.928 93.028 92.468 93.328 93.568 91.678 92.016 91.236 91.498 91.481 91.193 91.253 92.478 91.898 92.731 93.258 91.963 91.103 92.288 93.881 96.328 99.343 100.251 100.181 99.681 98.368 95.958 91.531 90.928 90.738 90.891 90.686
92.429 93.314 94.896 95.696 92.796 93.206 99.326 99.919 99.436 99.448 98.183 95.008 93.518 91.906 91.698 92.498 91.636 91.578 91.538 91.763 92.323 91.598 91.563 92.183 97.378 98.161 98.571 98.111 97.488 96.266 93.381 91.481 92.601 91.696 91.666 91.811 91.891 92.266 92.153 93.311 94.968 93.876 92.746 92.411 93.198 92.628 91.538 91.326 91.501 91.263 91.283 91.258 92.316 91.951 91.588 93.133 92.361 93.158 97.963 99.768 100.198 99.938 99.118 98.938 98.943 92.761 90.976 90.881 91.356 91.136 90.691
