LIDAR-DSM-2M-TQ28ne/tq2688_DSM_2M.asc
ncols 500
nrows 500
xllcorner    526000
yllcorner    188000
cellsize     2
NODATA_value -9999
[rows 0 to 31 of 500, columns 426 to 496 of 500]
70.163 70.186 70.118 71.223 72.086 70.426 70.368 70.468 70.813 70.746 70.591 70.636 70.701 70.713 71.671 71.831 72.278 71.488 71.403 71.411 72.123 71.556 71.508 72.018 71.893 72.846 72.086 72.198 72.893 72.978 72.471 72.413 72.418 72.458 72.531 72.563 73.258 72.673 72.641 72.693 72.716 74.478 74.608 74.536 75.321 80.061 82.048 82.991 80.948 77.926 74.203 73.828 74.083 74.528 74.323 74.011 74.326 74.663 74.056 76.411 77.031 79.533 81.198 80.853 79.098 75.191 75.078 74.861 73.601 73.876 73.841
70.151 70.138 70.103 70.163 71.473 71.361 70.313 70.576 71.778 71.848 72.156 72.446 71.421 70.661 71.696 71.888 71.518 71.201 71.278 71.271 71.916 71.403 71.366 71.988 72.051 72.431 71.863 72.011 72.293 72.373 72.343 72.371 72.348 72.316 72.376 72.421 73.248 72.516 72.463 72.546 72.598 74.678 74.036 74.178 75.793 80.101 81.718 82.676 81.043 77.851 74.563 74.658 74.348 74.353 74.121 74.076 74.388 76.568 74.013 75.461 77.321 80.428 79.586 79.911 75.971 73.876 75.206 74.186 73.776 73.786 73.653
70.131 70.133 70.138 70.123 70.141 70.141 70.216 70.243 70.328 70.471 70.408 70.511 70.838 70.593 70.918 70.906 70.783 70.886 71.316 71.488 71.781 71.593 71.243 71.228 71.748 72.213 71.653 71.733 71.888 72.116 72.251 72.261 72.191 72.188 72.208 72.331 73.153 72.356 72.368 72.408 72.471 74.231 73.116 73.063 74.018 79.531 81.193 82.291 80.786 77.223 73.578 73.578 73.403 73.296 73.261 73.243 74.096 74.908 75.068 75.063 76.681 77.626 75.288 75.318 73.763 73.466 74.363 74.926 73.446 73.456 74.983
70.096 70.091 70.108 70.131 70.148 70.176 70.213 70.253 70.301 70.371 70.371 70.433 70.488 70.518 70.553 70.668 70.676 70.758 70.886 71.046 71.013 71.041 71.116 71.148 71.711 71.853 71.416 71.486 72.281 72.018 71.973 72.018 72.121 72.008 72.033 72.278 73.231 72.338 72.246 72.283 72.341 73.376 72.948 73.141 74.473 79.138 80.243 80.326 80.146 77.466 74.298 73.198 73.161 73.178 73.138 73.233 73.406 74.253 75.376 74.638 74.921 73.661 74.251 73.526 73.923 73.693 73.591 73.801 73.333 73.368 73.686
70.023 70.068 70.101 70.103 70.133 70.181 70.248 70.288 70.333 70.386 70.436 70.478 70.513 70.541 70.643 70.688 70.731 70.748 71.146 71.478 71.286 71.786 71.288 71.021 71.103 71.156 71.236 71.313 71.426 71.616 71.923 72.116 72.173 71.771 71.966 72.401 72.586 72.046 72.111 72.183 72.208 74.258 72.526 72.643 72.936 75.041 75.721 76.103 76.436 76.081 74.038 73.068 73.061 73.096 73.106 74.121 73.296 74.116 75.358 75.336 75.031 73.558 73.663 73.306 73.411 73.188 73.236 73.218 73.311 73.363 73.403
69.881 69.896 69.933 69.971 70.061 70.086 70.333 70.878 70.506 70.303 70.366 70.381 70.446 70.506 70.556 70.628 70.736 70.773 70.831 70.833 70.941 71.008 71.088 71.056 71.096 71.138 71.211 71.251 71.253 71.348 71.426 71.481 71.573 71.626 71.821 71.976 71.871 71.883 72.021 72.028 72.061 73.681 73.003 72.598 72.631 72.698 72.801 72.856 72.881 72.993 73.136 72.951 72.971 73.006 73.623 73.271 74.018 75.116 75.596 74.546 74.558 73.228 72.981 72.986 73.053 73.131 73.123 73.241 73.251 73.341 73.378
69.831 69.858 69.926 69.956 70.016 70.088 70.148 70.526 70.341 70.261 70.286 70.328 70.421 70.428 70.481 70.551 70.613 70.668 70.708 70.766 70.926 71.006 71.006 71.068 71.086 71.178 71.236 71.278 71.358 71.391 71.443 71.476 71.503 71.531 71.588 71.683 71.746 71.791 71.928 71.958 71.913 72.003 72.951 73.766 74.076 73.998 73.696 74.051 73.286 73.283 73.071 73.178 73.353 73.471 73.798 74.448 75.971 75.723 75.978 73.963 73.168 72.846 72.873 72.901 73.016 73.088 73.161 73.208 73.196 73.278 73.266
71.066 69.801 69.831 69.886 69.988 70.416 70.128 70.426 70.383 70.276 70.328 70.511 70.643 70.586 70.508 70.563 70.628 70.696 70.701 71.111 71.598 71.393 70.903 70.948 71.011 71.166 71.271 71.263 71.318 71.416 71.431 71.463 71.543 71.606 71.601 71.711 71.746 71.831 71.876 71.961 71.946 71.938 71.916 71.976 72.058 72.288 72.508 72.436 73.041 72.868 73.196 72.871 73.483 73.366 73.423 74.058 73.251 72.901 72.661 72.673 72.741 72.836 72.866 72.948 73.023 73.078 73.106 74.538 73.118 73.186 73.208
71.321 69.468 69.586 69.403 69.448 70.243 69.793 69.926 69.871 69.893 70.956 70.701 71.226 70.643 70.523 70.571 70.676 70.901 71.083 71.321 71.326 70.913 70.943 70.936 70.958 71.153 71.946 71.951 71.558 71.921 71.356 71.431 71.471 71.536 71.576 71.668 71.718 71.791 71.823 71.891 71.913 71.926 71.946 71.966 72.006 72.051 72.073 72.103 72.161 72.226 72.216 72.331 72.343 72.408 72.421 72.498 72.551 72.621 72.661 72.696 72.778 72.833 72.883 72.956 72.946 72.958 77.358 77.478 77.491 73.421 73.088
70.836 69.108 69.296 69.111 69.156 69.866 69.593 69.551 69.408 69.461 70.356 70.203 70.788 70.406 70.463 70.496 70.488 70.466 70.501 70.621 70.993 71.231 70.931 70.948 71.646 71.438 71.176 71.231 71.403 71.418 71.288 71.348 71.373 71.451 71.521 71.601 71.666 71.721 71.766 71.846 71.876 71.876 71.953 72.003 72.018 72.048 72.083 72.146 72.196 72.281 72.296 72.321 72.406 72.443 72.478 72.511 72.581 72.686 72.666 72.718 72.736 72.778 73.883 74.378 74.133 73.441 75.146 78.891 77.151 74.578 73.796
69.721 68.988 69.023 68.913 68.903 69.368 70.093 71.121 71.068 70.616 71.413 71.121 70.836 70.363 70.381 70.416 70.428 70.388 70.421 70.471 71.013 71.916 70.696 70.738 72.146 71.808 71.436 71.711 71.533 71.256 71.286 71.293 71.338 71.403 71.406 71.491 71.603 71.678 71.686 71.761 71.826 71.848 71.898 71.953 71.966 72.046 72.091 72.091 72.181 73.488 72.313 72.308 72.383 72.441 72.473 72.748 73.011 72.831 72.628 72.631 72.698 72.731 74.816 74.433 74.561 75.858 73.903 76.758 75.281 75.708 72.851
74.961 74.478 73.478 70.863 69.851 69.496 72.473 76.133 76.466 76.388 76.113 73.403 70.828 74.638 74.756 74.568 74.153 74.506 72.181 72.851 71.088 70.461 70.486 70.553 71.881 71.246 70.991 71.086 71.998 71.278 71.711 72.336 71.446 71.446 71.548 72.068 71.508 71.563 71.606 71.673 71.736 71.741 71.821 71.848 71.903 71.986 72.018 72.871 76.258 73.381 72.848 73.223 72.836 72.381 72.441 72.916 73.221 72.876 72.581 72.661 72.671 73.871 74.968 75.063 76.068 74.683 76.003 78.551 74.048 76.761 73.548
77.158 77.361 76.736 76.116 75.748 71.966 72.741 76.626 77.863 77.876 76.596 73.243 70.438 76.723 78.151 78.421 78.323 77.983 77.623 77.213 76.306 75.913 73.933 71.031 71.848 71.051 70.908 71.098 71.158 71.531 71.858 71.831 72.023 71.828 72.408 72.348 71.813 71.493 71.493 71.533 71.603 71.666 71.713 71.766 72.011 72.533 72.543 72.178 72.791 76.993 74.386 72.251 72.298 72.408 72.443 72.461 72.476 72.513 72.541 72.548 72.561 72.568 73.036 72.671 74.268 72.813 76.438 75.908 73.463 73.153 72.608
78.868 78.686 78.131 77.683 76.391 71.546 72.028 76.736 77.873 77.978 76.601 73.468 71.148 76.541 78.046 78.911 78.993 79.043 79.241 78.988 78.706 77.673 77.036 71.916 72.173 74.143 74.926 73.053 72.326 71.588 72.248 71.196 71.326 71.323 71.366 71.821 72.216 72.523 71.766 71.458 71.433 71.503 71.556 71.653 71.738 71.796 73.868 72.591 75.658 74.748 72.278 72.156 72.228 72.271 72.316 72.311 72.371 72.411 72.441 72.418 72.416 72.431 72.466 72.411 72.581 73.893 73.763 76.311 73.316 73.221 72.508
78.193 78.148 78.168 77.708 76.148 71.186 72.083 76.713 77.866 77.943 76.501 73.028 70.383 73.573 76.943 78.811 78.896 79.173 79.081 78.941 78.613 76.848 76.636 71.211 72.341 76.111 78.321 78.336 77.736 76.711 75.303 72.031 70.923 70.953 70.996 71.021 71.626 72.108 71.958 71.833 71.603 71.406 71.418 71.443 71.513 71.541 72.461 72.063 74.018 71.801 71.896 72.006 72.076 72.078 72.121 72.131 72.191 72.253 72.268 72.248 72.251 72.271 72.291 72.306 72.281 76.086 75.948 74.271 74.386 72.726 72.391
75.196 75.801 76.198 76.238 75.693 70.991 72.231 75.776 76.923 76.983 76.316 72.571 70.483 73.126 76.936 78.153 78.713 78.706 78.826 78.961 78.498 75.738 73.551 71.921 72.823 76.713 79.261 79.541 79.453 79.308 79.028 78.283 77.256 75.393 72.896 70.871 71.901 71.231 71.156 71.273 71.558 71.608 71.653 71.316 71.321 71.443 72.303 71.471 72.616 71.608 71.733 71.843 71.913 71.941 71.978 72.013 72.063 72.113 72.101 72.078 72.061 72.078 73.353 73.896 74.238 74.026 76.761 77.383 77.806 73.348 72.263
73.108 70.998 71.081 72.081 71.563 70.726 71.696 72.176 70.973 71.956 72.141 71.343 70.681 71.081 73.353 74.236 75.078 76.186 76.621 77.308 77.413 74.993 71.731 73.313 73.936 77.576 79.333 79.448 79.453 79.458 79.526 79.461 79.283 78.496 76.403 72.408 71.813 71.016 71.128 71.123 71.086 72.011 72.071 71.743 71.338 71.551 72.153 71.536 71.398 71.401 71.483 71.613 71.738 71.806 73.101 72.036 72.888 72.351 71.981 71.946 71.971 73.136 72.346 74.323 74.996 73.811 76.098 78.746 76.548 72.183 72.228
72.153 69.071 68.838 69.246 69.096 70.276 68.771 68.683 68.776 68.821 69.018 70.366 70.741 70.506 70.303 70.703 70.726 71.501 71.096 72.491 72.596 71.663 70.878 73.413 73.863 77.896 79.041 79.341 79.523 80.196 79.561 79.501 79.556 78.671 74.923 72.043 72.068 74.281 72.411 71.503 71.071 71.358 71.396 72.086 71.318 72.166 71.743 71.548 71.283 71.288 71.313 71.363 71.461 71.653 73.601 75.343 74.736 73.093 72.783 73.633 71.923 73.453 72.548 74.391 74.181 72.941 72.828 73.728 72.643 72.116 72.713
73.121 69.346 68.701 68.646 68.586 70.213 68.606 68.638 68.668 68.751 69.113 70.298 70.631 69.966 70.033 70.258 70.516 71.313 70.683 70.401 70.231 70.558 71.138 73.436 72.381 74.116 75.318 76.783 78.328 79.038 79.411 79.583 79.471 77.786 71.913 71.813 74.221 77.863 77.811 75.636 73.641 71.938 71.273 71.516 71.181 71.436 71.961 72.301 71.736 71.213 71.936 71.566 71.371 72.748 73.691 74.151 74.776 73.061 72.233 72.811 74.438 74.081 75.678 73.438 74.441 76.778 72.413 72.648 72.063 72.413 72.311
69.621 69.123 68.521 68.516 68.671 70.688 68.628 68.693 68.773 68.833 68.958 70.606 70.571 69.183 69.271 69.321 70.646 71.211 70.258 70.226 70.221 71.096 71.021 72.326 70.676 70.801 70.808 71.793 72.858 74.723 76.278 77.956 78.478 75.943 71.716 71.603 76.401 79.041 79.656 78.863 78.446 76.753 74.403 71.776 71.113 71.181 71.211 72.141 71.373 71.336 71.586 71.591 71.291 72.403 73.386 73.966 74.508 72.426 73.453 73.418 77.536 73.506 73.538 73.938 74.741 74.883 74.746 74.036 72.156 72.838 72.916
70.193 68.911 68.493 68.478 68.501 70.603 68.793 68.761 68.803 68.798 69.073 70.516 70.121 69.098 69.176 69.206 70.981 70.751 70.278 70.008 70.276 70.391 71.138 71.768 70.611 70.668 70.711 70.843 71.058 70.763 71.563 72.483 74.221 71.741 71.751 72.031 77.721 79.231 80.043 80.168 80.136 79.398 78.308 76.756 73.848 71.146 71.303 71.766 71.088 71.176 71.583 71.321 71.288 71.293 72.718 72.666 74.281 71.501 72.158 73.843 76.683 74.366 73.361 72.596 72.321 73.691 72.066 71.913 72.846 72.956 72.583
70.321 69.048 68.498 68.511 68.493 70.303 68.878 68.703 68.716 68.683 69.273 70.683 69.358 69.086 69.156 69.321 69.981 70.446 70.226 69.923 70.106 70.346 71.718 70.853 70.528 70.578 70.586 70.681 70.913 70.716 70.741 70.708 70.726 71.066 71.276 74.498 76.476 77.003 79.008 79.553 80.296 80.286 79.758 78.901 77.861 73.713 72.243 71.046 71.506 71.471 71.223 71.291 72.213 71.286 71.306 71.718 71.931 71.476 72.696 73.718 74.543 73.901 71.633 71.661 71.713 71.936 72.131 71.981 71.703 72.483 73.466
74.148 70.138 68.466 68.871 68.481 69.176 70.326 68.668 68.378 68.303 68.481 70.006 68.996 69.036 69.118 69.458 70.208 70.703 70.373 69.806 70.078 70.626 71.908 70.353 70.431 70.456 70.498 70.651 70.633 70.596 70.658 70.693 70.751 71.898 70.903 71.486 73.201 75.158 76.708 77.431 78.656 79.568 79.866 79.348 77.111 72.726 73.016 73.408 74.731 71.988 71.476 71.826 71.776 71.726 71.578 71.321 71.363 71.443 72.666 71.473 74.046 72.373 71.546 71.923 72.493 72.008 71.826 72.423 71.808 71.518 72.658
78.941 69.511 68.456 68.533 68.456 68.956 70.491 70.203 68.183 68.176 68.443 69.336 68.963 68.998 69.071 70.098 70.573 70.626 70.256 69.733 70.138 70.348 71.443 70.228 70.296 70.348 70.398 70.736 70.483 70.541 70.611 70.628 70.886 71.671 70.706 70.743 70.791 71.018 73.538 72.453 74.101 76.603 78.126 78.261 74.101 72.141 72.316 75.386 77.738 77.486 76.301 75.196 72.986 71.966 71.203 71.298 71.286 71.503 71.816 71.736 72.428 72.221 72.106 72.856 72.423 71.738 72.148 71.861 73.216 74.381 74.491
72.363 68.651 68.436 68.793 68.413 68.511 69.236 69.688 68.183 68.151 68.421 69.883 70.188 69.041 69.073 71.588 69.981 70.053 69.546 69.576 70.021 71.003 70.486 70.063 70.128 70.188 70.403 71.001 70.411 70.491 70.581 70.671 71.456 70.808 70.691 70.713 70.781 70.833 72.391 71.461 71.281 71.526 74.481 75.318 72.413 72.606 73.253 76.416 79.283 79.348 78.566 78.233 77.681 76.318 72.516 72.461 71.523 71.323 71.683 71.203 71.448 71.491 71.888 72.196 72.431 71.646 71.851 74.906 77.478 77.266 77.198
69.338 68.496 68.466 71.468 68.458 68.733 68.896 68.731 68.198 68.168 68.433 69.496 69.431 68.868 69.448 72.643 69.996 69.326 69.373 69.403 70.661 71.871 70.506 69.838 69.946 70.028 70.376 70.453 70.276 70.986 70.683 70.756 71.021 70.636 70.598 70.613 70.688 71.021 72.926 71.228 71.008 71.243 71.291 72.653 72.711 71.433 72.153 77.676 79.423 80.288 80.181 79.741 78.951 78.006 76.811 75.151 72.916 71.838 71.881 71.216 71.406 71.671 72.388 71.556 72.306 72.056 72.918 76.896 78.093 78.193 78.273
71.336 68.436 68.478 69.658 70.598 68.691 69.026 69.816 68.193 68.156 69.241 68.541 68.286 70.061 72.498 75.333 69.213 69.191 69.276 70.213 71.651 71.783 69.511 69.586 69.678 70.008 70.913 70.873 70.076 71.906 72.686 71.928 71.923 70.516 70.536 70.601 70.646 71.626 74.158 72.151 70.826 70.861 70.978 72.601 73.398 71.788 72.451 76.688 78.138 79.371 79.756 80.231 80.296 79.738 78.941 77.741 75.481 72.953 73.468 71.316 72.866 75.853 75.556 74.881 73.106 72.606 74.451 78.168 78.571 78.511 78.223
71.523 69.991 68.136 68.441 69.618 68.656 68.343 68.251 68.266 68.701 69.361 68.223 68.683 74.393 80.458 83.091 78.093 71.521 69.171 69.388 71.186 71.403 69.328 69.413 69.498 75.931 76.556 76.976 69.818 70.228 71.406 73.778 71.156 70.418 70.488 70.553 71.241 71.541 72.253 70.808 70.781 70.808 70.771 72.873 72.561 70.933 71.496 73.053 76.671 79.088 79.366 79.496 79.623 79.998 79.256 76.936 74.331 74.143 75.098 74.796 75.788 77.088 77.823 76.761 74.246 73.078 72.898 77.353 78.416 77.863 76.581
70.466 69.933 67.363 67.421 68.153 68.261 68.331 69.066 70.606 69.558 68.673 68.226 70.708 77.603 80.508 80.881 75.486 72.043 71.443 69.588 70.046 69.138 69.461 71.803 71.371 74.163 75.973 76.351 73.076 69.768 71.996 72.306 70.366 70.218 70.353 71.003 71.648 71.871 70.571 70.676 70.716 70.731 70.773 72.133 70.816 71.146 70.938 71.038 71.526 74.563 77.038 78.886 78.761 78.291 78.118 75.903 74.421 73.998 72.428 73.553 76.903 77.798 78.381 78.238 76.513 72.461 72.966 73.803 77.938 78.193 73.806
69.403 69.078 67.488 66.626 70.156 70.286 68.248 69.558 72.491 70.016 69.813 69.371 72.598 77.653 81.068 78.708 75.313 71.716 72.983 70.803 71.008 69.178 69.098 72.623 72.436 71.521 77.348 73.656 72.703 69.626 70.931 72.058 69.938 69.986 70.118 70.491 72.391 71.898 70.566 70.616 70.633 70.638 71.778 71.683 71.691 70.873 70.873 71.363 71.166 72.126 73.738 74.831 75.363 75.666 76.783 74.656 74.076 74.038 72.688 71.121 76.351 78.581 78.743 78.613 77.021 73.253 73.706 72.316 76.028 77.288 74.033
70.306 70.223 68.028 67.336 69.008 69.138 67.638 67.523 70.218 71.193 69.891 69.473 72.936 71.156 74.036 72.816 77.226 73.786 74.301 72.103 71.048 69.536 72.103 76.641 74.918 72.158 74.886 72.218 71.201 69.613 70.583 69.818 69.816 70.051 69.998 70.628 71.891 70.763 70.531 70.551 70.563 70.801 72.561 71.026 72.031 70.668 70.793 72.026 72.176 72.456 71.116 71.143 72.181 73.898 73.611 74.381 74.506 74.133 71.983 70.546 75.496 78.248 78.433 78.128 77.421 73.321 72.038 72.818 72.701 72.278 71.163
71.216 70.051 71.101 71.246 69.883 67.678 67.776 69.823 69.238 69.448 73.171 74.428 72.816 70.338 72.381 73.511 71.076 75.906 76.418 73.648 70.621 70.808 72.616 73.988 75.228 77.066 75.086 73.723 74.093 71.118 70.523 69.788 69.691 69.836 70.021 72.071 72.116 73.303 70.468 70.491 70.441 71.816 71.666 70.501 71.553 70.581 70.641 71.658 72.138 71.743 70.871 71.396 71.423 71.498 73.156 75.391 75.973 74.813 72.553 71.316 73.406 76.626 75.216 76.621 77.006 73.358 70.728 72.546 71.691 71.013 70.986
