LIDAR-DSM-2M-TQ28ne/tq2687_DSM_2M.asc
ncols 500
nrows 500
xllcorner    526000
yllcorner    187000
cellsize     2
NODATA_value -9999
[rows 270 to 299 of 500, columns 268 to 334 of 500]
116.826 111.081 110.449 110.791 110.354 110.341 110.306 110.304 110.321 110.326 110.304 110.824 112.336 115.901 115.731 115.851 114.551 116.468 115.716 114.686 115.431 114.384 113.696 118.631 112.224 111.161 112.121 116.794 114.864 115.376 113.654 115.291 113.406 113.638 112.483 111.833 111.843 111.883 111.888 111.953 112.761 112.043 112.088 112.543 112.926 112.773 115.586 120.681 121.748 122.721 122.148 121.166 119.038 115.331 114.233 114.153 114.516 114.873 115.043 114.708 114.656 114.813 114.908 114.996 114.958 116.608 121.353
118.758 112.524 110.684 110.819 110.383 110.349 110.346 110.739 111.099 113.538 112.671 113.089 112.284 115.479 115.156 113.061 114.596 111.121 113.164 112.711 114.556 114.479 116.486 115.681 114.291 114.066 115.266 116.061 114.116 113.544 113.263 113.008 112.948 111.696 111.988 111.781 111.838 113.076 113.428 112.301 111.966 113.098 112.586 112.246 112.861 112.933 116.173 120.928 121.603 121.788 119.788 117.313 114.398 114.206 114.526 115.538 116.366 116.723 115.206 114.808 114.836 114.906 115.076 115.113 115.206 115.173 120.458
119.764 115.911 114.176 111.769 110.429 110.364 110.364 112.319 119.001 119.026 116.756 118.684 115.524 112.514 112.571 111.358 111.091 111.111 112.959 111.334 111.426 116.239 114.351 118.051 121.286 114.023 114.241 114.744 115.946 112.696 112.561 111.629 111.686 112.348 111.783 111.803 111.843 112.696 112.966 114.186 114.833 115.613 112.096 112.111 112.176 112.818 112.936 119.186 119.211 117.456 117.026 116.098 114.131 115.238 116.643 116.068 115.338 114.586 114.843 115.091 117.421 117.943 115.993 115.231 115.286 115.321 115.801
120.199 118.986 114.586 113.429 110.754 110.379 111.616 113.769 124.351 122.319 121.429 120.133 114.078 112.266 111.089 111.099 111.101 111.121 111.154 111.214 111.274 113.039 112.554 118.741 118.868 114.876 112.716 114.941 113.574 114.161 112.136 114.736 113.798 112.521 113.851 111.793 111.858 112.461 115.638 114.238 116.728 115.158 112.991 112.123 112.251 113.026 114.543 116.253 116.376 116.926 117.006 116.443 114.401 114.321 114.346 114.173 114.331 114.571 114.813 116.681 120.106 120.193 121.036 115.488 115.453 115.456 116.061
119.876 118.826 116.639 113.646 111.016 111.076 115.251 118.229 121.881 120.781 116.796 115.916 111.166 111.159 111.133 111.141 111.148 111.144 111.153 111.201 111.256 111.326 111.666 114.531 117.623 116.039 115.854 116.136 115.074 112.179 112.396 116.821 119.071 116.318 116.221 111.986 113.413 114.173 115.343 116.023 115.111 112.971 113.146 112.136 112.648 113.428 116.261 116.401 116.476 117.258 117.061 117.056 115.303 114.001 115.588 116.563 115.271 114.541 114.831 117.733 119.016 118.498 118.221 115.533 115.593 115.618 115.648
117.218 114.538 114.819 113.243 112.578 112.086 115.118 115.556 116.284 115.741 111.554 111.248 111.194 111.166 111.139 111.144 111.149 111.166 111.179 111.239 111.276 111.336 111.513 114.304 114.946 117.629 117.026 117.846 120.021 114.901 115.799 115.666 120.508 116.251 116.563 113.736 114.403 113.103 114.688 113.061 114.098 113.936 113.343 112.321 114.898 115.791 118.081 116.153 116.673 117.371 117.011 116.998 117.271 118.796 120.363 118.681 117.083 114.621 114.851 115.333 118.223 118.123 121.508 117.378 115.721 115.733 115.748
113.873 113.321 112.616 111.786 111.354 112.529 113.456 114.181 113.813 112.724 111.231 111.221 111.214 111.156 111.174 111.194 111.181 111.206 111.201 111.249 111.306 111.351 111.549 116.023 117.426 118.013 118.631 117.026 119.063 115.586 116.154 118.769 114.213 117.841 115.956 113.963 111.883 111.893 112.423 112.898 115.193 115.671 113.623 114.023 114.241 116.988 116.348 115.691 117.221 117.203 118.936 120.721 122.718 123.753 123.036 119.393 115.631 115.373 114.851 115.153 116.218 116.161 116.986 118.226 116.001 115.918 116.496
113.166 111.294 111.371 113.336 114.111 114.101 112.154 112.188 111.616 111.431 111.254 111.251 111.266 111.236 111.251 111.248 111.246 111.251 111.258 111.304 111.356 111.466 112.376 116.504 114.746 118.263 119.538 119.578 117.114 116.241 116.206 119.498 115.381 112.098 117.133 114.656 111.876 112.656 114.376 116.228 117.146 117.636 115.711 116.396 116.411 117.036 115.293 116.421 115.348 121.026 122.753 123.643 124.326 124.681 123.946 120.458 116.606 115.261 114.878 115.178 115.716 116.718 115.928 117.643 116.536 116.031 116.053
111.373 112.696 114.324 114.431 116.331 114.004 112.091 111.554 111.576 111.339 111.309 111.296 111.306 111.309 111.311 111.301 111.276 111.273 111.313 111.351 111.398 112.796 113.144 113.891 114.416 118.846 120.601 115.078 117.483 118.091 119.089 115.063 115.598 112.846 114.156 113.216 113.433 115.376 116.268 117.478 118.391 117.661 116.606 116.206 115.746 114.138 114.586 114.038 117.098 119.108 122.461 122.606 123.978 124.771 124.553 122.731 117.741 115.196 115.096 115.236 115.621 116.691 116.061 116.253 116.036 116.128 116.188
111.714 114.031 115.499 118.144 119.379 115.461 111.691 111.636 111.571 111.371 111.311 111.306 111.349 111.361 111.368 111.349 111.349 111.341 111.404 112.044 112.734 115.046 116.416 116.911 117.834 119.096 118.434 120.331 116.116 117.531 119.301 118.784 114.366 114.741 118.823 119.761 116.433 115.848 115.641 117.171 118.053 115.456 114.133 113.456 113.426 113.648 114.493 114.151 115.363 118.463 118.746 118.921 123.258 124.813 125.548 123.621 121.288 115.823 115.733 115.638 115.578 116.158 116.348 117.986 116.073 116.233 116.336
113.574 117.983 120.574 120.791 121.008 119.131 111.651 111.556 111.544 111.614 111.453 111.374 111.391 111.394 111.419 111.391 111.386 111.404 113.196 116.188 117.379 119.626 116.609 114.336 116.953 117.826 117.274 118.006 119.101 121.366 120.891 118.866 116.913 116.683 121.603 117.093 117.208 115.393 117.378 117.358 116.086 114.453 113.438 113.433 113.433 113.471 113.616 113.906 114.003 114.561 114.551 117.093 122.191 124.351 124.841 124.391 122.028 116.541 116.371 115.601 116.443 116.418 116.176 116.861 116.196 116.313 116.411
116.358 120.209 121.486 121.646 121.586 120.164 114.661 111.724 111.971 111.561 111.726 111.636 111.456 111.438 111.449 112.174 114.349 118.239 121.186 120.828 119.681 118.186 112.623 112.596 114.748 115.971 118.041 121.063 117.821 121.589 119.011 116.866 117.473 121.926 121.311 121.591 114.348 113.648 114.498 113.818 114.088 113.586 113.428 113.453 113.446 113.463 114.213 114.238 116.818 114.256 114.388 115.683 120.731 123.566 124.761 124.686 123.206 120.263 117.563 116.596 115.958 117.441 118.836 117.008 116.391 116.426 116.551
114.379 119.519 121.474 121.629 121.171 121.341 118.141 115.356 113.959 111.608 111.629 111.906 113.186 112.043 114.293 120.054 121.011 122.186 121.524 118.181 117.279 115.621 112.606 113.886 117.416 118.251 118.773 120.911 118.964 120.426 121.816 116.531 116.303 118.211 119.188 119.453 113.383 113.393 113.401 113.393 113.413 113.418 113.536 113.428 113.453 114.098 115.556 116.826 116.256 114.281 114.801 119.313 122.313 123.561 124.046 123.208 122.953 119.496 116.003 116.946 117.521 117.296 116.988 116.786 116.561 116.493 116.631
111.953 118.296 120.519 121.651 121.444 121.578 120.784 116.739 114.584 112.466 111.909 112.576 114.526 116.349 121.146 122.794 121.868 120.021 116.334 113.104 113.843 113.264 112.639 112.651 114.779 117.451 117.926 117.701 118.218 119.559 118.159 116.199 120.363 120.733 117.466 120.763 118.303 113.411 113.446 113.491 113.428 113.401 113.408 113.431 113.461 116.188 117.606 120.931 118.178 115.558 114.173 118.946 122.631 123.168 120.978 118.846 117.898 117.196 116.551 115.863 116.158 116.541 116.431 116.778 116.738 116.676 116.708
111.846 114.826 119.381 121.356 121.678 121.369 120.354 118.729 115.406 113.521 111.944 112.284 114.019 116.659 119.164 120.256 118.608 114.774 112.581 112.636 112.614 112.618 112.638 112.624 113.644 116.171 117.468 118.701 121.631 119.354 119.788 121.206 123.658 118.181 116.501 120.238 116.671 113.403 113.401 113.358 113.263 113.286 113.343 113.448 113.443 116.166 116.836 120.113 119.296 115.956 117.001 117.581 119.876 117.908 116.328 117.178 118.151 118.413 116.228 115.888 116.158 116.366 116.421 116.866 117.856 116.896 116.858
112.873 111.966 116.839 120.466 120.828 119.591 117.709 115.316 114.161 115.234 114.748 114.858 116.571 113.321 113.368 114.334 113.229 112.556 112.586 112.641 112.623 112.591 112.586 112.606 112.718 113.513 117.699 118.044 118.041 118.674 119.321 120.054 120.301 118.813 116.163 115.868 113.881 113.341 113.283 113.273 113.293 113.293 113.378 113.468 113.466 115.433 120.561 126.043 127.208 124.008 118.426 115.798 115.656 115.931 116.003 116.368 118.343 118.433 118.848 116.443 117.126 116.828 116.521 116.796 118.108 117.083 117.026
112.349 111.956 114.229 119.006 118.174 117.306 114.906 114.716 114.479 116.476 120.288 115.749 114.851 112.659 112.561 112.576 112.566 112.569 112.586 112.614 112.621 112.586 112.626 112.649 112.659 112.819 114.169 116.501 114.749 115.719 116.386 119.903 119.548 119.398 117.588 114.856 115.736 113.373 113.288 113.313 113.498 114.473 115.291 114.613 118.388 116.783 132.393 135.941 136.866 130.348 119.058 116.241 116.248 115.643 116.123 117.266 120.541 122.916 124.261 120.508 116.941 117.448 117.443 117.733 117.548 117.896 117.218
112.061 112.001 112.046 113.461 112.186 113.059 114.313 112.243 114.686 118.411 118.559 113.784 112.731 112.586 112.526 112.556 112.586 112.556 112.536 112.629 112.648 112.663 112.656 112.641 112.646 112.671 112.694 113.101 118.441 115.279 119.438 121.724 120.156 117.676 115.746 116.198 118.093 114.648 113.836 117.491 117.973 117.136 120.773 121.788 124.048 130.003 133.986 136.128 135.916 128.263 116.193 115.776 115.753 116.566 120.498 123.843 125.056 125.916 126.098 123.503 117.563 116.786 116.876 117.926 117.311 118.103 117.366
112.229 112.136 112.046 113.681 113.616 113.201 115.574 119.811 121.126 121.446 118.401 114.029 113.491 112.858 112.546 112.596 112.618 112.604 112.629 112.684 112.671 112.686 112.661 112.684 112.724 112.711 116.191 119.506 116.786 117.916 122.914 120.589 120.716 119.503 116.986 115.751 115.946 116.981 116.733 119.838 121.466 119.396 130.611 133.958 134.343 134.466 131.156 128.803 123.258 123.513 116.103 116.321 116.996 117.551 123.161 125.056 125.886 126.573 126.391 124.841 120.693 117.053 117.243 117.156 117.131 118.136 118.013
112.806 114.086 118.121 120.254 119.243 118.164 119.426 121.519 121.586 121.571 119.479 115.256 113.218 113.174 112.696 112.589 112.636 112.688 112.694 112.664 112.666 112.701 112.711 112.741 113.431 116.734 119.316 121.354 119.299 119.563 120.831 118.618 120.726 121.963 121.086 115.556 116.398 118.668 119.603 117.531 121.158 124.501 131.831 134.036 129.806 129.513 122.458 119.206 119.806 116.898 117.006 116.898 116.928 117.518 121.208 123.241 125.058 126.376 126.556 125.903 122.361 122.371 119.013 117.001 117.198 117.613 117.893
117.366 120.474 121.181 120.218 117.611 113.426 117.651 121.396 121.581 121.724 121.206 114.696 113.516 113.401 113.001 112.644 112.641 112.696 112.671 112.709 112.709 112.699 115.841 116.138 120.206 117.989 117.286 125.624 123.169 122.836 120.601 118.774 119.291 125.856 120.728 117.323 117.336 119.053 119.413 121.146 129.071 126.616 121.566 123.211 120.726 120.328 117.606 116.076 116.361 116.078 117.318 116.928 116.878 116.868 119.331 119.773 123.406 125.911 126.546 126.261 125.083 124.966 122.133 117.556 117.253 117.513 117.698
119.029 119.581 117.906 116.639 113.391 113.336 118.686 122.304 122.284 122.916 122.514 119.091 113.264 113.313 113.169 112.771 112.671 112.731 112.756 112.769 114.229 115.134 116.824 121.239 120.864 118.481 121.424 122.676 121.641 125.361 121.294 117.241 117.706 117.036 117.973 115.933 120.493 120.368 120.491 118.603 121.478 118.728 116.773 117.446 116.078 115.858 115.923 115.938 116.093 116.088 116.883 116.958 117.321 116.863 117.413 118.566 121.908 125.111 126.438 127.341 125.578 124.181 123.026 119.158 118.476 117.988 118.651
116.164 115.231 114.591 112.964 112.883 114.194 120.184 122.629 123.141 123.291 123.051 121.111 115.996 116.026 115.513 112.991 112.651 112.714 112.756 113.383 117.916 116.436 120.659 121.879 120.921 119.389 118.674 121.468 126.046 130.616 123.701 115.146 115.838 117.836 118.478 122.328 120.196 118.101 117.661 117.956 118.096 119.443 116.706 115.873 115.848 115.876 115.896 115.901 115.918 115.933 115.981 116.483 116.828 117.161 118.461 118.413 118.046 124.276 126.136 126.453 125.823 123.826 122.528 120.168 119.763 124.816 121.426
113.416 113.184 113.101 113.044 113.061 113.063 116.766 122.216 123.146 123.133 123.096 122.508 120.039 116.636 116.398 113.951 112.839 113.014 113.621 119.266 121.456 121.929 120.243 119.794 119.379 116.989 118.286 120.364 124.621 126.346 125.776 116.946 114.513 115.766 117.301 118.478 120.113 117.926 116.446 116.066 116.223 118.238 116.558 116.173 115.893 115.903 115.906 115.933 115.938 115.926 115.926 116.231 116.848 116.836 116.861 116.868 116.881 121.433 125.056 125.301 123.798 121.138 120.968 120.401 123.496 124.361 124.178
113.788 113.909 113.414 113.203 113.166 113.199 115.341 119.993 122.656 123.156 123.131 123.214 121.641 117.824 116.644 117.224 120.481 119.096 121.406 121.919 123.731 122.239 118.571 117.099 117.681 117.376 117.696 118.201 117.216 119.846 118.328 114.546 114.546 116.726 119.163 119.578 120.636 119.403 116.751 117.031 116.381 117.918 116.363 116.451 115.903 115.913 115.916 115.923 115.933 115.928 115.906 116.638 117.361 117.116 116.956 117.006 116.923 118.633 122.588 121.843 120.938 119.156 118.831 119.901 120.793 122.096 119.846
113.824 114.721 113.644 113.486 113.328 113.331 114.029 116.571 121.876 123.124 123.101 122.538 121.301 119.239 116.906 120.749 125.334 124.891 120.621 119.563 120.201 122.108 120.269 118.269 115.633 115.736 116.011 115.549 114.899 114.519 114.513 114.499 114.526 115.703 119.333 121.306 123.178 120.298 117.658 116.361 115.816 115.831 115.848 115.871 115.888 115.903 115.913 115.918 115.931 115.936 116.478 116.553 117.133 117.193 117.141 117.281 117.026 117.313 119.661 120.466 120.221 119.668 118.956 120.853 121.608 121.348 122.656
113.608 114.288 114.049 113.623 113.541 113.431 113.379 113.468 120.486 122.163 121.773 120.161 118.464 117.364 116.479 116.144 121.063 120.531 115.474 116.661 117.924 117.531 117.351 115.044 114.571 114.521 114.501 114.496 114.504 114.563 114.544 114.551 114.561 114.921 118.201 121.566 122.631 119.796 116.868 115.791 115.771 115.816 115.828 115.846 115.881 115.873 115.908 115.906 115.903 115.918 116.553 116.658 117.636 117.203 117.703 119.133 120.763 119.641 120.498 120.328 120.311 120.311 120.556 120.366 120.303 119.663 120.191
113.769 113.809 114.976 113.799 113.761 113.574 113.511 113.696 117.161 120.154 118.854 116.873 116.351 115.663 114.839 115.836 117.671 118.359 115.364 115.243 115.921 115.186 114.599 114.589 114.574 114.599 114.523 114.529 114.549 114.586 114.589 114.584 114.571 118.398 119.391 116.373 119.233 120.571 119.771 115.806 115.773 115.806 115.826 115.851 115.866 115.851 115.893 115.886 117.516 116.103 116.373 116.993 118.471 120.281 123.558 121.536 119.788 118.461 118.826 120.116 120.341 120.408 120.176 119.326 118.383 117.916 118.138
113.959 113.953 114.523 114.546 113.959 113.799 113.664 113.601 114.506 116.121 114.926 115.991 114.739 115.218 117.416 117.431 117.516 117.054 116.211 114.781 114.716 114.674 114.629 114.611 114.666 114.661 114.654 114.618 114.591 114.611 114.611 114.626 114.631 117.773 118.716 120.688 120.568 119.526 121.746 120.046 115.833 115.826 115.786 115.816 115.951 117.801 116.286 118.838 119.821 116.956 117.331 118.598 118.856 119.311 122.121 119.638 117.963 117.563 118.096 119.661 122.231 121.288 118.381 117.776 117.808 117.918 118.491
114.604 114.121 114.229 115.476 114.343 113.956 113.806 115.304 116.624 118.366 116.258 115.296 116.126 117.229 117.486 118.773 120.279 120.633 121.581 117.316 114.724 114.776 114.656 114.688 114.701 114.701 114.674 114.654 114.631 114.644 114.629 114.626 114.618 116.038 119.266 123.008 122.653 121.908 123.021 120.423 121.228 117.108 115.886 117.971 117.046 117.993 118.281 120.573 124.488 123.678 119.623 119.401 120.038 118.528 118.053 117.533 118.808 118.416 117.988 121.153 124.936 123.533 118.841 117.691 117.853 118.263 118.883
