LIDAR-DSM-2M-TQ28ne/tq2685_DSM_2M.asc
ncols 500
nrows 500
xllcorner    526000
yllcorner    185000
cellsize     2
NODATA_value -9999
[rows 62 to 92 of 500, columns 420 to 489 of 500]
80.945 80.91 81.09 80.61 81.078 80.96 81.055 80.82 81.568 81.808 80.735 81.113 80.633 80.518 80.37 80.358 80.308 80.253 80.173 80.12 80.013 79.955 79.798 79.695 79.63 79.488 79.643 80.01 79.778 79.128 79.033 78.95 78.833 78.818 78.798 78.795 78.793 78.925 78.735 78.775 78.82 78.775 80.058 80.708 81.555 80.908 79.198 83.328 81.905 80.138 82.1 80.535 78.788 78.268 78.255 78.193 78.13 78.133 78.07 78.048 78.038 78.003 77.903 77.82 77.735 77.66 77.48 77.328 77.165 77.16
88.76 87.44 83.608 80.955 79.2 80.665 80.92 80.858 80.733 80.645 80.585 81.218 80.678 80.408 80.793 80.79 80.28 80.26 80.138 80.075 80.025 79.905 79.858 79.758 79.66 79.58 79.473 79.365 79.298 79.173 79.105 79.025 78.883 78.78 78.688 78.61 78.435 79.27 79.258 78.508 78.39 78.173 79.318 80.93 81.085 79.738 80.125 82.32 84.785 81.748 81.478 79.778 78.338 77.853 77.858 77.805 77.788 77.688 77.678 77.588 77.615 77.553 77.435 77.385 77.348 77.25 77.058 76.893 76.81 76.868
92.398 91.905 91.7 89.74 85.51 81.688 81.005 81.035 80.39 80.173 80.62 80.518 80.443 80.328 80.338 80.688 80.295 80.873 80.33 79.93 79.85 79.863 80.025 79.853 79.638 79.495 79.413 79.36 79.228 79.13 79.095 79.008 78.905 78.8 78.698 78.608 78.525 78.405 78.303 78.203 78.108 78.038 78.58 77.868 80.36 79.948 80.588 83.015 81.445 81.285 79.85 79.508 79.19 76.975 76.913 77.425 77.28 76.903 76.878 76.803 76.863 76.753 76.64 76.775 76.823 76.798 76.608 76.338 76.5 76.478
92.658 92.863 92.53 93.315 91.853 90.808 89.898 85.725 79.76 78.61 79.14 79.615 79.54 80.158 80.683 80.453 80.125 80.07 79.978 80.228 79.773 79.875 80.225 80.01 79.8 80.053 79.325 79.163 79.065 79.245 79.285 79.293 78.813 78.83 78.675 78.615 78.418 78.34 78.235 78.143 78.07 77.995 77.935 79.503 79.985 80.338 79.375 78.793 82.49 80.628 78.455 77.833 78.05 76.953 76.83 77.415 77.325 76.645 76.68 77.355 76.92 76.155 76.078 76.068 76.048 75.963 75.86 75.738 75.903 75.903
91.085 93.048 92.745 93.225 92.79 92.383 92.985 93.068 90.895 89.895 86.415 81.358 80.605 80.563 81.093 81.175 80.518 79.978 79.968 80.55 79.945 79.828 79.693 79.588 79.473 79.39 79.265 79.185 79.08 78.993 79.1 78.975 78.808 79.323 78.755 79.16 78.833 78.23 78.163 78.53 78.47 77.968 78.345 78.295 77.688 77.728 79.665 80.885 79.778 77.288 77.22 77.135 77.065 76.993 76.91 76.833 76.73 76.915 76.8 76.96 76.375 76.25 76.13 76.023 75.938 75.795 75.698 75.608 75.458 75.37
92.078 92.38 92.248 92.973 93.113 93.123 94.665 94.413 93.503 93.66 93.318 92.815 90.898 88.298 84.788 84.59 81.505 79.333 80.385 80.7 78.978 80.038 79.188 79.485 79.448 78.99 79.285 79.353 79.2 79.05 79.03 78.948 78.78 78.648 78.54 78.435 78.378 78.273 78.19 78.105 78.05 77.9 78.13 78.31 77.71 78.41 77.765 78.663 78.133 77.908 77.088 77.468 77.66 77.04 76.873 77 76.705 76.748 76.695 76.625 76.318 76.183 76.115 76.023 75.975 75.823 75.718 75.65 75.553 75.44
87.688 91.415 92.958 92.208 91.325 92.095 95.243 95.353 91.405 94.998 94.595 94.12 93.78 93.105 88.828 91.293 91.453 90.775 88.055 84.42 87.973 87.643 79.783 80.855 79.148 77.47 78.16 77.148 78.323 79.285 79.273 78.67 79.06 80.718 80.34 79.198 78.35 78.405 78.46 78.213 78.15 78.003 77.873 77.775 77.68 77.595 77.478 77.388 77.293 77.208 77.075 77.258 77.368 76.93 77.058 77.158 77.66 76.698 76.918 76.908 76.27 76.68 76.555 75.92 75.81 75.753 75.698 75.618 75.54 75.485
78.975 81.753 85.235 89.068 91.553 92.985 93.775 92.32 92.625 94.408 95.318 95.315 95.153 93.13 87.128 92.978 92.73 92.46 90.763 85.555 89.593 89.575 87.918 89.645 90.353 89.925 87.99 87.98 85.215 83.87 83.488 84.703 82.653 83.235 82.865 79.565 77.745 79.475 80.915 79.413 78.905 78.21 78.283 78.965 78.413 77.793 78.165 77.47 77.088 77.123 77.108 77.093 76.965 76.818 76.74 76.648 76.538 76.435 76.34 76.225 76.183 76.28 76.155 75.813 75.715 75.59 75.56 75.45 75.41 75.348
78.655 78.83 78.72 79.658 82.79 87.308 89.558 91.533 92.235 93.878 93.923 94.343 94.295 93.388 87.868 93.81 93.755 93.61 91.43 87.168 89.748 89.345 89.155 90.353 91.623 91.745 91.505 91.683 91.363 91.078 90.508 90.44 90.248 90.42 90.15 89.633 85.883 85.95 86.158 85.09 83.935 85.608 83.43 82.505 81.32 81.423 79.383 76.945 76.483 76.12 75.613 75.88 77.228 77.153 76.815 76.033 76.32 76.27 76.153 76.073 76.105 76.07 75.993 76.278 75.725 75.548 75.408 75.358 75.338 75.243
78.483 78.955 78.738 78.525 78.633 77.875 78.223 83.278 86.2 88.813 90.955 92.76 93.223 89.838 88.398 92.88 92.75 92.81 90.653 88.31 89.788 89.303 86.783 90.393 91.76 92.038 92.338 89.42 91.938 91.945 91.143 91.115 91.315 91.44 91.148 90.713 87.985 89.68 90.253 90.195 90.01 89.15 88.88 89.838 90.245 90.035 87.708 85.775 84.833 83.37 83.605 80.915 79.673 79.198 77.8 77.675 76.12 75.38 75.25 74.738 74.813 74.968 77.18 77.528 75.988 75.483 75.308 75.285 75.245 76.1
78.368 79.025 78.3 78.823 79.433 78.093 77.733 77.735 77.88 79.163 81.188 84.143 87.045 87.885 86.118 91.473 91.5 91.64 88.905 88.685 89.5 89.06 86.638 90.498 88.633 90.655 92.17 91.945 91.968 91.565 91.063 91.05 91.608 91.6 91.258 90.538 81.728 89.79 90.255 90.283 90.163 89.725 89.895 90.855 90.58 90.743 89.565 88.023 87.933 88.223 88.233 87.67 87.653 87.52 87.37 87.28 86.653 86.693 83.968 79.888 79.61 76.483 76.768 78.105 75.79 76.505 75.183 75.18 75.16 78.94
78.848 80.488 78.125 78.515 79.325 77.708 77.643 77.683 77.665 77.61 77.63 77.833 81.345 82.83 78.798 79.965 83.25 80.25 83.588 81.423 85.403 83.433 81.533 88.465 88.26 91.725 89.475 90.968 91.918 91.205 90.63 90.715 90.943 91.06 91.068 90.37 79.613 88.985 90.403 90.438 90.525 90.305 90.15 90.63 90.043 90.615 90.15 87.315 88.283 88.305 88.26 88.233 88.243 87.673 88.115 88.123 88.415 88.11 87.84 86.973 83.765 79.188 77.885 77.093 76.94 75.993 75.128 75.123 76.318 76.323
79.063 79.453 78.978 81.185 78 77.573 77.595 77.608 77.615 77.28 77.353 81.263 83.078 81.705 77.55 80.263 77.473 77.855 81.755 78.815 77.16 77.42 77.028 77.323 76.88 79.695 81.19 82.438 85.113 86.225 88.075 85.548 88.093 89.228 89.773 90.08 82.51 89.108 90.4 90.39 90.425 90.085 90.093 88.55 87.043 87.925 89.048 88.198 85.66 88.343 88.19 88.143 88.33 88.293 88.175 88.203 88.185 87.628 87.88 84.883 81.008 77.665 76.648 75.425 76.075 77.268 75.108 75.06 74.95 75.913
79.563 80.083 80.443 80.568 77.56 77.535 78.305 78.053 77.398 77.225 81.938 84 81.313 80.165 80.448 81.433 77.17 77.403 79.89 77.465 77.025 77.625 76.92 76.825 76.833 78.025 77.618 78.28 81.923 82.34 82.565 78.708 80.888 83.793 81.99 81.353 80.925 82.395 85.33 85.653 81.558 81.418 81.373 85.173 85.99 86.573 87.03 87.31 85.865 88.575 87.945 87.77 88.163 87.94 87.973 88.1 87.733 88.12 87.72 85.673 77.315 77.045 75.86 75.338 75.865 75.13 75.065 75.478 76.28 76.348
81.145 80.335 79.95 78.548 77.73 77.628 77.973 78.11 77.548 77.593 84.848 84.213 82.848 81.143 82.153 79.895 77.06 77.088 78.418 76.84 76.678 78.018 76.793 76.535 76.623 77.305 76.743 77.375 77.385 79.58 78.608 77.035 76.948 77.16 77.66 78.358 79.013 77.298 78.085 76.915 75.483 75.553 76.585 77.048 75.635 77.715 81.568 81.453 78.848 80.753 81.528 82.95 84.37 83.538 83.055 85.12 85.443 85.453 85.563 81.328 75.785 77.005 75.95 76.238 75.12 75.105 75.335 76.003 75 75.238
80.845 80.125 79.91 78.998 78.39 78.72 79.22 78.658 77.945 77.878 80.31 84.773 82.715 85.488 81.398 77.905 77.045 77.37 78.438 76.72 78.53 78.083 77.41 76.555 76.68 77.703 76.508 76.608 77.348 77.34 76.408 76.25 76.31 76.583 76.748 77.053 77.19 76.718 76.278 76.685 75.93 75.465 76.438 76.663 75.458 76.065 79.605 77.63 75.08 78.25 77.255 78.023 78.988 76.045 74.725 75.145 77.618 79.238 79.553 75.908 76.893 75.275 75.155 75.688 75.165 75.033 75.12 75.043 75.398 74.845
79.668 80.338 80.965 80.085 80.123 81.12 82.413 81.163 81.913 79.39 79.023 85.228 83.443 82.303 80.418 79.96 78.26 78.895 79.213 78.288 79.12 77.303 76.925 77.883 76.62 78.058 77.628 77.213 79.885 77.915 76.088 76.098 76.103 76.19 76.168 76.87 77.045 75.693 75.378 76.578 75.96 75.443 76.653 76.533 77.038 77.465 76.245 75.453 74.935 76.753 75.755 76.045 76.363 75.013 74.9 75.57 75.17 75.53 77.195 75.043 75.493 77.355 75.308 75.21 75.13 74.993 75.038 75.065 74.88 73.315
79.97 79.813 80.823 79.95 79.94 81.21 80.565 80.43 80.69 80.168 81.085 84.965 84.52 82.365 80.205 77.88 78.688 77.55 78.203 80.773 79.81 81.12 79.8 79.16 76.628 78.323 77.59 76.2 78.22 76.98 76.098 76.09 76.075 76.045 76.013 77.295 76.668 75.495 75.848 76.6 75.71 75.445 77.56 77.298 78.903 79.195 76.758 75.428 75.383 75.418 74.815 74.995 75.728 75.228 74.998 75.635 74.663 75.543 79.555 76.073 75.51 75.67 75.28 75.203 75.088 75.053 75.383 75.93 74.13 73.81
80.313 80.068 80.335 79.955 79.963 83.898 81.768 80.27 81.433 79.103 79.56 83.258 85.138 82.365 80.27 80.735 80.283 79.208 78.415 80.523 82.633 80.608 79.82 80 77.768 79.468 79.623 77.948 78.738 77.308 79.06 77.068 76.563 76.523 76 77.743 77.248 75.933 76.875 77.23 77.878 77.033 80.095 78.423 75.74 74.353 74.998 77.745 77.228 76.483 75.028 75.008 76.008 75.065 75.55 75.775 75.623 76.225 78.5 76.193 75.328 75.29 75.258 75.143 75.095 75.16 77.385 77.21 74.985 74.635
80.493 80.098 81.275 79.975 79.96 81.978 83.3 79.695 80.565 78.973 79.053 81.24 83.965 81.865 81.515 80.753 80.09 78.728 78.863 79.99 80.905 81.815 78.705 80.305 79.365 80.345 81.555 80.943 80.483 81.815 80.563 77.2 77.828 76.675 76.05 77.935 79.155 79.25 77.43 78.53 76.498 75.543 77.048 76.05 74.398 74.48 77.215 77.303 77.963 77.445 75.44 75.703 77.423 76.885 77.138 76.795 76.383 75.768 75.468 76.293 75.42 75.335 75.605 75.225 75.193 75.193 76.178 76.125 75.643 74.14
80.483 80.358 80.628 79.983 79.953 82.3 80.515 80.708 80.173 79.005 79.06 79.628 78.965 83.633 82.573 79.215 80.06 77.753 77.85 78.883 81.138 79.595 80.903 76.893 76.363 76.525 77.77 79.74 79.035 80.933 79.598 78.923 77.663 78.103 77.258 78.503 80.713 79.68 76.725 76.643 75.955 74.36 74.26 74.28 74.658 77.883 84.088 86.08 79.375 79.468 77.478 78.438 78.043 78.15 77.128 76.98 77.34 75.52 75.483 75.478 75.443 75.67 76.09 75.31 75.2 75.445 75.223 75.468 75.065 72.63
81.67 81.558 80.53 79.96 80.123 80.865 79.553 81.295 80.175 79.578 80.3 79.853 81.305 81.735 80.425 78.793 80.24 79.335 77.258 77.64 81.108 77.76 76.49 76.49 76.093 76.033 76.225 77.395 79.438 77.695 77.23 79.708 76.548 76.38 77.58 80.553 78.398 76.648 77.01 75.555 75.725 76.983 74.49 74.273 77.015 86 87.488 88.203 87.065 82.89 78.608 77.76 78.13 78.26 77.27 76.375 77.273 76.098 75.548 75.53 75.538 75.655 75.398 75.158 73.958 78.048 76.315 74.96 73.483 72.925
81.2 81.548 80.778 80.05 80.855 81.165 79.798 81.513 79.888 79.83 79.96 79.623 80.428 83.993 83.12 80.69 79.058 79.055 77.463 77.318 77.85 76.455 77.205 77.22 76.058 76.003 76.035 75.968 75.99 76.913 76.248 76.985 76.04 75.845 76.955 78.58 79.863 76.808 75.268 75.415 77.635 78.663 77.733 74.858 80.32 87.478 88.455 88.413 85.245 84.193 80.573 76.483 77.86 77.788 75.905 75.735 75.618 75.65 75.635 75.613 76.288 75.48 75.233 73.578 78.248 86.66 79.788 76.26 73.555 73.068
82.428 81.735 80.44 80.433 81.345 80.48 80.325 80.79 79.78 79.858 80.11 79.808 79.42 81.27 81.238 79.368 80.388 79.015 77.438 78.285 77.97 76.503 76.503 76.318 76.065 76.115 76.288 76 76.355 77.748 76.003 76.52 76.173 75.718 75.548 76.865 76.388 76.525 77.498 77.56 80.773 79.493 78.18 77.938 79.995 87.038 88.453 88.445 87.665 88.415 87.693 79.263 76.828 76.235 75.835 75.66 75.7 75.69 75.773 76.065 75.528 75.63 75.418 73.465 86.77 88.355 88.475 83.628 78.273 74.308
89.268 89.405 81.215 80.538 81.275 80.405 80.475 80.865 79.795 79.79 80.103 80.065 79.163 79.248 79.555 78.925 79.248 78.468 77.61 79.43 77.693 76.68 76.65 76.625 76.143 76.11 76.343 76.02 76.025 76.578 76.703 77.115 76.393 75.62 75.625 76.963 76.96 75.515 75.65 77.588 80.443 82.548 84.31 79.633 80.663 88.108 88.438 88.413 88.425 88.45 85.263 77.968 76.15 76.013 75.775 75.805 76.945 76.973 79.058 77.475 75.588 74.873 75.945 83.978 88.26 88.48 88.435 88.343 81.18 73.543
91.893 89.283 83 82.048 81.055 80.895 81.035 81.838 80.213 80.05 80.445 80.81 80.213 79.565 80.783 80.593 80.25 78.643 78.045 78.97 77.89 76.97 77.078 76.703 76.73 76.715 76.058 76.008 76.553 76.098 75.885 75.973 75.735 75.445 75.51 76.858 77.6 76.06 75.505 75.59 77.823 83.443 87.313 85.798 88.365 88.538 88.573 88.51 88.465 84.54 79.495 75.403 76.223 76.063 75.883 75.945 77.353 79.87 79.21 76.365 74.203 73.468 80.168 88.135 88.403 88.773 88.525 88.42 87.043 83.868
96.783 93.42 90.865 89.185 87.753 85.82 85.018 83.978 81.338 81.558 80.898 80.985 81.21 80.348 81.653 81.598 80.683 78.548 78.31 78.323 78.435 79.155 79.755 78.718 77.915 77.173 75.115 75.44 76.125 77.01 75.94 77.873 74.823 74.343 74.735 76.208 75.595 76.285 76.34 75.53 76.065 78.855 83.343 88.525 88.593 87.95 88.34 88.595 88.348 80.178 75.633 76.173 76.128 76.583 75.94 76.913 83.97 78.398 78.153 75.835 73.575 80.37 87.93 88.535 88.51 89.29 88.693 88.445 88.418 88.388
97.018 93.62 92.755 92.728 92.633 92.173 92.068 91.945 91.07 90.03 85.458 87.268 88.165 87.163 82.56 79.995 84.295 84.025 83.265 80.145 79.8 81.135 81.343 80.505 80.538 80.638 76.323 76.05 76.713 77.708 76.17 76.263 74.43 74.26 74.955 76.07 75.358 75.405 76.05 76.325 77.213 81.545 83.518 87.383 88.033 87.993 87.863 88.073 85.78 74.313 75.97 76.205 76.205 76.238 75.993 78.878 78.238 80.56 77.465 76.268 75.08 84.273 88.318 88.415 88.45 88.475 88.608 88.515 86.35 86.193
97.023 92.81 93.685 94.42 93.73 93.505 94.033 93.9 92.828 92.683 86.005 88.8 89.8 88.725 83.335 80.62 89.623 91.368 91.16 91.943 90.308 89.168 87.638 85.173 83.598 83.28 80.945 78.85 77.578 77.163 76.685 77.273 74.253 74.258 74.463 76.948 75.795 75.4 75.52 75.938 79.86 84.133 86.245 87.375 87.99 88.195 87.928 86.243 78.428 76.59 76.433 77.153 76.255 76.13 76.158 77.023 76.203 76.743 75.513 78.18 82.603 87.173 88.525 87.928 88.425 88.425 88.415 86.783 78.83 75.838
96.058 92.16 92.823 93.118 92.893 93.155 94.835 93.59 93.698 93.77 85.253 89.285 90.038 89.24 83.85 80.788 92.138 93.22 92.97 93.815 93.738 93.04 92.855 90.83 91.273 91.64 89.06 86.903 84.82 77.545 76.663 77.925 77.763 76.745 77.208 77.725 76.848 76.143 75.718 80.155 82.558 86.023 86.953 87.785 87.575 86.775 83.17 78.163 77.153 76.543 76.638 76.523 76.34 76.283 76.463 76.248 76.198 76.07 78.16 86.31 88.43 88.855 87.143 87.033 84.648 84.985 88.405 86.178 77.3 73.733
87.343 89.14 92.02 90.698 90.553 92.758 92.568 92.173 92.875 90.66 86.225 89.24 89.875 88.57 84.905 82.553 93.765 93.933 93.748 93.958 93.86 93.885 93.275 92.655 92.655 93.253 92.955 92.933 86.575 86.88 84.865 87.35 85.103 84.665 79.07 77.713 76.215 76.748 80.63 84.993 85.86 87.103 87.88 87.808 87.195 85.125 78.405 77.05 76.73 77.155 77 76.46 76.495 78.255 76.355 76.298 75.638 76.008 84.353 88.433 88.65 88.778 88.503 85.97 75.688 78.233 88.325 88.013 78.643 72.87
