LIDAR-DSM-2M-TQ28ne/tq2688_DSM_2M.asc
ncols 500
nrows 500
xllcorner    526000
yllcorner    188000
cellsize     2
NODATA_value -9999
[rows 32 to 63 of 500, columns 355 to 425 of 500]
68.311 68.331 68.636 69.858 68.733 71.131 71.663 71.701 71.508 70.708 70.683 73.091 75.121 75.373 74.038 70.148 70.913 70.061 68.868 68.436 68.446 69.028 70.261 69.076 67.696 71.001 74.181 75.623 75.368 72.811 73.118 72.358 77.271 77.533 75.156 68.646 70.338 71.063 71.221 69.486 70.783 74.786 75.006 70.713 72.393 73.426 73.778 67.393 71.961 70.453 68.801 68.286 70.151 71.406 72.831 73.423 74.331 73.956 70.596 70.071 69.191 69.323 69.301 69.243 69.276 69.316 69.241 70.428 71.868 69.866 69.826
68.276 68.346 69.111 69.406 71.446 75.653 75.193 73.848 73.658 70.928 71.068 74.138 75.098 72.866 68.536 68.236 69.616 68.943 68.306 68.106 68.008 67.696 69.156 71.368 73.313 74.948 75.771 74.376 72.008 72.813 72.348 72.371 77.663 72.873 71.763 69.463 69.383 69.918 71.126 68.753 70.171 70.038 74.386 72.123 72.626 72.686 73.606 74.648 68.266 70.408 71.298 73.301 71.918 71.013 74.063 72.813 71.276 69.376 70.363 69.161 69.236 69.353 69.356 69.318 69.328 69.376 69.376 69.853 70.788 72.568 70.073
68.278 68.333 69.058 68.701 72.448 76.128 76.796 76.531 75.476 70.493 69.338 72.496 74.413 70.418 68.106 67.968 68.323 69.491 68.713 67.698 67.641 67.591 68.178 71.028 74.316 75.298 71.346 73.358 72.218 73.171 70.956 69.881 76.108 73.643 70.566 69.283 70.396 70.188 69.483 69.351 68.353 69.606 70.721 74.431 73.518 68.718 72.386 72.678 73.508 70.096 73.313 76.558 72.998 71.208 75.656 73.111 72.418 69.248 69.221 69.168 69.208 69.308 69.358 69.258 69.241 69.276 69.353 69.436 69.473 69.468 69.993
69.623 68.318 68.968 68.931 72.171 76.391 77.138 76.991 75.241 69.673 69.796 69.903 68.691 68.088 67.796 67.663 67.691 69.151 70.063 68.488 67.571 67.498 68.178 69.511 69.683 67.943 66.278 72.808 73.491 71.956 69.761 69.883 74.321 72.988 70.496 68.418 71.408 73.408 73.828 71.746 70.173 71.491 72.336 74.081 73.796 71.636 69.423 72.886 76.103 70.266 72.681 70.893 70.613 71.661 76.281 75.256 71.618 69.211 68.886 68.873 68.913 68.961 69.018 68.916 68.808 69.171 69.128 69.368 69.488 69.523 69.518
69.253 68.453 68.868 69.288 73.656 76.653 77.071 77.031 76.188 71.966 71.816 69.281 69.476 68.546 67.671 67.676 67.743 68.971 70.238 68.753 67.573 69.251 69.526 69.686 68.341 66.476 68.376 70.366 68.666 70.498 70.381 70.341 71.706 71.556 71.361 69.681 72.628 75.898 75.516 75.446 75.798 75.101 75.613 73.661 72.746 71.063 70.938 74.203 76.021 73.198 71.653 71.456 71.396 73.668 78.466 75.063 72.486 71.168 77.421 74.266 70.678 68.708 68.691 68.621 68.668 68.763 69.086 69.158 69.476 69.533 69.523
69.796 69.553 68.456 69.536 75.051 76.891 77.081 76.983 75.118 71.676 71.691 69.531 69.623 68.211 67.646 68.098 69.701 70.256 70.033 68.528 70.016 69.348 70.178 70.511 69.241 68.048 72.388 69.536 68.581 68.716 70.478 72.148 73.126 73.413 74.151 73.683 76.453 76.881 76.348 75.298 75.746 75.808 76.518 74.513 71.661 71.946 74.836 74.781 75.308 75.356 75.896 74.271 73.206 74.213 72.621 72.728 72.051 73.861 83.188 83.173 80.328 68.651 68.623 68.611 68.641 68.671 68.688 68.821 69.138 69.423 69.501
74.021 74.913 70.853 69.366 75.293 76.826 77.038 76.423 73.373 71.663 71.691 68.878 68.756 69.671 69.101 70.166 70.221 70.051 69.866 69.723 70.581 71.418 73.996 75.003 71.923 71.541 70.771 70.506 69.468 69.806 71.681 73.136 74.208 73.918 74.778 75.421 77.648 77.493 76.551 76.176 75.783 76.221 76.313 74.371 72.483 75.386 75.343 76.046 75.668 76.331 75.073 76.293 75.623 74.468 74.001 72.051 71.356 75.691 83.153 83.108 79.171 68.643 68.588 68.593 68.623 68.658 68.653 68.666 68.691 68.816 68.926
75.283 75.603 75.228 71.701 74.253 75.253 75.523 75.586 72.961 71.671 71.746 68.418 68.403 68.703 69.901 69.888 69.428 69.311 68.051 70.126 70.816 73.453 74.061 77.101 72.831 71.211 69.461 68.568 69.393 70.973 70.231 72.366 73.541 75.781 75.996 76.846 77.806 77.603 76.596 76.423 76.143 75.666 76.003 75.738 73.623 74.576 75.696 75.693 75.721 76.461 77.391 76.291 74.906 74.518 73.648 71.508 71.356 80.891 83.111 83.076 76.598 69.261 68.603 68.593 68.588 68.638 68.643 68.658 68.661 68.658 68.646
74.138 75.133 75.951 72.558 69.141 69.471 69.576 70.351 69.993 69.488 70.841 68.473 68.626 67.313 67.751 67.906 68.006 68.593 67.448 71.011 71.313 73.566 72.518 73.013 71.041 68.908 70.153 70.601 71.418 71.073 72.431 71.161 72.678 72.871 76.133 76.321 77.478 77.436 77.178 76.966 76.568 76.413 76.926 74.031 72.923 73.891 74.501 75.548 74.996 75.831 76.203 74.923 72.903 71.056 70.366 70.458 72.336 82.098 83.183 82.873 77.203 72.518 69.911 68.611 68.601 68.641 68.638 68.643 68.663 68.663 68.628
75.156 75.711 74.233 73.778 68.558 68.576 68.336 68.266 68.258 68.336 67.801 67.063 65.668 66.938 66.521 67.643 67.533 69.283 68.851 69.258 69.961 70.903 70.911 70.566 71.076 69.153 70.146 70.561 71.083 69.388 69.541 71.131 71.286 72.163 73.668 72.736 74.986 76.956 77.171 76.646 75.723 75.351 73.843 71.111 71.208 71.251 72.281 72.643 72.188 71.261 71.168 71.633 70.763 70.486 70.416 70.478 72.428 82.936 83.251 83.206 83.168 81.953 81.548 79.291 78.048 76.468 72.951 72.828 70.126 68.638 68.623
73.838 75.233 75.796 74.523 69.318 68.376 68.441 68.323 68.503 68.166 67.081 67.426 67.306 67.351 70.196 69.288 69.771 69.676 69.823 70.696 69.318 69.313 69.651 69.533 69.486 69.611 70.691 71.763 70.578 70.018 69.823 70.173 70.323 71.756 72.428 70.853 71.041 72.691 73.971 74.361 74.313 72.303 71.266 71.343 71.336 71.361 71.398 71.431 71.426 71.428 71.321 71.091 70.841 70.593 70.501 70.443 75.878 83.128 83.218 83.173 80.568 83.158 83.043 82.616 83.138 83.168 79.063 83.218 82.456 79.768 78.703
74.181 75.158 74.863 74.921 72.903 71.501 70.386 69.841 70.306 71.943 69.631 69.323 67.603 67.428 68.631 70.388 70.338 69.933 70.116 70.888 72.608 72.576 72.676 69.831 69.091 70.046 70.283 69.676 69.781 70.753 69.993 71.133 72.718 73.113 72.691 71.001 71.043 71.128 71.221 71.863 72.223 71.383 71.441 71.471 71.461 71.488 71.526 71.528 71.501 71.496 71.361 71.173 70.918 70.671 70.621 70.518 78.833 83.121 83.136 83.161 83.148 83.083 81.443 83.173 83.276 83.221 80.746 83.131 83.171 77.596 83.336
70.826 73.301 74.888 74.651 72.348 69.818 70.231 69.743 70.433 71.583 70.543 69.398 68.536 68.498 68.428 69.693 70.693 71.466 70.768 71.006 74.498 75.673 73.031 70.056 71.421 69.743 71.646 71.108 71.413 70.716 71.436 72.733 76.021 72.693 71.856 71.086 71.093 71.188 71.291 71.368 71.428 71.491 71.526 71.541 71.566 71.623 71.621 71.596 71.561 71.543 71.406 71.338 71.741 71.491 71.061 71.453 78.831 83.168 83.121 83.453 83.166 83.143 83.151 83.126 83.323 83.148 83.228 83.178 80.166 83.191 83.278
68.543 69.613 72.183 71.138 69.303 68.473 68.581 68.611 68.701 69.468 69.171 69.086 69.363 69.381 69.286 69.428 69.293 71.326 71.683 71.921 72.941 74.103 72.583 71.413 72.376 70.266 70.016 72.078 70.091 71.528 74.036 72.906 74.451 73.143 73.073 74.848 71.076 71.173 72.238 71.358 71.423 71.486 71.558 71.596 71.621 71.671 71.688 71.658 71.618 71.588 71.493 71.316 71.593 72.093 71.293 72.851 78.206 83.538 83.296 75.571 77.841 78.903 80.068 82.561 82.931 83.263 83.231 83.143 83.173 83.218 83.206
68.161 68.226 68.396 68.436 68.513 68.616 68.643 68.688 68.961 71.106 68.858 68.898 68.968 69.003 69.048 69.151 69.531 70.726 70.196 71.496 72.633 74.021 71.343 69.573 71.298 73.008 72.673 73.173 72.391 72.516 73.561 74.971 77.058 75.888 75.268 75.381 74.643 72.566 71.406 72.991 71.423 71.461 71.556 71.613 71.643 71.671 71.723 71.686 71.693 71.676 71.593 71.421 71.211 71.331 71.346 71.823 76.406 82.693 82.068 70.876 70.946 71.056 71.238 72.266 73.238 75.416 77.076 77.581 80.943 82.041 82.313
68.143 68.186 68.318 68.358 68.448 68.578 68.628 68.771 69.251 69.996 69.756 69.001 69.053 69.068 69.113 69.158 69.208 69.278 69.356 69.418 69.986 71.436 70.526 69.941 72.261 73.253 73.261 74.108 75.798 73.238 74.603 74.138 79.361 76.726 75.401 75.761 78.081 76.681 74.243 75.583 71.621 71.483 71.551 71.616 71.646 71.691 71.726 71.706 71.768 71.798 71.718 71.566 71.328 71.646 71.173 71.086 70.928 72.761 71.333 70.976 71.003 71.011 71.013 71.061 71.036 71.026 71.158 71.803 72.036 72.426 72.841
68.171 68.241 68.243 68.323 68.426 68.491 68.521 68.576 68.711 69.971 68.928 68.996 69.123 69.231 69.628 69.231 69.293 69.358 69.386 69.461 69.516 69.538 69.606 69.683 70.393 70.123 70.148 71.206 74.561 74.891 72.306 73.103 75.796 74.776 75.821 75.088 76.261 75.051 75.196 75.993 73.616 71.641 71.553 71.608 71.661 71.686 71.766 71.763 71.788 71.826 71.813 71.651 71.463 72.158 71.346 71.158 71.068 71.041 70.976 71.011 71.043 71.038 71.076 71.091 71.111 71.098 71.198 72.288 71.311 72.188 71.053
68.126 68.143 68.251 68.333 68.388 68.438 68.523 68.561 68.606 68.698 68.786 68.843 68.953 69.043 69.171 69.258 69.393 69.418 69.456 69.496 69.551 69.623 69.703 69.736 69.978 69.806 69.846 69.916 71.353 72.273 71.601 71.668 71.371 72.256 72.243 73.141 74.678 76.321 76.418 73.953 72.011 72.988 72.008 71.568 71.623 71.693 71.751 71.803 71.821 71.826 71.723 71.588 71.493 71.548 71.268 71.916 71.561 71.078 71.236 71.046 71.076 71.076 71.096 71.131 71.131 71.141 71.103 70.976 70.961 71.053 71.131
68.213 68.296 68.346 68.343 68.388 68.463 68.488 68.583 68.616 68.718 68.766 68.836 68.906 69.001 69.011 69.073 69.146 69.241 69.358 69.508 69.581 69.678 69.738 69.766 69.813 69.866 69.903 69.946 70.016 70.243 71.416 73.976 73.353 71.723 71.428 71.813 72.698 76.526 73.676 73.466 72.633 71.508 71.301 71.423 71.536 72.101 71.688 71.758 71.756 71.701 71.563 71.443 71.351 71.293 71.158 71.211 71.138 71.081 71.611 71.548 71.043 71.661 71.266 71.151 71.158 71.178 71.146 71.033 71.018 71.146 71.226
68.026 68.151 68.251 68.333 68.406 68.536 68.586 68.666 68.708 68.721 68.736 68.838 68.928 68.938 68.981 69.048 69.173 69.226 69.306 69.386 69.453 69.543 69.671 69.758 69.866 69.926 69.996 70.023 70.096 70.141 70.786 71.251 74.073 72.918 70.456 70.523 71.013 72.541 70.818 71.076 72.211 71.956 71.911 71.653 71.466 71.456 71.588 71.671 71.701 71.576 71.456 71.371 71.306 71.228 71.101 71.063 70.976 70.911 70.933 70.948 70.998 71.526 71.346 72.058 71.811 71.451 71.403 71.186 71.186 71.198 71.258
67.998 68.041 68.108 68.196 68.283 68.348 68.443 68.526 68.663 68.738 68.828 68.883 68.963 69.056 69.011 69.046 69.191 69.236 69.338 69.373 69.416 69.523 69.596 69.623 69.656 69.778 69.873 69.993 70.066 70.193 71.328 74.193 71.428 73.536 72.038 70.956 70.596 70.643 70.751 71.228 72.503 73.683 72.291 71.603 71.991 72.368 72.403 72.163 71.628 71.506 71.458 71.388 71.273 71.208 71.451 71.896 71.278 70.878 70.908 70.978 71.041 71.011 71.046 71.058 71.098 71.398 71.768 71.221 71.288 71.683 71.456
67.931 68.038 68.098 68.208 68.228 68.293 68.386 68.436 68.456 68.596 68.723 68.746 68.876 68.958 68.933 69.028 69.106 69.193 69.263 69.331 69.436 69.498 69.561 69.623 69.681 69.783 69.843 69.888 69.961 70.046 70.526 71.631 72.358 73.611 71.701 70.663 70.696 70.713 71.006 72.768 74.096 71.753 71.201 71.153 71.208 71.281 71.426 72.108 71.878 72.026 71.483 71.526 71.663 72.943 73.276 73.253 72.953 71.188 70.983 71.138 71.968 71.528 71.303 71.183 71.058 71.043 71.088 71.111 71.138 71.531 71.781
68.103 68.121 68.141 68.116 68.203 68.256 68.321 68.396 68.461 68.528 68.621 68.681 68.798 68.843 68.948 69.023 69.068 69.143 69.243 69.288 69.406 69.438 69.556 69.626 69.691 69.758 69.801 69.903 69.941 70.011 70.103 70.171 70.396 70.321 70.353 70.438 70.643 70.738 70.883 72.656 71.576 71.698 71.768 71.163 71.228 71.328 71.416 71.523 71.501 71.478 71.516 71.546 71.861 72.131 75.448 75.678 74.758 72.258 72.428 71.876 73.883 73.511 72.553 73.618 72.056 71.496 71.556 71.293 71.108 71.161 71.168
68.268 68.303 69.513 68.511 69.371 68.468 68.463 68.456 68.468 68.541 68.583 68.733 68.748 68.838 68.896 68.966 69.041 69.098 69.206 69.283 69.333 69.393 69.538 69.541 69.651 69.716 69.773 69.858 69.973 70.028 70.056 70.168 70.208 70.238 70.411 70.418 70.516 70.583 70.693 70.801 70.906 71.488 71.143 71.228 71.281 71.393 71.508 71.613 71.553 71.506 71.548 71.596 71.726 71.861 71.903 72.123 72.653 72.331 72.613 73.813 75.101 74.921 75.246 75.326 74.791 74.001 73.016 71.181 71.093 71.126 71.651
68.388 68.483 68.483 69.088 70.218 69.073 68.683 68.728 68.783 68.853 68.813 68.841 70.358 69.771 70.273 68.958 69.011 69.081 69.158 69.231 69.301 69.371 69.493 69.556 69.613 69.681 69.766 69.843 69.921 70.013 70.081 70.193 70.246 70.273 70.363 70.443 70.491 70.548 70.633 70.706 70.796 70.833 70.968 71.038 71.208 71.306 71.463 71.513 71.448 71.483 71.521 71.586 71.718 71.953 71.981 72.006 72.068 72.133 72.186 72.541 73.681 73.946 74.436 75.831 75.701 75.013 74.993 74.486 73.083 71.833 71.893
68.408 68.473 68.556 68.611 68.671 68.763 68.768 68.821 68.868 68.958 68.966 69.168 70.506 72.326 72.758 69.568 69.148 69.136 69.158 69.226 69.303 69.371 69.481 69.528 69.518 69.671 69.708 69.796 69.851 69.971 70.038 70.123 70.198 70.258 70.328 70.433 70.501 70.596 70.651 70.698 70.806 70.816 70.948 70.991 71.053 71.128 71.273 71.298 71.376 71.506 71.516 71.621 71.733 71.963 72.053 72.101 72.108 72.153 72.211 72.271 72.298 72.371 72.461 73.238 73.798 74.428 75.536 75.693 76.048 74.753 73.403
69.318 69.406 69.856 70.618 68.688 68.781 68.846 68.863 68.941 69.018 69.076 69.368 71.828 72.401 71.041 71.401 69.973 69.406 69.466 69.996 69.513 70.763 71.351 69.478 69.523 69.601 69.728 69.746 69.828 69.876 69.946 70.056 70.148 70.171 70.346 70.381 70.458 70.521 70.596 70.716 70.743 70.841 70.886 70.993 71.083 71.156 71.208 71.268 71.341 71.463 71.483 71.568 71.681 71.786 72.001 72.103 72.188 72.213 72.268 72.313 72.348 72.398 72.448 72.481 72.546 72.623 72.876 73.616 75.353 75.373 76.698
70.411 72.411 72.258 73.541 73.456 71.698 70.296 69.688 69.056 69.081 69.136 70.061 71.541 73.126 71.628 73.726 71.623 69.523 69.593 69.616 69.678 71.518 69.703 69.781 69.788 69.783 69.773 69.758 69.791 69.886 69.911 70.013 70.058 70.181 70.198 70.323 70.388 70.428 70.496 70.631 70.741 70.786 70.863 70.993 71.043 71.071 71.126 71.271 71.313 71.408 71.458 71.568 71.593 71.708 71.711 71.933 71.993 72.083 72.148 72.238 72.318 72.396 72.468 72.533 72.578 72.566 72.628 73.241 72.738 72.823 74.156
70.938 74.568 73.493 74.961 75.488 73.966 74.193 74.473 72.246 74.463 70.133 72.136 69.618 72.701 73.231 72.616 70.061 69.601 69.661 70.113 71.153 72.588 71.031 70.503 69.933 69.983 70.026 70.068 70.093 70.076 70.043 70.048 70.061 70.143 70.236 70.268 70.361 70.468 70.516 70.571 70.663 70.766 70.851 70.906 70.958 71.073 71.173 71.236 71.306 71.388 71.486 71.516 71.601 71.703 71.761 71.818 71.921 71.991 72.026 72.136 72.191 72.231 72.331 72.401 72.441 72.531 72.586 73.361 74.521 73.743 72.868
69.258 69.968 70.938 71.671 73.098 75.498 76.928 78.041 73.381 74.186 73.191 73.421 71.951 73.151 76.561 74.626 70.623 71.583 73.628 72.601 71.956 72.171 72.456 71.403 70.058 70.146 70.163 70.231 70.253 70.276 70.311 70.583 71.238 70.376 70.368 70.336 70.353 70.413 70.528 70.543 70.611 70.678 70.783 70.893 70.921 71.041 71.128 71.178 71.268 71.353 71.431 71.513 71.588 71.666 71.733 71.786 71.873 71.928 72.006 72.093 72.103 72.186 72.311 72.428 72.448 72.496 72.573 72.601 72.683 72.786 72.913
69.228 69.288 69.346 69.423 70.486 74.828 76.801 76.916 72.556 71.861 72.563 72.683 72.726 73.083 76.436 75.148 72.566 73.751 73.768 72.376 73.021 72.896 74.016 72.546 70.321 70.171 70.231 70.316 70.383 70.431 70.468 71.823 71.731 70.798 70.616 70.591 70.646 70.636 70.611 70.616 70.633 70.648 70.708 70.888 70.961 70.983 71.078 71.161 71.251 71.288 71.413 71.458 71.513 71.618 71.653 71.716 71.853 71.903 71.983 72.116 72.131 72.153 72.308 72.408 72.448 72.528 72.581 72.648 72.721 72.731 72.791
69.473 69.408 69.463 69.536 69.606 70.373 70.996 71.958 69.926 69.976 70.766 72.526 73.241 73.176 75.348 74.721 73.153 74.008 75.223 71.893 71.566 74.813 75.108 73.943 74.321 73.046 72.776 71.448 70.446 70.481 70.638 70.676 72.656 70.683 70.686 70.713 70.751 70.776 70.826 70.913 70.923 70.908 70.883 70.933 70.921 70.951 71.033 71.118 71.236 71.263 71.296 71.436 71.503 71.576 71.651 71.701 71.801 71.911 71.971 71.988 72.068 72.183 72.266 72.273 72.356 72.436 72.551 72.593 72.678 72.688 72.826
