LIDAR-DSM-2M-TQ28ne/tq2687_DSM_2M.asc
ncols 500
nrows 500
xllcorner    526000
yllcorner    187000
cellsize     2
NODATA_value -9999
[rows 60 to 89 of 500, columns 335 to 401 of 500]
101.724 104.671 105.671 105.416 103.644 103.274 101.749 102.874 103.806 102.971 101.814 102.194 102.541 102.541 102.576 102.659 102.686 102.661 102.671 102.649 102.601 102.599 102.576 102.514 102.401 103.529 104.421 102.941 103.374 102.946 101.809 101.511 101.539 107.421 106.471 103.891 105.069 109.491 110.929 111.744 111.726 110.764 110.556 110.604 108.179 101.264 100.966 101.146 101.954 106.496 108.974 107.306 106.776 103.121 105.486 100.849 104.321 104.044 102.034 101.579 103.444 104.311 103.449 103.476 99.801 99.721 99.564
101.181 105.246 107.226 105.436 103.394 104.079 103.679 104.656 105.019 104.149 103.699 102.471 102.601 102.639 102.679 102.736 102.716 102.729 102.701 102.694 102.644 102.656 102.631 102.574 102.489 102.869 104.044 103.724 103.891 104.409 103.561 102.836 102.274 101.806 101.739 101.391 102.514 108.489 110.826 111.739 111.626 110.976 110.774 110.721 106.791 103.889 100.944 100.926 103.889 110.286 110.786 107.534 103.079 101.671 101.129 102.681 103.554 103.476 101.579 101.789 103.761 103.586 102.899 103.066 99.836 99.841 99.689
101.206 102.496 105.939 105.239 104.606 103.209 105.606 104.661 104.194 104.824 105.024 103.634 104.411 103.086 102.756 102.816 102.796 102.796 102.774 102.774 102.744 102.731 102.684 102.629 102.601 102.544 102.706 103.039 102.846 104.274 104.386 103.251 101.784 101.401 101.399 101.366 101.421 106.509 110.719 111.746 111.606 110.769 110.036 109.986 108.654 105.106 100.961 100.944 108.261 111.244 111.079 109.769 101.591 105.741 101.034 103.676 104.749 101.996 101.446 101.411 102.701 107.626 106.601 102.679 100.264 99.946 99.849
101.216 101.464 106.609 104.216 103.069 105.449 109.631 104.609 107.094 112.151 111.711 106.644 107.151 104.606 103.299 104.369 104.034 103.004 102.821 102.814 102.816 102.799 102.739 102.704 102.661 102.619 102.581 102.541 102.581 103.091 103.316 102.109 101.426 101.369 101.381 101.374 101.469 106.374 110.631 111.589 111.579 110.821 109.009 109.086 105.116 102.964 100.949 100.944 100.951 103.851 107.146 104.351 104.659 102.679 102.826 104.354 103.806 101.134 101.124 102.204 106.239 108.026 107.139 106.091 101.496 100.059 99.914
101.239 103.576 106.376 105.126 104.001 105.174 104.694 103.709 107.634 113.199 111.941 105.619 103.766 102.826 103.434 104.286 105.056 105.729 106.951 108.221 106.444 103.071 102.824 102.771 102.746 102.699 102.629 102.959 103.339 102.911 103.034 101.709 101.084 101.199 101.384 101.394 101.431 107.661 110.576 111.444 111.791 110.919 108.299 103.614 101.766 101.091 100.966 100.966 100.911 100.929 101.699 100.749 100.534 100.369 100.194 101.194 100.991 101.084 101.369 102.411 105.931 106.074 106.384 106.586 105.284 103.061 101.546
103.941 106.331 109.871 108.769 106.596 103.616 103.119 103.036 104.484 108.809 108.619 105.119 104.311 103.259 103.366 104.529 111.534 108.394 107.404 109.249 107.359 103.676 103.059 102.879 102.821 102.776 102.704 103.334 103.434 103.799 103.836 102.404 101.101 101.304 101.386 101.396 101.436 108.369 110.091 110.386 111.439 110.996 108.801 102.709 101.051 100.984 100.964 100.984 100.926 101.004 100.944 100.821 100.671 100.499 100.336 100.166 100.596 102.604 101.426 105.886 106.311 111.596 113.001 107.976 107.396 104.116 101.636
105.751 106.556 109.581 109.061 109.866 105.241 103.229 103.271 105.754 106.916 106.691 103.414 103.024 103.029 103.031 103.039 103.824 103.046 103.021 103.279 103.639 103.914 103.769 103.109 102.924 102.836 102.754 103.839 103.881 103.146 104.114 103.436 102.944 101.426 101.389 101.401 102.159 106.551 109.131 109.969 110.389 110.289 108.424 103.351 101.096 100.991 100.981 100.976 100.959 100.981 100.996 100.914 101.411 101.201 100.559 100.351 102.706 101.791 102.029 109.119 106.054 106.761 109.971 108.914 110.144 107.679 104.141
103.846 105.666 106.696 106.476 106.521 105.014 104.626 105.131 105.961 106.539 104.926 103.036 103.026 103.046 103.046 102.966 102.936 102.936 102.859 102.984 103.019 103.316 103.651 103.246 102.976 102.971 102.869 102.981 103.126 103.144 103.484 103.839 103.454 101.529 101.544 101.504 101.931 104.776 105.974 106.279 106.714 106.061 104.171 101.831 100.981 100.994 100.979 100.976 100.974 100.986 101.009 101.011 101.164 100.934 100.724 100.521 105.126 105.601 103.871 107.841 110.001 108.526 108.091 109.651 110.321 106.419 102.259
104.329 105.381 104.454 104.146 105.056 105.714 106.136 106.651 106.681 104.911 103.181 103.021 103.021 103.044 103.049 103.001 102.876 102.829 102.781 102.906 103.009 103.024 103.041 103.046 103.126 103.019 102.951 102.994 102.951 103.096 104.686 107.101 108.594 108.366 104.854 104.011 102.254 102.719 101.726 101.821 101.481 101.494 101.679 101.451 101.344 102.459 101.076 100.994 100.989 101.014 100.989 101.099 101.061 100.954 102.156 101.314 107.874 107.471 105.849 107.299 109.986 110.486 107.909 105.094 108.614 105.141 100.499
104.791 104.781 104.414 103.984 105.276 105.714 105.941 106.949 107.079 105.856 103.051 103.046 103.026 103.039 103.044 102.969 102.939 102.921 102.754 102.799 102.959 103.009 103.046 105.274 106.476 105.629 103.981 103.126 103.039 103.016 108.136 112.096 112.129 115.736 112.204 111.016 108.211 101.551 101.584 101.774 101.786 101.764 101.786 107.494 111.191 105.541 101.779 102.394 101.549 100.986 101.024 101.036 101.124 101.106 101.416 100.976 101.936 103.079 105.301 105.634 109.324 109.791 105.486 105.704 105.869 101.446 100.631
107.151 103.069 105.066 104.706 105.226 105.726 105.899 106.806 107.214 105.371 103.056 103.054 103.039 103.056 103.844 103.484 102.969 102.986 102.836 102.884 102.991 103.026 103.531 108.844 108.899 109.251 103.254 103.239 103.139 103.691 107.324 110.589 113.709 115.659 113.456 109.279 109.641 102.136 101.961 102.104 102.149 102.374 102.559 111.236 114.904 106.409 102.346 104.661 102.739 101.111 101.019 101.069 101.076 101.154 101.186 101.061 101.031 101.261 103.936 105.121 106.581 106.619 108.204 105.336 104.554 102.089 100.801
103.854 102.039 103.791 104.686 104.696 105.711 106.139 106.751 107.289 105.269 103.079 103.041 103.089 104.211 108.626 102.971 102.939 102.984 102.946 102.964 103.029 103.079 103.939 108.361 110.859 111.629 105.881 103.321 103.264 103.149 106.069 109.371 114.446 119.691 113.731 108.431 107.611 103.931 102.131 102.049 102.129 102.131 102.661 113.091 116.494 109.799 102.974 103.251 102.264 101.461 101.154 101.044 101.081 101.099 101.201 101.169 101.144 101.121 101.449 102.986 103.321 105.229 105.054 105.346 105.161 103.264 100.909
106.661 105.316 103.904 105.239 104.271 105.521 105.854 106.494 106.846 106.146 103.359 103.036 104.586 106.346 111.771 103.926 102.954 102.994 103.019 103.024 103.086 104.481 104.801 107.486 113.876 109.549 105.691 103.431 103.311 103.204 104.644 107.326 112.191 114.881 110.016 104.474 105.134 104.306 102.019 102.019 102.211 102.149 104.419 114.769 114.611 112.036 102.739 101.936 101.829 101.691 101.524 101.249 101.094 101.136 101.131 101.211 101.296 101.251 101.254 101.249 101.299 101.329 101.856 104.571 105.109 104.854 101.391
110.121 108.879 104.476 107.261 105.139 105.331 105.676 105.649 105.946 106.469 106.714 104.654 105.016 107.094 107.319 103.841 104.079 107.756 105.086 104.964 104.169 104.354 104.914 104.274 110.701 106.856 104.641 103.481 103.386 103.314 104.759 106.241 110.391 110.106 106.881 103.924 104.281 102.219 102.139 102.136 101.984 102.229 103.224 109.516 110.076 113.834 102.214 102.081 102.051 101.911 101.784 101.576 101.349 101.179 101.161 101.146 101.184 101.284 101.334 101.376 101.391 101.404 101.514 104.111 104.866 107.146 106.466
106.609 105.159 104.856 105.314 105.204 103.986 103.571 104.609 105.354 106.406 107.041 105.569 108.421 107.259 107.611 108.919 110.034 111.746 111.279 108.601 105.609 104.086 104.024 103.909 106.031 104.179 103.731 103.546 103.441 103.389 103.944 105.476 107.209 106.186 104.634 105.034 106.371 103.566 103.826 103.379 102.866 103.854 104.171 105.394 104.404 109.624 104.891 102.291 102.219 102.156 101.954 101.829 101.674 101.489 101.254 101.189 101.186 101.186 101.291 101.419 101.426 101.464 102.036 106.256 108.114 110.021 105.434
102.711 102.311 103.624 105.264 105.384 104.734 107.749 109.534 111.909 106.026 105.226 103.909 105.434 107.581 112.086 113.431 110.159 106.636 106.481 105.799 105.226 104.614 104.099 104.011 104.004 103.854 103.774 103.686 103.551 103.494 104.071 105.641 107.191 104.671 104.066 107.334 106.551 103.129 104.609 102.946 102.936 103.131 103.129 102.824 105.624 103.014 106.001 105.569 103.961 103.124 102.121 102.001 101.921 101.791 101.654 101.414 101.279 101.216 101.241 101.246 101.329 101.426 102.406 108.594 109.299 109.069 107.069
102.044 102.716 104.231 105.204 106.436 111.511 108.206 109.979 108.411 104.129 103.251 104.879 106.049 105.404 112.496 111.761 109.239 104.799 104.496 104.081 105.004 105.299 104.146 104.146 104.036 103.966 103.884 107.706 106.826 103.649 106.004 107.311 107.899 106.254 107.431 106.591 105.906 103.241 105.439 103.006 102.976 103.711 103.766 102.864 106.221 105.531 107.779 108.424 103.156 102.499 102.426 102.169 102.134 102.011 101.909 101.744 102.076 102.614 101.296 101.279 101.316 101.326 101.471 107.456 107.209 107.901 108.314
102.096 102.349 102.791 104.901 110.726 113.596 108.979 115.356 108.414 106.259 104.416 105.491 104.521 106.391 109.161 109.039 104.811 104.366 104.116 103.986 104.249 104.311 104.296 104.229 105.144 106.911 106.004 106.736 108.336 104.686 107.594 107.864 107.874 106.969 107.269 106.374 106.656 104.681 104.034 104.026 104.736 103.436 103.014 102.906 104.001 108.209 108.226 106.639 105.196 103.479 102.989 102.356 102.341 102.254 102.114 102.636 104.401 103.786 102.544 101.521 101.429 101.371 101.386 104.664 106.616 107.454 106.794
102.106 102.474 102.686 108.921 113.166 111.989 110.751 109.224 111.454 104.736 105.496 106.426 105.621 105.651 104.236 104.276 104.301 104.326 104.319 104.371 104.416 104.411 104.394 105.196 106.936 108.759 111.796 109.106 108.314 110.976 108.099 107.889 107.219 107.999 108.879 108.686 107.194 106.409 103.646 103.274 104.264 103.231 103.101 103.061 104.774 104.469 107.751 103.151 104.806 104.801 102.561 102.556 102.531 102.471 102.316 103.304 105.094 103.416 103.239 101.881 101.846 101.726 101.671 101.626 104.946 106.186 105.591
102.149 102.366 104.089 115.159 112.924 111.144 112.176 111.021 109.904 105.984 106.526 105.169 104.771 106.444 104.521 104.364 104.414 104.446 104.491 105.081 106.021 105.054 104.466 104.529 106.371 106.861 108.499 108.919 109.336 110.671 109.719 108.779 109.021 107.989 110.401 109.324 107.466 106.856 106.654 104.889 104.171 103.854 104.251 104.269 104.304 105.369 105.286 103.039 103.019 103.064 102.739 102.706 102.664 102.591 102.479 102.374 102.566 103.046 102.561 102.491 102.246 102.651 105.884 103.641 106.104 106.614 107.766
103.224 103.529 102.904 112.326 110.021 110.004 114.871 111.034 111.114 107.996 105.854 106.584 108.949 108.571 105.771 104.466 107.121 105.761 107.669 105.666 109.466 109.341 107.524 105.229 106.734 111.614 109.694 109.491 109.059 110.554 110.239 108.914 111.139 110.071 105.671 109.651 107.066 108.586 107.431 105.936 104.644 105.254 105.784 105.031 104.289 106.221 103.971 103.529 103.159 103.011 102.964 102.939 103.071 102.761 102.616 102.569 102.636 103.281 103.839 104.379 107.724 104.236 106.134 107.846 108.246 107.949 107.389
104.314 105.921 108.836 109.516 111.161 111.859 113.484 113.189 111.691 107.409 108.906 109.734 109.456 110.554 108.639 107.926 110.716 108.966 110.109 110.911 109.886 109.861 108.284 108.134 107.599 108.871 110.161 111.856 110.371 111.361 109.234 108.166 107.984 109.216 109.049 106.166 110.954 109.174 108.349 107.211 108.066 105.931 107.406 104.159 103.691 107.191 104.471 104.166 104.861 104.346 103.304 103.979 105.339 106.496 106.114 104.656 106.151 105.899 105.661 105.391 108.126 110.851 110.026 108.651 107.784 108.639 107.716
103.166 105.224 105.659 107.824 109.504 109.551 106.534 111.836 112.844 110.106 109.861 109.019 110.429 109.929 108.011 111.681 111.789 110.761 112.191 110.371 110.926 111.334 109.894 109.356 109.579 109.371 110.029 112.549 112.239 111.896 108.934 109.684 108.964 110.391 108.799 107.776 105.609 104.644 109.949 108.539 108.104 106.001 106.659 103.871 104.571 104.764 107.306 107.816 110.259 109.309 105.044 105.221 107.404 113.891 111.581 113.009 110.321 109.724 107.601 109.196 110.171 110.064 108.486 110.211 108.679 110.709 109.266
107.421 106.911 108.529 105.429 104.936 106.986 110.704 109.119 111.286 112.181 110.869 108.351 111.509 111.034 110.679 111.429 110.766 109.619 111.454 109.761 113.266 114.586 112.161 111.434 106.944 108.179 111.004 111.201 112.624 111.206 110.711 110.836 108.296 110.974 109.706 108.226 105.954 107.251 110.561 109.674 107.264 107.231 108.854 106.364 104.184 104.269 111.906 113.274 116.656 115.684 108.399 105.566 104.919 111.911 112.444 112.376 109.146 111.836 109.199 108.189 110.159 107.364 107.754 109.141 105.404 106.541 107.941
106.246 104.491 105.384 106.911 106.456 106.074 106.346 110.056 112.234 111.501 110.041 110.789 109.861 113.256 110.656 108.556 108.059 110.406 111.979 111.009 112.049 113.211 110.001 110.141 106.884 107.454 109.901 110.599 111.721 110.876 112.119 111.121 108.751 110.734 108.456 107.849 105.501 106.344 107.531 108.494 107.129 107.966 109.469 107.864 105.096 107.409 110.676 110.816 114.199 109.444 105.084 103.924 103.891 104.614 105.891 110.669 106.941 109.194 107.629 108.229 109.641 110.909 108.059 106.739 105.949 107.439 107.211
105.896 106.334 105.699 109.901 113.614 112.984 104.584 105.046 107.739 112.979 109.246 109.416 112.661 110.461 108.884 108.509 109.339 108.184 111.176 110.746 110.919 110.606 113.214 108.311 106.941 108.721 108.214 109.009 110.526 110.196 111.286 108.671 109.829 109.739 107.756 107.304 107.391 108.994 108.509 108.226 108.809 109.076 109.189 108.549 107.804 108.049 105.651 104.771 107.609 105.121 104.491 104.639 105.391 105.134 106.329 105.281 104.111 103.856 103.941 109.994 108.344 103.264 108.826 109.449 106.499 106.434 104.591
103.609 108.399 109.011 108.321 108.189 110.256 107.144 106.564 108.509 108.941 108.656 108.636 113.736 110.721 110.594 107.879 107.691 109.499 112.224 109.871 108.844 111.211 110.046 107.644 105.416 107.516 108.886 109.709 108.964 106.931 107.189 109.074 108.921 108.966 108.889 108.931 108.864 109.174 108.979 108.966 108.984 108.979 108.866 109.569 110.429 109.524 104.171 104.056 107.359 109.529 110.169 109.639 109.994 108.451 107.519 106.466 104.034 103.969 103.861 106.904 106.644 109.471 110.549 109.154 108.461 104.599 107.676
105.656 106.729 106.371 106.489 111.236 105.739 103.974 106.469 107.979 108.289 108.711 107.141 108.204 108.244 109.331 105.904 105.491 106.479 108.544 109.431 107.974 106.054 106.781 105.406 105.399 108.074 108.491 106.754 107.549 106.816 105.189 108.919 108.924 108.894 108.886 109.089 109.344 109.431 109.509 109.604 109.651 109.704 109.061 109.744 111.186 109.826 105.641 106.811 109.471 110.934 111.329 111.221 110.856 109.329 107.711 105.606 104.116 104.064 103.984 104.911 108.574 110.606 106.379 110.556 105.046 108.101 109.569
106.099 108.796 107.329 108.216 108.104 107.616 107.241 108.964 108.694 108.729 108.834 110.846 111.984 108.189 107.874 107.684 105.406 105.236 105.494 105.899 105.891 104.991 104.984 105.019 105.016 105.261 106.429 106.676 105.141 105.289 105.554 108.516 108.899 108.949 108.924 109.044 110.071 110.074 110.084 110.126 110.089 109.974 108.991 109.709 111.291 111.161 110.756 111.236 110.321 111.106 111.089 111.039 109.356 108.286 107.686 105.146 104.224 104.181 104.096 104.569 110.516 111.484 109.451 110.456 106.371 104.996 106.594
102.479 107.086 107.331 109.966 110.411 108.304 107.101 109.631 111.504 108.066 111.176 111.641 115.221 110.754 108.709 105.746 105.279 105.134 105.149 105.084 105.064 105.006 104.979 104.966 105.024 104.961 104.939 104.951 104.996 104.999 106.099 108.919 108.921 108.909 108.936 109.144 109.749 109.674 109.611 109.546 109.469 109.316 108.929 109.416 111.214 111.069 110.591 110.931 110.609 111.211 110.856 111.029 109.586 107.534 107.504 105.919 104.241 104.229 104.661 105.849 109.034 108.231 108.436 108.159 106.401 105.379 106.511
