LIDAR-DSM-2M-TQ28ne/tq2686_DSM_2M.asc
ncols 500
nrows 500
xllcorner    526000
yllcorner    186000
cellsize     2
NODATA_value -9999
[rows 180 to 209 of 500, columns 340 to 407 of 500]
117.103 116.738 121.053 121.488 122.373 121.498 129.13 119.635 114.928 114.363 115.918 114.683 117.595 117.143 115.478 115.323 111.755 109.58 109.475 109.625 109.88 109.988 110.623 109.785 109.733 111.838 114.328 108.963 112.89 118.03 112.65 112.38 114.48 109.34 108.465 108.645 114.693 116.853 115.038 109.873 108.633 112.873 110.523 107.69 107.383 106.948 106.873 106.538 106.34 106.228 106.093 107.568 105.825 105.71 105.62 106.22 105.383 109.06 105.508 111.92 111.283 106.483 105.638 107.395 104.518 107.59 108.145 112.148
113.508 114.4 116.665 117.048 123.19 118.245 119.785 113.085 112.518 113.833 111.005 116.29 118.27 116.965 122.19 120.635 117.475 112.468 109.488 109.395 109.648 110.403 110.27 109.65 109.668 109.408 111.05 108.875 112.765 115.068 112.903 116.275 114.62 112.258 108.835 110.568 115.113 112.668 119.165 111.56 110.015 110.735 107.928 107.158 106.893 106.683 106.51 106.408 106.245 110.638 112.953 114.473 110.548 106.51 105.805 106.113 107.035 106.295 105.185 106.49 110.1 106.16 105.003 104.64 104.485 104.395 106.183 107.713
115.818 115.073 116.75 119.658 122.61 112.805 114.598 112.3 112.275 112.443 111.175 114.865 120.68 124.018 126.305 125.898 122.8 115.873 109.52 109.273 109.31 109.85 109.673 110.205 109.318 109.605 109.178 109.295 115.895 113.18 111.738 113.608 110.055 110.363 112.343 108.648 112.085 114.75 111.813 111.135 111.85 109.33 107.045 106.833 106.705 106.59 107.458 107.1 108.143 114.65 116.993 116.87 113.075 106.135 105.658 105.598 111.233 108.878 107.728 108.838 105.978 104.85 104.665 104.655 104.52 104.39 104.268 104.155
123.09 113.433 113.315 118.483 115.403 117.585 116.755 112.43 114.64 114.688 112.118 115.615 117.138 125.468 126.943 127.105 123.55 115.43 112.14 109.39 109.135 110.65 109.188 109.18 109.193 109.108 109.015 111.078 115.185 113.375 113.085 111.22 109.86 110.67 112.143 112.81 112.493 111.118 108.143 109.86 108.195 107.09 106.95 106.838 108.665 107.425 106.828 107.258 112.033 111.648 116.468 115.685 115.95 108.8 106.465 110.11 112.81 107.145 111.22 110.108 108.89 105.303 105.49 104.465 104.453 104.363 104.26 104.098
125.098 113.378 116.055 113.333 116.528 118.518 114.738 114.908 114.515 115.768 114.208 115.573 117.15 123.323 126.553 124.87 121.905 120.928 117.72 110.39 109.255 108.993 108.955 109.233 109.3 109.045 108.913 110.083 111.44 110.515 112.715 109.56 112.548 114.258 111.318 109.508 108.3 115.638 108.265 109.52 110.313 107.588 108.735 106.928 110.248 110.808 110.113 107.575 111.798 110.248 111.538 115.285 114.638 110.578 108.113 107.343 108.038 107.755 111.885 110.178 109.838 109.785 111.83 106.083 105.338 104.213 104.173 105.235
124.58 113.298 112.815 114.083 116.783 115.805 114.715 116.143 114.638 113.8 114.938 115.998 116.673 121.173 126.88 122.948 123.743 118.978 118.068 114.29 109.463 109.193 108.968 108.915 108.898 108.935 109.038 111.695 112.918 111.45 113.795 111.95 112.16 108.465 111.223 112.423 113.543 113.638 108.375 117.048 115.01 112.893 109.84 108.715 113.318 113.228 110.338 107.415 108.978 110.898 110.385 116.545 111.953 110.6 109.788 108.978 109.168 110.935 113.1 112.278 108.645 107.503 112.348 108.385 107.5 104.355 104.095 106.138
114.745 113.66 113.18 113.395 115.67 114.535 114.905 113.095 115.018 114.253 115.795 116.255 115.258 120.18 123.57 122.978 120.72 120.543 119.375 115.253 109.568 109.423 109.195 108.953 108.823 110.223 110.16 112.893 114.333 111.42 113.01 117.64 114.373 110.743 114.675 118.408 117.4 113.415 113.94 114.833 112.458 109.815 110.053 111.965 111.985 111.93 109.303 109.515 113.858 115.33 113.268 115.88 113.505 113.05 113.755 113.02 113.135 114.185 112.083 110.648 112.23 112.703 113.318 112.57 106.848 110.945 107.925 104.54
113.078 115.56 119.103 117.445 113.475 113.755 113.715 112.54 117.305 118.325 118.198 118.845 115.133 113.125 113.835 115.903 120.393 121.56 118.37 112.435 109.598 109.673 109.313 109.105 108.965 110.835 112.138 114.108 112.598 114.595 114.125 115.658 111.37 109.885 119.13 113.285 112.55 111.67 114.868 115.005 109.853 109.208 111.16 108.878 111.73 111.673 109.153 110.39 109.358 117.565 112.898 112.07 114.253 111.733 110.263 110.738 110.965 109.215 112.655 112.4 112.018 111.228 110.128 109.493 107.93 113.568 106.11 105.185
114.188 121.558 125.03 124.963 116.99 115.51 115.863 115.47 116.33 118.763 119.303 123.26 121.398 112.535 110.825 110.74 113.613 114.555 112.985 109.615 109.518 109.433 109.248 109.183 110.168 110.205 113.328 111.203 113.813 114.46 112.463 111.34 112.505 114.035 117.04 111.835 115.145 113.123 112.255 108.723 115.028 108.935 110.955 109.345 111.195 111.055 109.145 110.265 112.753 113.303 114.328 111.673 113.048 110.788 108.893 109.888 112.07 113.333 114.718 113.493 112.36 112.073 112.668 108.928 108.703 110.775 109.038 106.878
114.775 119.45 125 124.673 117.578 117.158 117.175 115.85 113.623 115.298 120.74 123.333 120.955 113.963 111.435 110.858 110.685 110.688 110.005 109.595 109.525 109.498 109.38 109.348 109.558 109.36 109.765 108.93 108.82 110.02 108.543 109.098 109.375 117.84 114.253 121.3 108.913 112.8 111.823 112.288 112.338 108.243 107.565 107.788 110.455 110.153 108.965 109.533 111.995 111.68 110.823 113.04 110.49 110.795 109.72 110.298 111.873 116.52 112.17 112.64 112.495 109.945 110.635 112.63 111.618 108.483 108.058 108.2
116.77 120 116.188 116.785 118.09 119.345 118.13 115.09 112.76 116.308 122.658 124.175 119.938 112.158 114.285 114.235 115.833 111.683 111.9 110.123 110.48 109.54 109.475 109.425 109.343 109.185 109.73 108.943 108.86 109.588 108.645 108.453 109.728 111.985 116.968 112.213 119.695 115.738 111.97 112.295 108.67 111.438 107.855 107.705 109.458 109.33 109.103 110.833 114.943 114.333 114.445 113.365 111.99 110.14 111.485 110.413 111.718 112.218 113.855 109.428 114.413 111.843 110.183 110.275 109.62 108.058 110.16 111.44
117.313 119.205 118.8 117.265 117.628 116.973 118.838 115.885 117.065 119.353 119.343 119.455 118.1 113.758 112.33 117.258 116.505 112.193 110.073 112 114.975 109.975 109.513 109.408 109.273 109.2 109.16 109.053 109.18 108.97 108.565 110.275 109.493 114.39 114.728 115.248 117.753 109.58 111.588 109.255 111.29 107.54 108.358 108.448 110.42 109.843 110.798 109.125 111.098 113.043 111.58 111.038 112.465 110.663 109.35 109.878 113.828 113.245 112.348 110.33 112.308 109.035 109.238 111.633 111.008 110.363 109.888 114.948
118.543 119.988 116.263 126.3 126.588 115.233 115.2 119.718 117.715 117.44 119.038 116.4 116.42 115.188 118.15 114.135 114.465 110.068 113.408 114.918 116.148 111.903 109.49 109.41 109.35 109.385 109.315 109.22 109.633 109.338 108.533 108.38 110.295 113.773 112.18 111.053 113.838 113.95 108.583 109.29 109.533 108.005 107.783 108.873 109.918 109.37 108.943 108.79 109.983 109.935 109.148 110.898 110.945 109.775 108.673 108.585 111.09 110.723 113.575 108.903 109.72 112.11 112.06 111.89 110.13 114.648 113.63 113.398
121.295 116.63 115.243 120.408 121.4 118.785 116.3 119.658 117.23 121.168 119.005 116.273 115.1 119.29 115.79 114.873 112.623 115.18 113.87 116.8 114.978 111.035 109.59 109.645 109.68 109.838 110.57 110.033 109.65 109.01 109.29 109.245 111.38 117.4 112.63 113.393 113.758 107.925 111.07 112.833 111.53 110.365 110.733 108.37 109.175 108.873 108.653 108.593 108.66 108.908 111.293 110.485 110.935 109.735 109.595 108.953 109.923 111.76 111.32 109.193 111.18 109.55 110.208 111.595 108.58 108.288 111.165 108.185
117.855 119.043 116.868 120.933 120.73 114.91 120.498 119.945 120.673 118.615 117.498 116.44 116.638 116.615 113.65 114.585 116.723 117.225 115.23 113.373 110.553 109.798 109.825 110.115 110.083 110.238 110.178 110.01 109.653 109.53 110.11 112.525 109.1 115.398 112.463 110.533 108.633 107.79 108.718 115.073 110.588 109.223 110.875 108.935 108.515 108.735 108.678 108.863 108.968 111.108 114.708 113.37 112.885 110.478 108.953 108.768 108.448 108.41 108.325 108.21 108.27 109.648 107.91 110.89 110.86 108.533 110.493 108.943
119.948 121.323 122.813 114.605 123.675 118.71 121.93 121.898 121.095 118.085 115.868 118.6 115.2 113.968 114.773 118.39 114.91 114.63 112.843 110.045 109.968 110.075 110.003 109.648 109.74 109.668 109.468 109.163 108.815 108.713 108.57 112.033 115.98 113.645 111.595 110.05 108.01 107.83 108.52 111.695 113.44 111.555 109.218 108.793 108.425 108.563 108.565 108.52 110.44 112.57 111.255 109.645 111.03 108.698 108.91 108.908 108.98 110.423 108.655 108.238 108.083 108.413 109.953 117.49 113.075 115.218 113.39 110.003
130.045 129.585 128.49 120.33 124.523 121.565 117.67 113.238 113.2 114.293 115.3 119.495 116.548 112.703 111.935 112.073 112.025 112.443 112.85 112.18 110.48 110.233 109.918 109.59 110.015 109.43 109.443 108.86 108.76 109.378 109.168 111.433 113.073 111.35 117.035 117.955 117.065 113.94 109.703 108.688 107.96 108.095 109.285 109.088 108.235 108.763 108.438 109.158 108.475 109.993 114.62 110.5 108.828 108.605 110.505 114.865 109.858 113.87 110.1 113.36 109.825 108.06 111.093 111.665 111.51 114.223 116.168 115.18
127.298 130.073 130.005 127.858 126.018 119.728 114.073 117.613 114.068 114.73 119.74 117.79 116.323 111.035 110.655 111.998 114.48 113.77 113.785 115.493 111.408 109.813 109.41 109.273 109.03 110.563 109.463 108.71 108.5 108.268 108.318 111.135 119.268 114.89 115.038 114.668 114.56 120.403 111.805 108.953 107.868 107.918 108.503 108.245 109.343 108.32 109.785 109.308 108.348 109.373 111.783 113.12 112.483 109.633 113.395 114.48 111.823 112.725 110.703 114.84 111.27 108.645 112.24 108.738 108.163 114.615 115.043 110.41
130.315 129.92 131 129.678 127.368 126.403 120.785 121.225 121.125 120.03 122.205 117.343 113.983 111.595 112.205 113.9 116.333 114.353 112.895 115.718 112.418 109.715 109.1 108.84 108.703 108.728 108.593 108.33 108.245 108.398 108.158 107.973 111.998 117.303 116.383 114.893 116.633 114.123 108.5 110.14 108.29 108.875 111.738 113.748 112.75 115.483 113.038 111.14 108.92 112.048 110.2 111.013 113.53 111.273 112.903 111.483 110.165 111.475 110.91 112.738 108.423 110.19 113.653 112.098 108.378 110.06 111.853 110.735
129.65 129.353 130.443 127.545 126.195 122.968 121.365 122.383 122.533 118.003 120.358 115.548 111.423 113.73 115.335 114.923 115.195 117.823 115.625 115.393 111.325 111.968 111.25 108.973 108.533 108.463 108.478 108.238 108.455 108.405 108.413 108.018 110.82 111.058 109.473 116.943 113.59 113.94 113.783 111.938 109.578 107.593 113.618 116.88 119.73 118.12 113.543 111.603 110.905 110.123 112.393 110.8 111.825 113.445 114.705 110.435 111.993 114.53 114.698 112.503 116.883 108.963 108.335 113.243 113.478 107.573 110.995 112.78
126.945 129.108 126.028 116.443 120.565 121.088 120.26 122.12 121.965 120.618 116.198 112.428 111.225 111.828 114.9 112.115 120.05 114.92 114.25 111.165 110.573 109.318 112.563 109.805 108.65 108.258 108.053 108.253 108.325 108.215 108.353 107.863 108.125 109.658 108.71 111.938 114.508 113.9 114.18 112.145 109.65 110.188 111.443 115.083 112.428 114.988 110.608 110.578 110.855 108.073 113.14 112.588 110.235 113.193 110.818 114.528 116.37 116.418 113.673 118.79 115.098 109.853 110.5 112.733 115.798 108.028 108.055 113.385
121.048 125.883 117.765 118.188 118.138 119.263 119.603 120.655 118.903 119.29 113.963 111.155 111.095 113.265 115.018 114.463 116.323 116.88 111.96 109.993 114.6 114.25 111.708 109.043 108.49 108.178 109.123 107.9 107.96 107.983 107.6 107.32 107.298 107.323 107.318 111.113 111.975 113.468 113.705 111.993 112.895 114.365 113.328 111.595 110.333 108.89 109.88 110.065 108.603 108.585 110.743 110.703 111.83 111.415 110.983 116.42 115.643 111.638 116.343 114.373 110.163 109.395 109.81 111.753 110.665 107.77 111.815 111.795
118.288 121.4 120.29 117.543 117.335 117.713 116.903 117.878 116.005 113.588 111.323 111.198 110.993 111.783 115.03 114.458 118.898 116.755 116.343 111.888 112.84 115.723 112.29 111.333 109.485 107.845 108.085 107.935 107.938 107.88 107.465 107.155 107.92 109.733 107.325 108.268 109.46 111.015 111.813 109.668 112.845 113.67 110.795 108.438 110.465 110.223 112.405 113.57 111.623 111.598 108.958 110.633 112.705 112.55 111.378 112.553 112.515 114.648 116.115 114.29 110.628 108.37 109.823 110.398 111.858 111.235 113.598 113.365
120.733 120.135 120.55 117.718 113.963 111.958 113.508 111.953 111.705 111.455 111.303 111.023 110.658 113.035 111.89 115.243 114.233 113.39 114.545 114.665 113.213 111.978 110.205 112.158 109.443 107.493 107.94 107.693 107.535 107.368 107.22 107.313 112.168 113.078 111.55 108.38 110.005 109.86 111.218 107.715 109.14 112.035 111.27 113.625 107.878 108.7 110.585 114.695 114.265 110.475 110.458 111.078 111.878 111.835 111.618 110.908 111.375 110.268 110.05 114.56 111.963 113.588 114.34 107.853 110.095 112.218 115.828 112.958
120.545 120.69 117.8 116.415 112.185 111.923 111.778 111.733 111.67 111.973 111.133 110.685 110.283 110.608 112.21 111.29 115.368 113.383 111.715 111.365 113.315 115.995 110.105 111.718 108.96 107.555 107.363 107.455 107.11 107.04 106.88 110.333 113.085 116.205 112.908 109.265 108.27 107.778 108.878 110.208 110.53 115.28 117.64 114.853 108.858 109.405 113.353 114.553 113.703 108.958 110.69 114.685 115.675 109.668 112.463 111.388 110.64 110.05 110.323 111.293 111.873 117.643 113.175 108.74 111.408 111.345 114.328 114.435
116.575 118.67 113.855 112.343 112.013 111.893 111.81 112.465 111.56 112.998 111.938 110.485 109.915 109.543 109.455 110.25 111.658 109.963 111.375 111.315 114.52 110.828 108.09 111.425 111.148 107.818 107.583 107.113 106.925 106.728 107.793 108.783 109.623 113.788 107.76 110.37 111.58 110.248 108.473 108.923 110.733 110.26 114.19 113.083 110.8 109.408 111.378 110.87 110.118 109.86 110.25 111.953 108.57 107.865 109.935 109.143 110.823 111.978 111.623 111.023 110.168 112.135 110.275 108.728 110.15 111.57 110.975 109.558
113.123 112.823 112.25 112.135 111.865 111.71 111.548 112.138 112.235 114.21 114.785 111.62 109.633 109.393 109.32 109.19 108.818 108.603 109.04 111.783 111.278 110.355 109.45 109.303 107.573 107.82 106.903 106.768 106.668 106.668 107.175 107.825 111.125 109.495 110.265 110.22 110.485 110.85 110.728 108.12 107.923 112.01 114.498 111.328 111.358 109.34 108.173 107.275 109.293 109.833 110.633 110.658 107.715 108.998 110.183 110.733 112.613 112.598 109.83 108.528 108.465 109.955 112.055 110.748 109.92 108.328 112.258 108.923
113.155 112.343 111.88 111.603 111.415 111.138 110.953 110.748 112.518 113.115 111.5 109.565 109.353 109.728 109.52 108.723 108.555 108.565 108.295 110.325 110.685 111.17 107.19 106.95 107.01 106.91 106.683 106.71 107.088 106.523 107.743 108.715 110.018 109.753 110.735 109.435 109.36 111.233 110.335 112.155 110.493 112.018 112.735 112.735 110.823 110.193 109.82 109.015 109.63 109.145 107.605 111.515 111.928 113.178 110.28 112.495 112.233 112.66 113.275 109.183 108.433 114.263 109.958 107.643 110.945 111.57 110.435 109.883
112.12 111.923 111.475 111.043 110.82 110.623 110.378 110.205 110.045 109.823 109.483 109.328 110.3 113.008 110.113 108.335 108.953 108.038 108.59 117.423 113.035 109.765 108.49 106.833 106.398 106.37 106.305 106.655 108.163 108.76 106.913 106.43 106.513 106.788 109.58 111.773 110.195 109.943 107.423 109.723 108.843 112.343 109.12 106.935 108.973 111.173 112.003 109.74 107.773 112.68 114.56 111.63 114.868 115.495 110.605 113.638 113.973 109.225 112.613 115.19 110.64 111.71 110.795 107.555 110.593 111.198 111.443 114.065
111.908 111.583 111.355 111.28 111.525 110.483 110.093 109.883 109.668 109.49 109.323 111.53 111.968 112.118 108.935 112.178 109.408 107.92 110.953 110.825 111.5 109.275 111.06 106.56 106.218 106.295 106.395 106.748 107.733 107.585 108.66 106.013 106.64 106.49 108.383 107.303 109.81 112.015 109.918 110.178 108.46 108 108.745 110.835 111.91 110.893 114.13 111.695 111.31 109.038 110.635 111.738 114.453 110.37 110.368 112.613 110.405 113.62 112.983 115.615 113.928 109.915 107.508 109.033 107.388 107.88 109.095 110.823
