LIDAR-DSM-2M-TQ28ne/tq2688_DSM_2M.asc
ncols 500
nrows 500
xllcorner    526000
yllcorner    188000
cellsize     2
NODATA_value -9999
[rows 160 to 191 of 500, columns 0 to 70 of 500]
69.684 67.601 67.391 66.864 66.829 67.201 66.744 66.544 66.501 66.439 67.014 67.446 66.376 66.164 66.116 66.054 66.119 68.299 65.899 65.854 65.851 65.819 67.199 67.999 68.126 67.066 65.691 66.236 69.436 72.156 73.496 73.164 71.594 68.054 65.554 66.219 65.166 64.794 64.744 64.859 64.786 64.654 64.724 65.311 65.336 64.826 65.364 70.514 72.381 73.449 72.923 70.878 65.396 64.693 64.328 64.193 64.123 64.086 64.056 64.031 64.006 67.778 73.556 75.703 75.686 73.371 65.793 64.158 63.731 63.636 63.578
67.596 66.884 66.816 66.794 66.766 67.149 66.701 66.534 66.484 66.431 66.354 67.864 66.226 66.159 66.114 66.069 66.096 67.801 66.571 66.789 66.184 66.451 67.019 66.704 66.286 65.806 65.801 65.561 68.261 71.909 73.064 73.561 72.306 71.091 66.491 65.691 66.676 65.254 65.146 65.354 64.786 64.726 64.666 64.741 65.189 65.469 64.459 70.699 72.521 73.361 73.278 72.131 67.436 64.581 64.286 64.246 64.181 64.108 64.061 64.181 64.351 65.181 72.313 74.918 74.448 72.198 65.166 63.738 63.653 63.621 63.571
67.346 66.836 66.819 66.809 66.786 67.096 67.581 66.601 66.454 66.411 66.359 67.281 67.421 66.164 66.124 66.249 66.494 66.856 68.161 69.024 67.249 66.706 65.911 65.894 65.846 65.766 65.714 65.671 65.531 71.956 72.866 72.466 71.904 69.941 66.264 66.911 66.484 64.896 64.801 65.866 64.836 64.801 64.639 64.721 64.819 64.541 64.444 69.369 71.531 72.971 73.378 72.608 70.936 66.928 64.338 64.921 64.216 64.298 64.501 65.818 66.083 67.211 69.971 70.978 69.958 65.073 63.851 63.781 63.753 63.718 63.581
67.681 66.806 66.809 66.839 66.811 66.809 67.701 66.589 66.441 66.411 66.376 66.356 68.054 66.564 66.569 66.531 67.214 68.521 68.811 69.694 71.306 68.924 66.126 65.864 65.864 65.811 65.909 65.999 65.766 69.751 72.036 69.701 66.346 65.519 66.881 67.991 66.669 64.921 64.866 64.934 64.891 64.824 64.706 64.714 64.944 64.624 64.509 66.341 69.561 72.239 73.321 72.981 71.868 69.656 66.368 71.198 68.531 66.133 66.381 66.241 65.428 64.881 65.923 65.288 65.113 63.816 63.728 63.761 64.238 63.813 63.593
67.464 67.029 66.829 66.829 66.866 66.824 67.231 68.329 67.234 66.351 66.321 66.301 66.714 67.041 67.076 67.719 70.101 68.989 68.484 69.269 71.716 71.011 66.151 65.871 65.861 65.826 66.004 65.986 66.294 66.541 66.531 66.989 67.361 67.149 66.781 65.664 65.011 64.926 64.846 64.846 64.834 64.849 64.744 64.679 64.811 65.059 64.634 64.534 66.361 71.384 72.063 71.208 70.691 67.408 67.938 72.871 70.593 66.338 64.621 64.226 64.018 63.963 64.048 64.656 65.466 64.273 64.421 63.928 63.838 63.846 64.521
67.011 67.696 66.829 66.851 66.869 66.844 67.091 68.901 66.681 66.306 66.284 66.269 66.466 69.581 71.149 71.794 71.854 70.094 67.286 68.149 69.514 69.676 67.019 65.844 65.836 65.861 67.711 66.721 67.359 67.106 66.986 67.256 66.766 65.529 66.271 65.979 64.999 65.121 65.486 65.109 64.861 64.829 64.814 64.681 64.736 64.954 64.554 64.831 64.574 70.001 68.533 66.508 66.386 66.711 66.383 68.391 65.588 64.161 64.048 64.001 63.976 63.926 63.956 64.176 65.516 67.648 66.338 64.586 65.128 65.868 65.716
66.924 66.996 66.844 66.844 67.904 68.536 70.944 69.671 67.621 69.081 68.129 69.961 71.001 72.029 72.804 73.401 72.546 70.194 66.456 68.014 68.771 68.049 66.286 65.786 66.289 66.776 67.094 68.564 68.304 67.551 66.709 65.674 65.254 65.186 65.141 65.471 65.006 65.061 65.024 64.899 64.771 64.786 64.799 65.169 64.954 64.886 64.664 65.086 65.619 67.229 66.328 64.961 67.528 69.538 68.646 64.746 64.606 64.083 64.036 64.018 64.006 63.951 63.981 64.821 66.386 68.891 67.278 65.656 66.826 68.851 65.543
66.981 66.946 67.036 66.951 69.741 72.416 72.936 72.006 68.314 69.204 71.231 72.139 73.126 73.984 75.184 74.504 73.254 71.641 68.111 66.606 68.486 69.439 67.981 66.326 66.296 66.424 67.199 67.774 67.016 66.401 65.356 65.284 65.234 65.206 65.151 65.051 65.004 64.961 64.931 64.829 64.734 64.719 64.776 65.046 65.859 64.724 65.354 65.611 65.326 65.969 66.056 68.341 71.648 71.226 69.301 65.958 64.486 64.136 64.068 64.041 64.308 65.503 64.508 67.408 68.138 71.436 71.148 67.661 69.498 71.738 64.946
67.674 66.966 67.186 67.691 69.031 72.551 73.139 72.504 69.281 68.996 69.846 72.114 73.769 74.611 74.156 73.164 72.366 71.599 69.564 66.616 68.924 73.861 73.256 70.174 68.254 67.436 67.461 66.571 66.651 66.644 65.356 65.344 65.321 65.166 65.121 65.106 65.081 65.159 65.339 64.876 64.811 64.684 64.771 64.754 64.706 64.681 64.841 64.996 65.061 64.564 66.431 68.516 71.601 71.956 70.006 66.811 65.508 64.248 64.276 64.176 65.458 65.828 65.811 68.008 68.428 71.846 69.668 66.958 68.966 65.061 63.683
68.984 67.481 69.249 71.954 73.261 73.596 72.656 71.711 69.329 67.784 69.251 71.311 73.019 72.981 72.116 70.661 67.884 67.876 66.454 66.439 69.276 73.736 73.486 70.824 66.884 65.686 66.026 67.169 65.679 65.606 65.376 65.359 65.274 66.414 65.899 65.569 66.066 66.049 65.811 65.799 64.996 64.786 64.736 64.759 64.749 64.651 64.691 65.121 65.016 64.784 71.053 72.026 72.941 72.458 70.593 68.658 67.758 65.541 65.258 65.841 66.681 66.366 65.118 65.066 67.008 68.091 67.826 69.166 67.943 63.673 63.666
70.949 72.111 73.599 74.166 74.674 74.399 73.011 70.991 67.371 66.861 67.074 68.989 71.799 70.809 67.269 67.091 66.556 66.166 66.129 66.966 66.669 69.174 68.379 69.596 65.761 65.631 65.614 65.571 65.494 65.424 65.394 65.431 65.489 65.689 66.366 66.656 65.514 65.269 65.099 65.186 65.536 64.749 64.749 64.749 64.701 64.611 64.671 65.034 64.796 64.839 69.303 71.593 73.391 73.158 71.238 68.901 68.466 67.883 65.941 65.106 64.566 64.258 64.081 64.051 64.251 67.253 71.016 68.408 66.888 64.488 65.291
73.604 74.544 74.979 75.259 75.421 74.464 73.444 71.776 68.139 67.234 66.949 67.301 68.809 67.276 66.456 66.591 67.379 66.636 66.956 66.891 66.761 67.261 69.879 70.536 67.301 65.679 65.584 65.514 65.471 65.499 65.531 66.184 66.741 66.319 65.596 65.301 65.214 66.354 65.124 65.004 64.854 64.766 64.996 64.794 64.726 64.621 64.641 65.116 64.694 64.869 66.371 70.913 72.878 74.148 71.923 70.038 66.638 65.453 64.371 64.313 64.241 64.336 64.101 64.061 64.108 64.461 66.621 67.193 65.918 64.933 63.833
75.159 75.274 74.966 74.404 73.791 73.171 72.569 71.666 68.671 67.071 67.416 66.594 66.591 67.279 66.426 66.571 66.994 66.596 66.169 67.471 66.304 67.531 68.644 67.594 66.389 66.319 65.624 65.624 65.589 66.249 66.466 65.836 65.541 65.389 65.879 67.119 70.031 71.121 67.771 65.031 64.949 64.884 65.149 65.396 64.724 64.684 64.654 64.984 64.794 64.741 65.266 69.561 72.186 74.008 72.583 70.691 67.893 64.453 64.341 64.291 64.243 64.191 64.373 64.521 64.136 64.423 65.726 66.268 64.076 64.428 64.198
74.884 74.281 73.621 73.064 72.066 69.986 67.221 67.136 66.731 67.244 72.311 67.369 66.591 66.939 66.936 66.396 66.151 66.189 66.811 66.814 66.164 67.724 67.196 65.751 65.759 65.719 65.691 66.806 67.041 66.014 65.574 65.566 65.446 68.814 71.299 72.309 72.704 71.856 68.964 65.341 64.984 65.274 64.791 64.824 64.671 64.734 64.674 65.189 65.264 64.959 64.846 68.331 71.501 73.296 73.196 71.386 69.231 65.461 64.468 64.301 64.243 64.186 65.006 65.341 64.573 65.068 65.708 65.811 64.603 64.228 64.078
73.521 72.944 71.229 68.636 67.246 68.709 67.221 66.716 66.719 66.909 71.374 67.989 66.429 66.336 66.246 66.474 66.634 66.186 66.171 65.996 65.924 66.584 67.116 65.849 65.901 66.721 66.781 65.851 65.724 65.659 65.589 65.541 65.474 67.041 72.166 73.044 73.596 72.329 69.829 65.139 65.074 65.696 65.319 64.689 64.676 64.716 64.926 64.891 65.244 64.674 64.581 66.463 71.116 72.531 72.291 72.213 70.178 67.928 64.401 64.588 64.371 64.361 64.596 65.233 66.096 66.638 66.181 66.898 66.048 64.031 63.708
70.421 67.956 67.219 66.959 66.906 67.831 68.784 66.889 66.714 66.814 66.519 66.464 66.344 66.221 66.189 66.394 66.159 66.124 66.001 66.014 66.924 66.226 65.909 66.796 67.056 65.994 65.886 65.794 65.754 65.704 65.651 65.611 65.546 65.529 70.669 72.206 73.516 72.826 70.411 65.186 65.076 65.011 65.169 64.696 64.656 64.696 65.376 65.626 64.856 64.776 64.691 64.631 69.923 70.666 70.588 71.886 70.711 68.913 65.843 66.208 65.421 66.003 65.721 65.451 64.863 64.158 65.193 65.848 66.083 63.733 64.813
67.036 67.021 67.046 66.964 66.919 67.314 68.969 67.521 66.816 66.604 66.484 66.349 66.304 66.299 66.251 66.191 66.131 66.109 66.094 66.376 66.961 67.041 66.026 66.539 67.069 66.311 66.166 65.799 65.759 65.731 65.689 65.624 65.539 65.404 66.314 71.631 72.526 72.116 70.944 65.649 65.426 65.676 65.671 64.721 64.621 64.696 64.656 65.166 64.686 64.706 64.618 64.513 65.381 65.168 69.538 69.803 67.478 66.016 65.853 66.081 65.796 64.898 64.301 64.201 64.163 64.096 64.076 64.028 66.773 64.081 66.163
67.714 67.054 67.031 66.954 67.101 67.111 67.239 66.729 66.889 66.836 66.474 66.434 66.349 66.264 66.174 66.171 66.204 66.499 67.144 66.831 66.299 66.146 66.129 66.234 67.411 66.221 66.209 65.819 65.776 65.736 65.679 65.641 65.541 65.424 65.371 69.646 69.901 67.969 66.876 66.071 66.089 66.001 65.329 64.764 64.614 64.664 64.686 64.589 64.571 64.664 64.611 64.526 64.456 64.701 65.536 64.953 65.843 68.231 66.361 64.323 64.331 64.311 64.253 64.216 64.171 64.123 65.048 64.628 66.006 66.663 64.733
67.539 67.134 67.346 66.884 66.861 66.794 66.851 66.944 67.311 66.679 66.481 66.409 66.326 66.319 66.271 66.844 66.916 66.746 66.861 66.774 66.194 66.509 68.414 67.601 66.731 67.469 65.901 65.829 65.779 65.724 65.676 65.611 65.554 65.474 66.551 66.481 66.326 67.909 69.019 70.359 66.004 65.681 65.471 64.804 64.669 64.616 64.694 64.589 64.541 64.726 65.203 64.853 64.863 65.443 68.433 70.248 71.518 71.878 68.816 64.506 64.353 64.321 64.278 64.248 64.216 64.141 64.708 64.311 64.673 67.543 65.871
67.819 67.186 67.011 66.901 66.819 67.886 67.679 66.691 66.599 66.524 66.511 66.466 66.481 66.764 66.446 66.426 66.421 66.369 66.589 66.894 67.106 71.009 71.779 69.816 66.786 67.274 66.116 65.826 65.791 65.751 65.671 65.856 66.194 67.561 67.099 69.246 72.701 72.746 73.141 71.206 66.361 65.694 65.491 65.171 64.739 64.609 64.664 64.671 64.549 64.731 65.988 64.826 64.678 65.983 70.726 72.433 73.363 72.556 70.341 64.718 64.426 64.321 64.296 64.256 64.228 64.168 64.071 65.151 66.223 65.613 65.953
67.091 67.024 66.959 66.926 66.834 66.884 66.706 66.674 67.286 66.714 66.706 66.576 66.706 67.016 67.309 66.291 66.436 67.934 68.601 70.094 72.259 73.066 72.966 71.046 67.234 66.951 66.966 65.981 65.844 66.151 67.071 67.294 66.541 65.721 65.201 68.429 72.646 74.136 74.009 72.529 70.094 65.926 64.969 65.104 64.806 64.711 64.649 64.651 64.589 64.576 64.723 65.458 64.863 64.948 69.296 72.226 73.288 72.876 71.366 66.731 64.496 64.283 64.268 64.233 64.353 64.898 65.601 64.936 65.503 64.923 65.188
67.094 67.011 66.971 66.909 66.809 66.741 66.716 66.726 66.786 68.831 67.801 67.049 67.984 66.894 68.264 66.664 69.451 71.636 72.484 73.264 74.131 74.726 73.791 71.984 69.936 68.111 67.316 67.139 67.519 67.021 65.886 65.559 65.484 65.214 67.286 68.014 72.446 73.916 74.314 72.946 72.276 67.684 65.086 64.929 65.239 64.694 64.619 64.654 64.606 64.529 64.626 64.746 64.706 64.708 69.458 71.623 73.313 73.218 71.713 68.961 64.776 64.328 64.378 64.376 65.536 65.848 66.141 65.418 64.681 65.536 66.213
67.086 67.024 66.939 66.879 66.826 66.811 67.026 67.356 67.359 66.839 67.706 66.936 67.594 66.924 67.449 67.174 68.399 71.894 73.581 74.716 75.846 74.636 73.586 72.126 70.694 68.909 67.241 67.344 66.666 65.814 65.629 65.524 65.496 65.289 66.459 66.681 70.986 73.384 73.926 73.061 72.546 69.959 65.064 66.019 66.276 64.801 64.589 64.636 64.649 64.551 64.631 65.436 65.061 64.751 70.031 72.151 72.183 71.748 70.706 68.408 65.356 65.478 65.988 65.913 65.088 64.326 64.046 64.126 64.003 65.708 67.013
67.031 66.989 66.981 66.964 67.214 67.036 67.001 67.031 67.106 66.946 67.166 66.761 68.364 67.496 67.101 68.081 66.921 70.646 72.886 73.789 73.006 72.294 71.486 70.371 69.424 68.024 66.541 68.229 66.164 65.664 65.621 65.536 65.516 65.386 65.234 65.316 68.466 72.296 71.461 69.624 69.191 66.511 66.339 65.186 65.236 64.814 64.581 64.641 64.644 64.559 64.593 64.863 64.851 64.598 67.598 70.453 69.733 66.508 65.476 66.018 65.688 65.283 64.376 64.131 64.123 64.066 63.991 63.996 64.011 66.213 67.511
67.066 67.059 67.321 67.849 68.229 66.791 66.841 66.846 67.044 66.821 67.281 70.331 71.676 68.111 66.876 68.014 66.946 69.769 72.096 71.949 71.291 70.301 69.174 69.114 69.081 68.724 66.429 68.209 66.249 65.656 65.604 65.559 65.509 65.469 65.464 65.654 66.641 68.951 65.954 65.371 66.581 65.349 65.026 65.771 65.611 64.841 64.706 64.879 64.649 64.604 64.533 64.976 65.221 64.856 65.551 65.548 65.396 67.511 69.253 69.861 68.018 66.091 64.188 64.103 64.108 64.073 64.066 66.246 66.266 64.683 66.833
67.304 67.126 67.146 67.014 67.386 67.704 66.861 66.871 67.116 68.566 71.076 73.141 72.814 69.664 66.786 68.364 68.469 69.176 70.774 70.034 69.339 68.726 67.949 66.744 67.634 66.734 67.226 67.889 66.849 66.229 65.676 65.591 66.074 66.414 66.751 66.559 66.149 67.174 69.951 71.889 70.341 65.521 66.569 65.484 65.266 64.954 64.669 65.531 64.634 64.569 64.528 64.768 66.036 65.451 64.838 64.278 64.993 70.686 71.873 70.638 68.521 66.503 64.448 64.146 65.651 67.976 67.806 70.771 69.088 65.983 65.806
67.651 67.139 66.991 66.981 67.699 69.666 67.611 69.229 70.241 73.281 74.006 74.616 73.569 72.074 67.434 67.394 68.311 68.704 68.161 67.444 66.639 66.326 67.919 66.299 66.186 66.169 66.164 66.941 67.824 67.629 66.826 67.134 67.066 66.579 65.754 65.814 65.694 69.314 71.234 72.974 72.001 72.161 70.491 65.206 64.809 64.904 65.201 64.836 64.614 64.594 64.566 64.521 64.566 64.503 64.411 66.323 69.286 70.768 72.183 70.966 66.931 64.423 64.261 65.508 68.541 66.991 66.943 69.101 68.573 67.518 65.426
68.121 67.264 67.061 67.534 68.476 69.866 71.074 73.404 74.151 75.046 75.809 75.474 74.276 72.729 71.219 69.009 67.191 66.524 66.444 66.334 66.249 66.169 68.069 67.024 66.239 66.001 65.934 66.269 67.406 66.889 66.464 65.674 65.651 66.076 65.609 65.739 66.874 67.859 70.654 72.519 73.669 73.531 71.691 66.514 64.864 64.821 64.906 64.609 64.499 64.576 64.546 64.511 64.723 64.818 64.433 64.771 71.153 72.788 73.203 71.483 69.441 64.793 64.398 65.238 69.553 69.943 69.736 68.143 68.338 67.681 64.891
68.419 68.096 70.311 71.919 71.926 73.611 74.329 75.069 75.616 75.666 75.209 74.191 73.521 73.004 71.921 69.576 66.924 67.374 66.549 66.149 66.064 66.074 66.236 66.719 66.046 65.756 65.684 65.786 67.264 65.776 65.696 65.669 65.591 65.541 65.524 65.664 66.676 65.336 68.606 71.954 73.866 74.074 72.266 68.731 66.279 64.909 65.151 64.621 64.819 64.634 64.543 64.481 64.723 64.961 64.458 64.383 70.716 72.648 73.721 72.006 70.081 65.033 65.821 66.218 67.163 69.263 68.921 69.198 70.191 65.798 64.753
67.921 67.569 71.091 73.331 74.471 75.279 75.849 75.394 74.829 74.006 73.314 72.459 70.086 72.274 71.134 67.724 66.706 67.316 67.626 66.104 66.049 66.039 66.019 66.641 67.711 66.624 65.714 65.764 66.579 66.044 65.676 66.124 65.581 65.546 65.534 65.671 65.926 65.356 66.801 71.344 73.279 74.976 72.876 70.854 65.916 64.906 64.931 64.696 65.454 64.729 64.601 65.043 64.593 64.993 64.453 64.616 69.658 72.146 74.476 72.643 70.578 67.393 64.811 64.703 68.583 68.746 66.471 67.788 69.101 63.988 64.241
69.156 67.431 70.056 72.789 74.404 75.339 74.861 73.951 73.429 71.686 68.959 68.096 66.809 68.121 66.876 67.139 66.884 66.459 67.251 67.634 66.046 66.026 65.996 66.044 68.121 68.171 66.361 65.806 66.174 66.976 65.959 66.014 65.606 66.029 66.776 66.804 65.571 66.086 66.016 70.801 72.811 74.504 73.421 71.546 66.056 64.864 64.979 64.829 64.961 64.746 64.638 65.191 64.663 65.021 64.998 65.146 67.608 71.593 73.698 73.158 71.681 68.916 64.458 64.323 64.186 64.766 64.421 68.281 64.431 63.976 64.288
68.994 68.701 68.839 72.164 73.601 73.691 72.926 71.194 69.751 68.444 66.994 67.834 67.286 66.749 66.809 66.801 66.446 66.444 67.344 66.299 66.086 66.141 66.079 65.984 66.759 66.401 65.701 66.151 66.744 67.114 65.719 65.664 65.719 67.389 67.381 67.234 66.521 66.001 65.334 69.166 72.294 73.974 73.891 72.081 67.604 64.894 64.839 64.811 64.606 64.566 64.636 64.796 64.626 64.996 64.823 64.663 66.451 71.056 72.998 73.391 71.806 69.198 65.541 64.976 64.166 64.141 64.108 64.061 64.013 63.986 65.081
