LIDAR-DSM-2M-TQ28ne/tq2687_DSM_2M.asc
ncols 500
nrows 500
xllcorner    526000
yllcorner    187000
cellsize     2
NODATA_value -9999
[rows 450 to 479 of 500, columns 268 to 334 of 500]
130.551 124.848 132.283 128.653 128.336 127.163 126.896 126.086 133.453 131.811 131.803 133.598 132.686 136.401 133.931 132.598 132.381 132.078 132.033 132.083 132.056 134.026 136.751 133.186 136.923 133.421 130.883 133.166 132.091 132.431 134.833 133.208 132.326 135.701 131.006 129.758 131.086 132.098 130.32 129.871 129.778 129.863 129.943 130.216 130.01 130.026 130.016 130.123 130.368 130.493 130.921 130.681 130.371 129.915 129.441 128.551 134.888 142.616 135.871 131.861 128.631 128.041 128.041 132.751 127.991 130.333 132.201
130.596 124.586 129.033 126.646 125.536 127.681 129.161 128.068 132.016 137.818 134.696 133.966 134.953 138.496 137.498 136.058 132.406 132.011 132.063 132.061 133.313 136.103 137.301 137.153 137.643 133.863 133.951 136.126 132.918 133.603 132.668 132.641 130.151 131.023 132.678 132.51 131.191 130.538 131.641 130.373 129.841 129.821 129.806 129.918 133.423 129.883 129.813 129.783 129.883 129.973 129.943 129.686 129.348 129.058 128.695 128.318 133.096 146.893 136.358 128.09 130.393 128.081 131.656 132.598 130.708 126.148 127.59
127.591 128.188 132.843 128.163 125.503 125.378 130.298 127.428 139.468 130.871 140.001 131.061 135.563 136.403 136.593 139.606 136.696 133.446 132.066 132.046 132.416 135.936 136.233 138.768 138.826 137.651 137.643 135.896 134.376 134.688 133.953 134.533 133.513 130.716 131.708 132.771 131.773 129.641 131.218 130.471 129.928 129.793 130.641 134.355 139.418 134.291 129.548 129.523 129.551 129.59 129.556 129.346 129.058 128.731 129.303 135.456 137.878 143.883 138.233 128.62 131.021 132.471 130.098 127.483 131.186 129.911 126.233
128.678 127.951 131.248 126.003 127.096 130.021 130.918 131.576 135.996 143.941 136.258 137.828 139.491 142.433 137.171 132.758 135.108 133.941 132.113 132.051 132.393 134.306 138.798 139.843 137.171 137.496 135.423 135.176 132.351 132.878 133.651 135.611 135.336 131.123 133.556 132.443 131.866 132.426 129.686 129.828 129.951 129.896 133.056 137.678 137.523 137.771 131.961 130.073 129.243 129.26 129.188 129.033 128.763 128.536 129.078 138.076 143.021 145.318 135.948 130.583 129.158 133.513 133.861 132.943 128.553 129.891 124.135
131.418 127.543 127.886 124.856 131.313 127.683 129.913 140.011 133.956 134.838 132.588 136.113 138.316 136.258 136.673 137.111 132.101 132.116 132.096 132.078 132.446 135.793 139.198 138.496 139.301 137.753 137.633 134.498 130.078 129.281 132.391 135.351 131.836 133.601 134.786 133.958 129.443 130.528 134.378 130.225 130.835 129.996 132.313 136.471 137.018 134.006 134.343 136.046 131.911 128.921 128.796 129.245 129.983 128.406 129.521 132.866 136.908 133.093 133.531 127.498 128.088 130.543 131.546 133.105 132.543 125.125 123.53
125.203 129.976 126.318 126.841 125.841 128.213 131.253 134.641 133.013 132.991 131.443 133.336 136.986 134.853 138.058 135.223 132.558 132.098 133.201 135.898 136.511 137.061 139.018 137.836 133.868 135.201 135.256 129.941 129.318 129.288 130.868 130.346 130.248 131.105 130.016 132.486 130.936 134.251 132.518 131.198 129.363 129.953 132.98 139.043 134.373 134.34 132.878 135.721 134.431 128.82 128.753 130.093 130.536 132.213 135.105 139.618 136.363 128.926 129.745 128.198 131.161 130.566 129.888 134.266 128.786 129.973 127.025
131.121 129.756 131.486 129.023 135.836 132.546 128.761 131.821 131.156 132.508 134.078 133.703 133.171 134.881 135.191 132.923 132.141 132.531 136.623 135.698 138.723 138.673 140.351 137.918 133.418 132.963 130.551 129.388 129.361 129.368 129.468 129.636 129.071 128.873 132.04 130.343 131.723 129.721 132.376 130.118 129.82 128.901 132.086 137.751 136.168 134.726 134.138 131.646 133.176 130.928 131.773 135.09 132.538 132.728 135.433 138.511 136.635 131.058 129.971 131.366 129.563 125.478 127.218 129.688 126.808 123.303 125.28
126.406 135.146 129.766 133.123 133.066 134.691 130.271 131.073 131.268 134.621 134.911 134.353 138.658 135.336 132.813 133.051 133.061 136.523 137.973 138.946 138.301 138.841 137.468 136.973 136.108 132.358 130.708 129.448 129.453 129.446 129.608 129.368 129.203 129.043 128.858 131.083 130.243 129.543 133.336 129.528 129.251 128.676 132.276 135.716 138.518 134.211 133.118 133.638 133.561 133.458 132.593 135.268 136.561 135.483 133.633 133.851 130.906 129.081 129.498 130.603 127.803 123.818 123.48 123.703 122.978 122.885 127.555
128.773 128.213 125.906 126.638 131.488 139.448 142.426 132.366 133.116 132.083 134.051 137.323 133.556 134.506 132.738 132.608 132.168 137.256 137.728 136.003 137.033 138.993 137.426 135.703 135.966 133.908 130.993 129.553 129.563 129.538 129.473 129.398 129.311 129.173 129.006 128.818 130.09 131.363 130.316 130.201 128.623 129.251 128.465 128.628 132.218 132.516 135.233 137.87 137.203 137.355 135.336 134.01 135.556 136.026 134.298 132.983 129.306 129.073 129.961 129.566 126.455 123.98 124.303 123.013 122.818 122.873 128.29
132.433 130.768 127.156 127.243 133.711 140.428 141.068 136.226 133.546 131.461 132.498 134.766 132.401 132.253 132.586 132.231 132.421 136.016 134.501 137.421 138.153 139.121 139.558 134.291 132.813 131.733 130.061 129.683 129.686 129.631 129.568 129.501 129.401 129.223 129.041 128.911 128.728 128.518 128.413 129.478 129.683 129.208 128.408 128.236 129.281 132.076 137.206 135.166 137.066 135.596 136.498 134.638 133.741 133.328 131.203 129.756 130.508 127.935 127.945 129.018 129.151 128.878 125.158 122.963 124.976 127.635 126.063
126.431 133.366 133.201 128.723 138.288 136.496 132.448 137.956 132.668 132.273 132.716 132.588 132.371 132.186 132.151 132.133 132.088 132.686 136.831 135.801 136.103 138.876 140.626 138.473 137.088 133.358 130.643 129.863 129.823 129.788 129.726 129.608 129.471 130.853 129.271 128.961 128.808 128.646 128.456 128.398 128.858 129.126 127.983 128.268 128.091 130.861 133.303 130.296 135.756 137.853 137.021 134.318 136.346 132.543 132.428 130.466 125.818 126.01 128.678 128.796 132.408 130.951 125.048 122.595 124.22 123.59 128.573
125.603 125.661 126.373 129.993 137.663 141.811 139.486 135.751 133.188 134.368 132.823 132.463 132.318 132.188 132.186 132.138 132.336 134.678 137.168 138.593 139.021 138.978 138.173 138.558 135.408 130.811 129.981 130.038 129.998 129.961 129.866 130.276 131.323 132.578 131.648 130.346 128.823 128.716 128.51 128.338 128.826 128.783 129.176 128.766 134.381 135.678 133.038 133.768 136.35 134.358 132.478 136.661 137.018 133.306 131.538 130.148 125.478 131.945 128.273 132.468 132.161 131.668 125.743 122.711 122.41 123.491 122.09
134.498 125.766 129.083 135.408 135.556 140.306 141.096 137.246 133.986 136.576 134.071 132.436 132.231 132.206 132.166 132.193 132.811 136.093 138.668 139.856 138.396 140.303 135.318 135.978 137.546 130.241 130.253 130.248 130.173 130.093 129.993 132.036 129.958 131.836 132.726 132.456 129.311 128.748 128.608 129.683 128.73 130.861 130.341 130.093 133.943 131.576 132.256 142.073 141.671 140.331 135.448 132.268 139.121 135.396 132.445 128.888 131.411 125.703 128.09 131.461 131.701 130.438 123.428 122.388 122.131 121.783 121.85
129.481 129.351 134.138 133.311 129.946 129.646 141.903 138.988 136.363 135.773 132.956 132.306 132.211 132.208 132.198 132.246 135.806 138.036 139.408 140.006 140.198 135.098 132.141 135.136 135.836 131.483 130.526 130.448 130.338 130.251 130.021 131.753 132.653 134.676 132.133 130.803 129.736 128.76 128.623 131.683 129.651 129.868 131.311 134.623 130.651 132.303 131.953 137.605 134.658 137.351 137.638 130.633 137.063 132.558 129.853 126.503 130.058 129.766 130.653 128.403 126.913 125.418 123.033 123.078 122.103 121.628 121.37
128.198 129.496 128.393 130.691 135.683 130.486 131.261 132.708 133.623 133.901 132.893 132.293 132.238 132.226 132.181 132.521 136.923 138.906 139.408 136.856 138.693 137.891 134.391 135.283 133.218 130.828 130.676 130.601 130.448 130.301 130.033 130.278 132.151 134.486 131.758 130.971 129.846 128.796 131.913 129.183 129.798 130.348 129.226 132.108 130.816 134.293 136.786 137.208 130.576 135.218 129.468 130.068 127.963 125.483 126.326 125.866 128.806 126.733 126.548 123.515 123.366 123.278 122.98 123.333 122.378 121.546 121.648
127.176 136.188 137.888 135.653 135.128 134.616 133.631 137.983 132.726 132.563 132.368 132.276 132.233 132.238 132.211 132.943 135.743 136.461 137.876 136.486 136.923 135.591 135.011 133.733 131.258 131.603 130.768 130.663 130.506 130.301 129.991 129.738 132.286 131.806 131.54 129.353 128.963 128.898 133.23 134.975 132.206 132.786 128.608 130.673 132.956 134.316 135.236 129.631 132.953 136.326 127.233 130.998 130.001 125.903 126.39 125.595 127.703 128.268 126.211 125.233 123.408 123.515 124.053 126.741 126.573 127.413 125.7
129.026 129.288 133.933 130.453 135.508 130.456 134.473 132.803 132.718 132.576 132.313 132.256 132.263 132.223 132.218 132.278 132.423 133.763 134.716 136.136 136.426 137.226 134.396 134.188 130.956 130.831 130.778 130.651 130.478 130.238 129.896 129.628 129.415 129.236 129.478 129.073 128.991 129.193 131.513 133.871 130.008 129.941 129.161 128.321 129.826 130.241 132.063 135.303 135.351 134.153 132.531 138.008 132.036 129.898 127.5 126.398 128.248 125.923 128.891 129.01 123.378 123.023 122.838 129.171 132.861 128.323 126.493
128.961 128.473 131.098 132.468 133.656 133.423 132.581 132.981 132.893 132.466 132.318 132.296 132.268 132.251 132.266 132.366 132.388 132.271 134.603 135.911 135.311 137.966 134.336 131.078 130.841 130.761 130.666 130.746 130.448 130.111 129.743 129.423 129.243 129.128 129.078 129.141 129.32 129.54 129.156 131.478 130.428 130.806 128.246 128.703 128.803 129.931 134.913 135.608 130.473 131.583 136.051 137.003 132.531 131.676 127.565 127.728 128.103 126.725 128.536 129.633 125.745 124.598 122.973 127.595 125.603 123.998 123.97
129.891 131.218 132.421 132.216 135.893 133.026 132.821 132.843 132.581 132.353 132.343 132.318 132.283 132.281 132.341 132.406 132.361 132.218 132.176 134.621 137.373 131.586 132.121 130.901 130.713 130.598 130.541 130.643 130.563 129.971 129.523 129.068 129.346 128.893 129.156 130.301 130.188 129.441 129.516 129.303 128.903 128.643 128.311 128.741 127.988 131.303 133.098 134.558 131.976 131.423 133.763 132.081 137.285 132.601 130.681 126.608 125.93 126.698 125.55 125.013 124.09 124.618 122.635 125.47 124.8 128.733 130.868
129.018 131.623 132.051 133.786 136.738 136.106 132.791 132.698 132.611 132.388 132.378 132.343 132.386 132.503 133.086 133.336 132.678 133.766 132.053 132.878 131.618 131.491 131.113 130.866 130.653 130.493 130.403 130.541 130.828 130.333 129.498 129.123 129.998 131.806 133.776 129.858 129.348 128.988 129.146 129.203 129.048 132.876 131.09 128.563 128.111 127.943 129.461 131.333 134.248 128.671 129.84 127.24 132.783 133.716 132.868 130.715 129.051 131.475 127.083 123.728 123.36 123.103 122.875 123.12 125.495 126.518 125.403
127.613 133.281 136.376 131.488 133.696 133.271 132.738 132.633 132.486 132.431 132.431 132.438 132.603 134.508 135.893 137.141 136.738 134.743 132.958 137.808 135.033 132.251 132.576 130.788 130.561 130.338 130.243 130.201 131.056 130.421 129.321 131.753 133.308 136.581 138.543 137.998 134.273 130.836 128.695 129.183 130.383 130.028 129.151 128.976 128.283 128.056 131.278 139.443 133.548 131.693 132.056 131.023 137.788 133.378 130.396 128.496 128.933 134.573 131.846 130.495 125.183 124.803 122.948 122.586 125.988 125.91 127.84
127.578 128.386 132.253 134.478 133.561 133.083 132.701 132.761 132.516 132.461 132.458 132.558 132.831 133.628 137.651 137.976 137.711 137.371 137.173 138.366 135.808 134.028 130.931 130.516 130.363 130.168 130.068 130.096 130.386 130.138 132.036 136.126 138.458 138.596 138.776 138.721 138.898 138.416 136.218 132.578 129.195 128.708 128.588 128.478 128.605 129.563 133.851 129.908 133.291 129.718 137.248 138.978 137.186 132.913 131.506 131.638 133.628 137.078 135.241 129.34 128.253 128.4 122.838 122.665 122.368 124.903 127.81
128.488 128.928 132.121 133.868 134.928 134.811 132.876 132.623 132.528 132.518 132.538 132.751 132.873 134.813 136.071 137.981 137.151 138.933 138.496 137.771 134.991 133.541 130.208 130.201 130.156 129.988 129.851 129.856 130.261 129.331 133.641 137.466 139.26 138.681 138.803 138.681 138.663 138.998 139.058 136.788 129.118 128.73 128.683 128.528 128.766 131.423 133.73 131.228 134.573 132.258 129.648 138.621 135.118 134.763 137.236 129.013 132.613 131.061 129.928 137.491 133.858 124.803 122.843 122.883 123.21 124.518 124.005
128.916 132.131 132.296 133.213 133.836 132.903 132.748 132.551 132.561 132.558 132.596 132.863 132.901 136.763 136.853 138.613 134.373 131.446 134.661 137.423 133.721 131.853 130.626 129.913 129.906 129.766 129.631 129.748 130.388 129.443 131.651 137.111 138.703 139.126 138.863 139.195 138.885 138.713 138.696 136.841 132.391 128.716 128.751 128.671 128.548 129.056 128.998 130.401 131.76 128.948 129.543 132.131 130.458 135.713 136.016 131.948 130.173 133.201 129.878 131.558 128.323 126.328 128.891 123.491 126.283 123.173 124.39
131.858 133.168 133.628 133.258 133.168 132.838 132.768 132.593 132.618 132.603 132.821 133.163 133.878 137.781 138.818 138.506 131.456 131.996 134.403 134.581 132.123 129.991 130.398 129.723 129.641 129.576 129.466 129.508 129.866 129.406 129.721 130.011 132.561 136.736 140.293 141.563 140.641 139.635 139.043 138.788 138.776 134.913 129.588 128.806 128.671 129.308 128.733 130.831 130.081 132.886 127.805 127.303 127.718 133.668 135.061 129.243 129.798 132.456 133.031 131.953 127.715 124.153 126.813 127.603 124.655 124.893 122.118
132.008 132.423 134.103 133.598 132.961 132.818 132.676 132.673 132.638 132.663 132.943 135.393 139.131 139.678 142.006 140.321 136.383 131.363 131.343 132.133 130.451 129.726 129.648 129.361 129.381 129.361 129.316 129.316 129.688 129.646 129.273 130.023 129.213 132.418 141.461 141.911 141.931 141.688 139.936 138.976 137.678 133.968 128.993 129.34 129.211 128.673 129.446 132.373 132.626 135.126 136.936 132.066 135.968 139.433 141.203 131.281 130.813 135.763 133.406 135.343 126.438 124.898 126.66 127.918 123.858 124.3 123.65
130.433 131.431 132.886 133.433 132.993 132.826 132.701 132.686 132.671 132.891 133.216 137.243 139.866 138.158 140.428 139.993 135.796 130.223 131.548 131.848 129.488 129.511 129.713 129.421 129.051 129.141 129.138 129.163 129.336 129.743 129.088 129.221 129.938 139.146 141.751 141.921 142.033 141.803 141.568 139.578 138.211 132.411 129.041 129.063 129.081 129.428 131.681 133.413 132.963 135.836 133.488 130.068 138.586 136.193 133.866 126.093 127.896 131.771 136.413 133.446 129.838 127.705 129.333 129.196 125.37 123.718 121.97
131.573 133.343 133.698 133.688 132.903 132.793 132.743 132.716 132.668 133.036 134.393 138.161 141.198 140.693 141.763 135.333 135.443 133.431 130.523 131.153 129.436 130.896 129.298 129.041 128.876 128.888 128.963 129.068 129.193 129.173 130.758 138.311 134.506 141.023 141.721 141.971 141.768 141.713 141.551 138.858 137.331 132.318 128.843 128.826 129.198 128.851 129.823 132.183 135.373 134.246 137.626 129.741 130.59 128.661 136.531 130.603 132.518 134.573 135.641 129.493 131.911 128.976 126.435 128.225 127.506 126.808 123.225
132.268 133.283 133.356 133.021 132.933 132.783 132.838 132.733 132.873 135.826 139.553 142.438 141.356 138.381 134.716 132.228 130.086 129.993 130.448 130.858 132.091 129.436 129.038 128.798 128.836 128.848 128.926 128.993 129.213 129.356 133.046 142.131 142.398 142.418 142.083 141.711 141.695 141.73 140.573 138.658 135.915 129.788 128.836 128.808 128.826 128.786 129.536 131.173 131.656 131.268 133.311 134.126 127.815 132.635 137.478 131.486 132.898 130.051 132.273 133.213 132.963 133.038 130.701 123.785 128.135 129.861 129.116
132.378 133.411 133.543 133.066 132.988 132.851 132.858 132.778 133.093 136.181 140.698 141.813 142.133 135.936 134.091 130.128 129.976 130.471 131.448 130.901 132.833 131.978 128.971 128.761 128.771 128.791 128.866 128.993 129.083 129.191 129.326 133.421 138.938 142.118 142.121 141.726 141.713 141.843 139.163 137.421 133.328 128.866 128.826 128.816 128.808 129.046 128.536 128.398 130.263 130.961 137.551 137.366 131.498 136.263 126.953 129.888 132.366 134.703 131.578 134.461 137.573 132.108 130.111 132.926 131.316 134.728 131.033
