LIDAR-DSM-2M-TQ28ne/tq2686_DSM_2M.asc
ncols 500
nrows 500
xllcorner    526000
yllcorner    186000
cellsize     2
NODATA_value -9999
[rows 150 to 179 of 500, columns 0 to 67 of 500]
124.596 129.321 129.528 124.898 124.531 124.641 124.796 125.096 126.521 127.388 125.641 125.383 125.596 126.723 129.223 130.286 128.878 126.073 126.053 126.061 126.088 126.056 126.118 126.201 126.551 129.386 129.051 130.856 130.023 129.436 127.486 127.048 127.163 126.761 123.908 122.873 122.956 123.378 123.191 123.353 123.081 123.283 123.158 125.161 126.833 126.371 128.596 126.841 126.538 126.378 126.333 125.918 125.676 125.513 125.353 125.356 125.426 125.508 125.566 125.611 125.641 125.653 125.648 125.651 125.681 126.838 128.106 128.583
128.136 130.523 131.291 127.381 124.293 124.503 125.303 126.116 127.961 128.901 127.898 125.928 126.106 126.026 126.513 126.383 126.046 126.463 126.508 126.168 126.241 126.521 129.421 127.983 128.181 130.006 129.446 129.596 128.433 125.638 126.711 129.038 126.651 125.876 122.553 122.713 123.458 123.193 123.101 122.788 122.596 123.146 123.121 123.311 125.253 124.183 126.708 126.341 126.871 126.421 126.293 125.753 125.666 125.416 125.218 125.206 125.151 125.223 125.341 125.381 125.471 125.603 126.691 125.716 125.748 126.418 127.636 128.823
129.996 129.863 127.788 125.661 123.768 124.943 125.218 125.981 127.498 127.796 127.991 126.148 127.118 126.543 125.733 125.801 126.028 126.416 126.336 126.146 127.001 130.111 129.128 126.748 127.668 129.548 129.811 128.811 127.693 124.621 124.956 126.811 130.388 127.671 122.758 122.486 122.591 122.796 123.021 122.496 123.168 122.861 122.673 122.933 123.626 125.013 126.758 126.476 126.518 125.743 126.026 125.678 126.681 125.533 125.353 125.223 125.231 125.641 125.191 125.213 125.206 125.401 125.871 125.656 125.973 126.848 127.808 128.386
128.453 131.103 125.338 123.536 123.628 124.808 125.511 126.156 126.771 126.308 127.686 127.496 127.643 127.341 128.363 129.498 127.678 126.401 126.131 125.991 126.771 131.041 132.006 129.561 128.953 128.273 127.706 126.288 126.256 123.971 124.591 124.871 128.636 125.213 122.173 122.288 122.778 122.696 123.146 122.678 123.198 122.941 122.541 122.888 123.178 125.988 126.361 126.351 126.498 125.638 125.633 125.648 126.216 125.696 125.583 125.558 125.478 125.323 125.248 125.191 125.171 125.396 125.641 125.666 125.698 126.756 128.093 128.158
133.553 130.396 124.256 122.866 123.591 124.726 124.431 125.476 125.393 125.201 126.421 127.061 127.048 127.118 130.348 130.861 130.343 132.116 125.703 126.231 126.081 129.268 129.663 129.203 128.558 127.343 127.401 125.726 125.106 124.853 126.548 124.961 122.908 122.356 122.041 122.086 122.493 122.501 122.733 122.508 122.863 122.566 122.708 123.316 124.638 126.331 126.316 126.438 126.426 125.598 125.631 127.003 127.033 126.443 125.906 125.626 125.623 125.571 125.528 125.453 125.451 125.543 125.668 125.678 125.688 126.688 127.756 127.793
129.281 126.111 122.298 122.318 124.851 126.216 124.606 125.326 124.886 125.228 126.006 126.433 126.333 126.828 129.326 131.856 126.698 126.658 125.571 125.563 126.013 127.481 128.921 129.198 130.111 128.951 128.598 127.831 127.161 124.956 124.176 124.436 122.083 121.861 121.866 121.981 122.283 122.276 122.051 122.218 122.586 122.458 122.763 123.451 124.813 127.053 126.358 126.296 125.646 125.568 125.711 127.578 126.261 126.921 126.453 125.611 125.613 125.623 125.611 125.631 125.631 126.093 125.633 125.793 125.926 127.158 127.823 127.721
121.156 121.403 121.616 121.826 123.486 126.471 123.738 123.281 123.261 124.731 125.891 126.031 126.308 125.176 124.801 124.706 125.091 125.368 125.103 125.218 125.513 126.023 126.171 128.131 128.196 128.216 128.048 127.796 126.286 124.476 123.953 122.368 121.876 121.653 121.686 121.971 122.098 122.051 121.863 121.711 121.748 121.933 122.251 123.198 126.631 126.823 126.368 126.186 125.571 125.553 125.958 127.626 125.576 125.613 125.588 125.596 125.593 125.591 125.591 125.583 125.563 125.583 125.611 126.058 126.856 127.863 128.268 127.781
120.866 121.076 121.333 121.533 121.853 122.191 122.436 122.628 122.788 123.046 123.716 124.748 124.993 124.296 124.426 124.441 124.456 124.586 124.691 124.976 125.321 125.361 125.661 125.776 124.681 124.938 126.416 126.996 126.521 123.853 123.653 122.248 121.963 121.436 121.506 121.746 121.856 121.848 121.743 122.151 121.866 121.978 121.628 122.706 125.618 126.513 126.948 125.691 125.523 125.546 126.896 126.946 125.568 125.598 125.598 125.578 125.563 125.546 125.558 125.576 125.556 125.571 125.633 126.211 126.868 128.641 128.203 127.883
120.908 122.476 121.046 121.278 121.511 121.691 121.968 122.273 122.481 122.723 122.991 123.341 123.728 123.911 123.998 124.096 124.006 124.178 124.068 124.331 124.611 124.621 125.196 124.528 124.176 124.138 124.958 126.956 127.468 125.918 122.526 121.928 121.703 121.243 121.321 121.593 121.701 121.686 121.618 121.746 122.518 122.386 121.621 121.868 125.206 126.376 126.106 125.521 125.506 125.548 127.598 126.138 125.571 125.568 125.581 125.593 125.588 125.561 125.566 125.556 125.521 125.541 125.776 127.546 127.771 128.726 127.868 127.951
121.031 122.708 120.683 120.991 121.156 121.308 121.598 121.876 122.218 122.396 122.746 123.108 123.446 123.488 123.341 123.363 123.408 123.573 124.273 124.223 123.903 123.933 127.011 126.351 125.483 123.698 124.118 125.333 125.123 125.798 121.938 121.581 121.456 121.103 121.143 121.553 121.506 121.481 122.498 121.841 121.696 121.581 121.566 122.388 126.471 126.788 126.601 125.493 125.511 125.786 127.498 125.763 125.553 125.571 125.566 125.571 125.556 125.566 125.556 125.528 125.531 125.553 125.968 126.456 128.071 128.691 127.748 128.096
122.151 122.706 120.338 120.578 120.778 121.066 121.326 121.568 121.796 122.153 122.476 122.618 122.866 122.891 122.798 122.858 123.018 123.186 123.723 123.593 123.283 123.346 124.106 124.068 130.386 129.803 125.118 123.018 122.818 122.056 121.561 121.153 120.963 120.913 120.941 121.176 121.253 121.553 122.636 121.613 121.676 121.531 122.101 121.941 126.636 126.776 125.893 125.468 125.523 125.901 126.246 125.518 125.516 125.543 125.546 125.546 125.558 125.568 125.553 125.553 125.528 125.591 126.221 126.628 128.218 128.091 127.716 128.183
124.183 120.636 120.041 120.256 120.508 120.793 121.001 121.233 121.478 121.696 121.896 121.971 122.306 122.371 122.423 122.538 122.543 122.593 122.826 122.796 122.806 122.846 123.543 123.318 129.193 128.998 125.818 123.101 122.078 121.723 121.011 120.761 120.788 120.753 120.738 121.186 120.798 121.338 121.491 121.551 121.523 121.528 121.973 123.776 126.503 125.773 125.513 125.586 127.323 125.926 125.486 125.506 125.513 125.536 125.573 125.568 125.573 125.563 125.538 125.541 125.526 125.556 126.348 126.996 128.731 127.958 127.893 128.366
123.463 128.118 119.673 119.953 120.243 120.438 120.623 120.851 121.088 121.326 121.431 121.426 121.711 121.893 121.961 121.996 122.073 122.151 122.256 122.306 122.373 122.401 122.931 128.368 130.148 126.441 127.221 127.713 122.481 120.901 120.651 120.656 120.626 120.538 120.578 121.281 121.053 121.326 121.461 121.556 121.433 121.466 121.761 125.291 126.303 125.623 125.476 125.726 127.493 125.471 125.476 125.488 125.498 125.511 125.543 125.561 125.568 125.558 125.543 125.533 125.541 125.861 126.421 127.333 128.608 127.683 128.023 128.586
126.406 127.466 119.356 122.043 122.443 120.806 120.886 120.506 120.656 120.938 121.183 121.198 121.318 121.443 121.491 121.603 121.766 121.918 121.938 121.998 122.133 122.123 122.661 125.456 126.758 122.818 127.196 128.126 122.661 120.573 120.461 120.423 120.636 120.371 120.411 120.721 121.128 121.226 121.396 121.703 121.401 121.423 121.556 124.921 126.666 125.693 125.443 125.956 127.001 125.426 125.448 125.476 125.486 125.508 125.543 125.566 125.553 125.546 125.553 125.541 125.568 126.153 126.601 128.068 128.438 127.771 128.166 128.768
130.361 125.008 126.423 119.973 123.123 124.963 121.733 120.123 120.308 120.586 120.761 120.888 120.951 121.023 121.078 121.211 121.513 121.556 121.648 121.731 121.838 121.726 121.421 123.583 121.933 121.416 123.031 125.353 121.071 120.448 120.201 120.336 120.506 120.256 120.251 120.221 121.041 121.201 121.336 121.408 121.413 121.458 124.303 126.348 125.841 125.498 125.418 126.963 126.561 125.851 125.391 125.458 125.503 125.523 125.538 125.546 125.546 125.526 125.543 125.523 125.641 126.423 126.858 128.586 127.986 127.828 128.288 128.931
126.331 125.691 121.228 123.083 122.811 127.543 121.101 119.773 122.053 121.023 120.551 120.623 120.563 120.541 120.671 120.881 121.148 121.281 121.563 121.341 122.416 123.473 125.601 127.758 121.098 121.233 123.366 122.143 120.378 120.306 120.328 120.208 120.211 120.031 120.096 120.053 120.863 121.193 121.286 121.301 121.341 121.401 123.651 126.313 125.888 125.436 125.956 129.696 130.033 128.038 125.393 125.448 125.501 125.523 125.528 125.561 125.553 125.556 125.546 125.533 125.793 126.476 127.246 128.841 127.776 127.803 128.453 129.008
123.028 126.661 119.693 123.673 123.673 125.963 123.701 120.296 124.131 121.701 120.498 120.453 120.311 121.128 123.643 122.868 120.841 124.323 121.843 122.983 125.726 126.131 125.571 126.258 121.403 121.881 123.758 122.011 120.076 120.083 120.088 120.133 119.883 119.808 119.911 119.883 120.251 121.233 121.253 121.311 121.326 121.528 125.693 126.438 125.538 125.423 126.528 132.673 134.858 130.126 127.756 125.448 125.498 125.526 125.538 125.546 125.551 125.553 125.511 125.531 126.068 126.546 127.806 128.541 127.651 128.026 128.631 129.046
121.246 123.263 120.778 124.611 125.046 122.416 122.708 123.733 126.311 122.506 121.278 120.266 120.183 120.733 123.996 122.091 121.636 125.211 122.481 123.671 122.453 124.578 121.263 121.126 120.613 121.286 123.483 123.366 120.378 119.616 119.921 119.698 119.748 119.561 119.648 119.686 119.636 120.906 121.238 121.301 121.358 121.551 126.393 126.761 125.506 125.403 127.253 130.671 133.363 131.373 126.058 125.406 125.473 125.798 125.551 125.541 125.556 125.548 125.518 125.573 126.888 126.763 128.423 128.146 127.861 128.168 128.781 129.051
118.153 118.853 120.323 124.016 122.398 120.663 122.496 126.146 124.751 120.193 119.896 119.961 119.726 120.708 122.743 123.971 121.086 122.488 124.261 126.551 125.471 125.568 122.631 121.266 120.611 122.621 122.023 120.366 119.453 119.156 119.361 119.463 119.456 119.301 119.406 119.461 119.491 120.331 121.496 121.438 121.258 123.483 126.556 126.806 125.506 125.408 125.368 126.106 127.368 127.478 127.758 127.278 125.808 125.498 125.536 125.528 125.543 125.531 125.496 125.701 127.716 127.601 128.798 127.761 127.868 128.361 128.948 129.051
118.353 119.413 124.473 124.278 124.518 122.206 122.478 124.613 122.833 123.311 121.601 119.538 119.298 121.491 124.896 123.988 119.383 123.408 125.136 123.393 127.021 126.691 125.126 121.718 123.603 121.513 120.271 120.416 118.856 118.771 118.893 119.448 119.398 119.101 119.193 119.238 119.346 119.438 120.813 121.478 121.238 126.458 126.328 125.983 125.848 125.486 125.441 125.413 125.388 125.388 125.703 126.373 125.676 127.493 127.428 126.821 126.183 125.681 125.513 125.658 126.916 127.078 128.056 127.726 128.116 129.096 131.553 130.021
118.776 120.458 123.126 123.776 123.183 119.696 122.008 122.673 121.678 123.251 123.471 119.406 118.806 119.181 120.978 121.241 121.171 125.933 122.166 122.686 122.108 124.983 122.968 120.536 120.156 121.991 120.416 120.436 118.773 118.563 118.713 119.253 119.643 119.028 118.953 119.043 119.153 119.323 119.981 121.216 121.448 125.918 126.273 126.438 127.531 126.948 126.103 125.636 125.521 125.503 125.461 125.471 125.458 125.623 126.206 126.966 127.601 126.951 125.853 128.093 128.108 127.633 127.741 127.708 128.058 129.593 132.673 130.558
120.066 120.316 123.986 123.371 120.776 119.413 119.351 120.678 121.273 123.351 122.763 119.053 118.496 120.003 122.296 121.758 123.933 124.848 123.878 121.176 121.368 120.136 119.861 119.091 122.426 124.321 125.101 123.513 120.918 118.928 118.736 118.791 118.963 118.811 118.756 118.821 118.961 119.196 119.281 120.528 121.206 123.103 124.698 123.248 125.841 125.888 126.273 126.426 126.591 126.696 125.946 125.638 125.513 125.516 125.478 125.468 125.506 125.598 125.641 126.826 127.421 128.733 127.743 128.088 131.471 133.783 131.523 131.043
118.496 120.843 122.571 121.231 121.441 122.766 120.238 118.208 119.688 120.148 119.093 118.246 118.338 118.278 118.326 120.638 119.216 122.831 122.441 120.623 122.451 121.791 121.778 123.318 119.013 119.836 124.853 123.963 120.316 118.221 118.613 118.601 118.728 118.521 118.518 118.606 118.811 119.073 119.213 119.523 121.048 121.208 121.348 121.403 121.288 123.231 123.378 124.588 126.908 126.246 126.426 126.916 126.913 126.828 125.861 125.643 125.653 125.511 125.753 126.468 127.643 128.591 127.656 129.806 134.683 133.958 134.851 132.708
119.476 122.268 122.098 121.031 121.308 121.873 120.203 120.003 119.446 119.021 118.318 120.513 119.626 117.871 117.928 118.366 121.258 120.918 119.126 118.633 123.893 124.006 121.463 125.841 122.873 121.453 121.911 121.571 120.546 118.238 118.243 118.076 118.221 118.258 118.311 118.423 118.668 118.918 119.071 119.116 119.783 121.171 121.193 121.221 121.251 121.501 121.443 121.396 122.466 123.316 125.161 125.911 126.571 126.291 127.003 126.448 127.063 126.201 126.148 126.571 128.538 128.298 127.738 131.998 134.651 134.986 136.073 134.631
117.706 120.066 118.413 120.303 118.536 117.931 117.583 117.991 122.251 120.681 122.073 119.141 119.468 117.628 117.658 117.833 118.083 119.291 118.111 118.876 122.553 121.463 120.803 119.561 123.616 120.768 119.723 119.978 118.881 117.916 118.058 118.008 117.816 117.893 118.131 118.263 118.511 118.763 118.911 119.051 119.111 120.166 121.146 121.918 122.113 121.886 121.243 121.258 121.386 121.668 121.476 121.906 122.881 124.053 126.236 126.183 126.306 126.836 126.331 127.028 128.866 127.803 127.911 132.383 135.151 136.358 134.388 134.346
116.768 118.038 120.728 117.178 116.486 116.403 116.683 117.436 118.598 122.668 128.716 123.251 125.476 117.506 117.493 117.653 117.921 117.996 118.053 118.113 118.256 122.596 119.638 118.198 121.198 119.316 118.483 118.363 117.626 117.611 117.728 117.753 117.678 117.698 117.926 118.023 118.323 118.551 118.763 118.943 119.013 119.528 121.021 121.123 121.186 121.218 121.248 121.241 121.331 121.421 121.378 121.906 121.668 121.623 121.641 123.753 126.306 125.796 126.411 126.978 127.541 127.578 127.791 128.768 133.718 135.623 131.243 129.501
115.821 116.608 115.968 116.016 116.061 116.158 117.306 118.813 119.243 117.938 128.856 124.583 124.026 118.643 118.181 117.746 118.191 118.108 117.881 117.671 118.303 118.188 117.646 118.123 117.591 117.286 117.633 117.871 117.596 117.658 117.921 118.071 117.603 117.618 117.758 117.826 118.073 118.366 118.586 118.728 118.898 118.968 119.623 121.101 121.131 121.168 121.383 121.276 121.436 121.551 121.423 121.423 121.476 121.446 121.458 125.363 127.003 124.406 125.006 126.591 127.703 127.528 127.506 127.543 127.651 128.301 128.611 128.291
115.753 115.876 115.921 116.151 117.823 116.191 119.711 118.996 117.708 121.851 126.983 122.461 121.916 118.043 117.811 117.211 117.963 117.683 117.651 118.466 117.711 118.883 117.463 117.986 117.748 117.691 117.936 117.991 117.753 117.743 118.158 117.888 117.403 117.501 117.578 117.631 117.846 118.151 118.388 118.576 118.733 118.886 119.023 120.636 121.071 121.121 121.401 121.201 121.393 121.586 121.556 121.531 121.706 121.513 121.733 126.093 125.836 124.526 125.476 126.776 128.271 128.146 127.533 127.538 127.543 127.588 127.611 127.623
115.573 115.788 116.438 118.241 116.968 117.408 118.981 120.211 119.656 121.208 120.528 121.333 124.456 116.581 116.643 117.768 116.923 117.011 118.418 120.673 120.978 117.766 118.236 118.838 118.876 118.471 117.868 117.958 117.993 118.288 118.938 117.591 117.253 117.368 117.381 117.496 117.668 117.921 118.206 118.446 118.606 118.761 118.901 119.041 121.176 121.121 121.188 121.156 121.211 121.598 121.463 121.448 121.743 121.511 123.673 126.378 126.386 124.646 125.858 126.923 128.573 127.558 127.458 127.493 127.553 127.551 127.556 127.583
116.606 115.993 116.841 119.718 117.688 119.771 119.068 118.736 120.386 126.781 126.488 122.968 124.636 119.633 117.601 118.083 116.446 116.521 117.768 120.088 118.166 120.016 119.271 120.328 117.956 117.736 117.801 117.781 117.781 119.328 120.916 117.116 117.146 117.216 117.168 117.356 117.576 117.816 118.048 118.321 118.528 118.646 118.798 118.951 119.476 121.026 121.088 121.188 121.253 121.301 121.461 121.481 121.418 121.463 126.403 126.496 124.666 124.928 126.076 127.106 128.188 127.138 127.306 127.433 127.493 127.548 127.543 127.596
