LIDAR-DSM-2M-TQ28ne/tq2685_DSM_2M.asc
ncols 500
nrows 500
xllcorner    526000
yllcorner    185000
cellsize     2
NODATA_value -9999
[rows 31 to 61 of 500, columns 70 to 139 of 500]
123.976 126.303 122.846 121.533 117.481 117.433 120.286 121.393 126.571 124.573 121.881 126.158 123.066 118.086 119.966 114.181 114.211 115.311 116.996 117.958 117.101 117.283 117.648 118.078 117.676 118.028 119.276 118.133 117.868 118.348 118.431 118.516 118.628 118.706 120.938 129.881 137.498 139.851 141.396 142.121 140.953 136.476 124.521 120.268 120.736 122.731 125.241 122.538 123.871 122.491 122.491 122.643 122.748 123.033 124.188 123.343 124.133 127.051 128.518 133.901 134.883 134.148 131.341 131.551 132.021 132.806 126.016 126.681 126.708 124.973
122.648 127.746 131.378 124.701 117.443 117.361 121.073 121.301 127.148 124.091 126.203 122.081 118.981 116.018 114.651 114.068 114.086 114.753 116.386 120.146 118.048 117.563 117.471 118.348 118.888 117.911 118.008 118.173 118.193 118.241 118.396 118.496 118.566 119.151 133.393 138.243 140.033 141.971 143.646 144.733 142.681 140.051 135.508 121.136 121.443 121.463 122.661 124.163 124.493 124.328 123.046 122.583 122.733 122.843 123.033 123.928 124.131 124.268 125.013 125.966 126.468 127.048 125.866 128.208 130.241 129.261 129.236 124.598 124.746 125.238
125.113 120.538 124.568 117.236 117.373 117.443 119.058 125.063 123.728 123.743 124.841 121.523 115.521 114.873 113.903 113.926 113.981 114.946 115.996 116.373 117.096 117.163 117.941 120.428 118.533 118.041 117.996 118.016 118.056 118.198 118.306 118.693 128.288 136.553 138.863 140.281 142.071 143.981 145.851 145.821 143.726 141.346 139.303 132.943 119.841 120.773 121.673 122.131 122.086 122.443 123.003 122.561 122.708 122.843 122.941 123.056 123.511 123.336 125.953 131.323 131.978 132.451 132.043 134.886 132.103 128.336 124.663 124.561 125.148 125.826
125.398 130.398 124.273 117.831 117.223 117.626 118.238 117.773 119.831 120.456 124.808 120.251 117.818 115.058 113.748 113.781 113.891 117.771 115.718 116.436 118.411 118.033 118.376 119.583 118.473 118.521 117.968 117.941 118.061 118.163 118.338 123.568 135.961 139.646 138.883 140.953 144.036 145.303 147.381 147.146 145.126 143.026 140.881 138.731 128.783 120.068 122.691 123.398 122.883 122.086 122.428 122.473 122.906 123.338 122.933 123.011 123.153 123.258 123.913 126.066 127.193 128.208 131.623 131.158 128.686 124.203 124.873 124.813 124.613 124.643
123.336 123.588 121.011 120.198 117.138 117.286 117.798 117.416 119.288 118.706 121.543 122.378 117.416 113.973 113.648 113.708 114.126 119.628 117.461 118.183 120.908 119.203 118.188 119.188 118.691 118.748 118.021 117.958 118.031 118.131 118.771 120.823 123.008 127.238 137.268 141.008 142.816 143.618 145.761 145.606 143.638 142.323 140.538 140.413 127.858 119.161 121.328 122.878 122.516 122.073 122.483 122.766 123.426 123.478 123.281 122.968 123.121 123.233 123.303 123.406 123.478 124.558 126.523 125.333 124.028 124.131 124.321 124.301 124.401 124.456
119.093 118.011 117.318 117.001 116.976 117.558 117.751 117.981 119.366 119.363 118.008 116.926 115.463 113.498 113.578 113.713 115.216 119.783 116.581 116.548 121.048 121.093 118.363 119.611 118.733 121.028 118.486 117.983 118.018 118.153 118.888 118.448 119.001 120.563 130.123 138.846 140.363 142.206 143.713 143.368 141.456 142.393 141.201 140.461 134.628 119.738 122.021 127.851 122.738 122.066 122.966 123.388 123.241 123.531 123.738 123.331 123.081 123.188 123.258 123.356 123.396 123.478 123.571 123.661 124.703 124.121 124.028 124.113 124.178 124.246
117.201 116.983 116.918 116.926 117.058 120.788 119.371 118.216 119.343 120.148 117.173 120.353 118.178 113.391 113.476 113.516 115.186 118.373 115.646 118.151 123.486 120.111 117.023 121.636 119.048 124.268 120.866 119.748 117.936 118.031 118.263 118.321 118.446 119.086 124.073 136.146 139.231 139.881 141.801 142.083 140.478 142.061 142.583 142.763 140.188 134.041 127.973 134.818 131.223 124.046 122.868 122.771 123.873 123.596 123.448 124.146 123.163 123.136 123.203 123.298 123.336 123.368 123.393 123.456 123.726 125.083 123.953 123.903 124.013 124.043
117.876 117.298 116.853 116.828 117.468 119.003 118.541 120.858 120.058 120.788 117.286 115.716 113.266 113.288 113.353 113.373 118.003 118.426 113.471 114.491 119.601 118.318 120.621 117.923 119.061 126.558 126.133 124.898 119.121 118.041 118.193 118.253 118.803 118.711 119.911 126.726 134.241 138.613 140.078 140.581 143.156 142.238 144.236 145.358 142.631 139.783 137.991 134.018 130.763 124.818 125.038 123.411 126.816 125.851 123.663 124.908 123.858 123.541 123.141 123.226 123.273 123.276 123.261 123.313 123.696 124.588 123.578 123.678 123.788 123.816
117.666 116.978 118.303 118.633 121.781 119.323 119.261 120.351 119.468 119.031 121.651 119.146 116.476 115.101 113.253 113.256 118.313 115.288 116.231 114.168 115.958 122.066 118.551 118.138 123.828 121.463 123.873 123.763 120.201 118.053 118.246 118.518 119.128 118.586 118.671 119.703 124.773 132.853 138.366 141.898 142.983 144.156 146.466 147.628 145.048 141.858 139.991 129.523 119.626 121.513 124.861 125.148 125.676 125.931 126.526 124.053 125.521 123.836 123.233 123.208 123.236 123.193 123.161 123.156 123.271 123.343 123.398 124.268 123.598 123.653
116.738 117.573 118.793 120.736 122.931 120.723 120.446 121.913 121.943 123.686 120.268 118.371 123.996 121.241 113.138 114.631 114.401 117.336 116.556 118.616 119.626 117.746 119.758 121.216 122.453 119.103 123.901 122.568 117.986 118.078 118.238 118.403 118.491 118.411 118.493 118.818 119.236 125.093 134.861 139.106 140.891 143.141 145.323 147.736 148.948 144.633 141.776 139.336 127.408 119.516 122.566 123.348 125.788 124.441 125.468 123.921 123.886 124.181 123.673 123.203 123.218 123.166 123.143 123.411 123.486 123.191 123.258 123.316 124.978 124.181
116.568 116.646 119.861 121.146 121.626 122.578 121.418 120.731 122.033 126.328 125.748 120.171 121.671 117.321 113.021 114.261 116.193 116.446 113.208 116.308 116.846 116.708 121.653 122.351 120.226 121.378 123.818 119.173 118.126 118.198 118.258 118.458 118.633 118.538 118.611 118.958 118.828 119.883 127.913 137.111 139.428 141.261 143.641 145.741 147.928 146.968 144.198 141.383 136.993 133.453 130.903 122.061 122.726 123.058 122.968 124.578 124.043 123.631 124.128 123.333 123.171 123.178 123.101 123.131 123.936 123.663 123.981 125.243 125.631 124.531
116.543 116.513 119.976 120.408 121.068 120.893 121.168 122.283 120.768 126.561 127.851 120.938 119.176 113.061 112.951 115.543 115.911 114.906 115.053 114.561 115.013 118.491 121.788 123.131 123.876 118.478 117.491 118.071 118.378 118.416 118.451 118.493 118.638 118.716 119.141 119.343 118.588 119.098 121.178 130.401 137.013 139.886 141.843 143.891 146.001 146.551 144.261 142.271 142.856 139.428 136.616 125.326 122.146 122.706 123.186 123.838 124.103 123.711 123.311 123.281 123.241 123.121 122.986 122.956 123.033 123.551 123.831 123.681 123.113 124.286
116.758 117.543 116.808 117.168 119.501 121.516 120.941 124.953 127.523 122.266 121.301 122.523 119.936 112.791 113.183 115.976 115.973 114.761 115.176 114.111 115.181 118.166 121.231 121.866 123.728 117.181 119.286 119.816 118.678 118.656 118.611 118.616 118.653 118.853 118.956 118.958 119.548 119.916 120.983 123.186 134.386 139.901 139.923 141.913 144.106 143.806 141.788 140.903 141.361 140.956 140.156 136.586 128.313 122.281 123.361 123.111 123.231 126.793 123.743 123.428 123.363 123.346 123.291 122.916 122.888 122.913 123.356 123.143 122.968 123.081
116.318 116.353 116.371 117.591 122.388 121.591 118.943 123.398 119.701 120.831 117.708 116.233 112.898 112.643 114.613 115.681 115.641 113.698 113.261 114.146 115.276 116.418 116.738 116.616 116.643 117.346 118.458 119.313 118.493 118.656 118.763 118.738 118.728 118.783 118.941 119.811 119.751 122.141 122.701 123.311 127.833 135.698 138.711 140.046 141.973 143.731 142.213 142.293 142.078 143.086 142.026 139.691 136.731 123.018 122.253 122.853 123.351 127.606 126.028 124.996 123.631 123.656 123.881 123.368 122.761 122.751 122.823 122.866 122.856 122.913
116.303 116.313 116.291 118.776 121.666 120.853 120.401 119.513 119.646 118.801 118.296 115.666 112.548 112.628 115.488 114.943 113.921 112.763 113.183 114.131 115.293 116.336 116.456 116.361 116.386 117.061 117.531 118.631 118.553 118.446 118.653 118.891 118.863 118.878 118.933 119.981 121.556 122.446 121.168 123.176 123.038 126.603 135.206 139.238 141.993 142.921 141.408 142.493 143.756 145.183 143.911 141.741 139.591 135.446 122.713 122.481 123.828 125.571 125.113 124.443 124.051 123.868 124.018 124.048 122.963 122.581 122.653 122.733 122.768 122.783
116.171 116.208 116.233 117.623 120.138 122.786 120.896 121.808 117.968 116.698 115.296 114.113 112.411 114.046 114.993 113.571 112.836 112.661 113.093 114.043 115.146 116.151 116.183 116.101 116.126 116.893 119.036 119.401 118.808 119.831 119.381 118.816 119.036 118.981 118.978 119.286 122.273 122.653 122.836 122.446 119.731 120.633 128.043 136.366 138.801 140.258 142.023 143.981 146.023 147.273 145.783 143.693 143.698 139.176 129.798 122.856 122.843 123.121 123.561 125.376 125.433 124.103 124.171 124.311 123.981 122.696 122.463 122.543 122.633 122.636
116.113 116.248 116.333 117.813 121.581 120.823 120.421 120.721 118.706 114.136 112.653 112.251 112.298 114.191 113.528 113.291 112.896 112.491 112.948 113.851 114.898 115.958 115.921 115.838 116.346 119.176 118.493 117.883 119.638 119.678 118.893 118.901 119.198 119.156 119.043 119.026 120.203 122.748 121.621 119.881 120.088 119.346 121.116 129.693 137.953 139.376 141.083 143.353 145.636 146.986 145.611 143.668 141.786 139.988 137.761 136.061 136.853 125.741 123.593 125.538 126.646 125.208 124.391 124.641 125.256 123.771 122.486 122.356 122.421 122.478
116.201 116.218 116.146 116.338 120.106 119.513 119.981 118.073 112.403 112.128 112.123 112.101 113.186 115.121 113.616 113.383 112.286 112.383 112.786 113.628 114.658 115.646 115.663 115.566 117.478 122.901 120.668 117.433 118.811 118.041 118.631 119.063 119.151 119.198 119.133 119.053 119.021 120.403 119.933 119.921 118.806 118.731 119.018 122.933 131.653 137.941 139.601 141.776 143.843 144.823 143.408 141.851 139.733 138.381 137.278 137.903 135.981 126.888 123.641 124.676 126.613 126.916 125.353 124.671 124.673 124.503 123.343 122.231 122.223 122.328
116.071 116.111 115.996 117.501 118.683 120.538 116.058 115.616 111.998 112.011 112.008 112.266 114.278 115.523 113.411 113.453 112.886 112.266 112.591 113.406 114.356 115.331 115.461 115.321 115.613 118.833 116.953 116.086 116.273 117.068 118.876 119.476 119.228 119.573 119.251 119.111 118.998 118.921 119.146 118.723 118.923 119.298 118.296 119.056 122.806 132.188 139.796 140.351 142.878 142.931 141.383 139.776 139.596 137.241 136.021 135.633 127.538 124.896 124.308 124.801 126.178 127.223 126.736 125.276 124.816 124.933 125.356 122.851 122.278 122.621
115.131 114.768 116.071 118.261 119.813 117.116 114.728 112.286 111.751 111.856 111.851 112.348 114.248 113.226 113.378 112.021 112.506 112.126 112.378 113.111 114.031 115.018 115.368 115.108 114.958 115.118 115.756 115.653 115.433 115.578 117.653 119.261 119.221 119.518 119.201 119.118 118.971 118.801 118.713 118.528 118.438 118.616 118.236 118.211 119.096 126.236 134.653 138.863 140.938 140.813 139.101 139.373 137.273 136.001 132.553 126.678 123.808 123.158 125.356 127.031 128.858 127.208 126.391 125.346 124.938 124.986 125.438 124.061 122.443 122.756
114.776 114.866 114.861 118.006 117.378 117.323 114.183 113.241 111.663 111.718 111.838 113.208 115.623 114.256 113.196 111.778 111.893 111.991 112.181 112.743 113.593 114.536 115.173 114.948 114.818 114.626 114.693 115.238 114.908 114.418 114.476 117.998 119.116 119.166 119.016 118.963 118.911 118.708 118.603 118.508 118.371 118.283 118.218 118.538 118.338 119.826 125.461 133.551 138.063 138.911 138.018 136.703 134.026 126.558 123.398 123.386 123.501 124.211 124.828 126.951 126.523 125.458 124.938 124.931 125.076 125.141 125.338 124.856 123.486 122.038
114.001 114.318 116.606 119.121 116.391 116.046 114.091 112.051 111.596 111.633 112.976 115.031 114.656 115.081 115.473 111.671 111.738 111.891 112.016 112.308 113.033 113.893 114.746 114.858 114.631 114.448 114.288 114.206 114.083 114.108 114.191 114.448 118.496 119.973 119.123 118.628 118.588 118.521 118.521 118.451 118.346 118.271 118.351 119.356 118.766 118.466 120.381 125.056 134.946 137.353 135.846 132.496 124.756 122.798 122.176 123.338 123.726 124.801 125.253 127.438 126.066 125.001 124.988 124.941 125.373 125.473 125.173 125.098 124.356 122.651
113.631 114.058 117.071 117.236 117.776 115.448 111.476 111.426 111.506 111.518 113.973 114.426 117.168 116.788 113.593 111.308 111.508 111.701 111.866 112.053 112.468 113.211 113.858 114.628 114.471 114.303 114.143 114.016 113.898 113.963 114.071 114.766 117.303 119.256 119.001 119.611 119.023 118.341 118.426 118.388 118.321 118.468 118.583 118.406 118.971 118.206 118.396 120.046 133.828 142.391 135.873 135.793 130.066 122.231 122.483 123.311 124.143 125.568 127.673 128.453 128.051 125.576 125.016 124.986 124.978 125.121 125.636 125.168 125.273 124.036
114.108 113.653 119.343 117.871 115.243 111.776 111.296 111.341 115.136 116.018 114.531 113.528 118.343 119.253 113.813 111.256 111.118 111.521 111.668 111.816 112.128 112.563 113.281 114.101 114.433 114.163 114.003 113.853 113.768 113.778 114.561 115.476 116.671 117.701 119.503 119.943 118.943 118.248 118.311 118.356 119.336 119.863 118.456 118.031 118.026 118.241 118.643 118.361 120.808 127.833 132.923 129.248 124.381 122.416 122.741 123.636 123.806 126.156 129.568 130.898 128.376 126.898 125.533 125.071 125.901 125.473 125.453 125.231 125.138 124.678
115.143 115.666 117.208 117.543 113.738 111.178 111.178 111.206 115.066 117.948 114.958 113.553 116.328 115.151 111.763 111.113 111.066 111.333 111.613 111.771 111.941 113.228 112.593 113.261 113.983 114.136 113.843 113.731 113.611 113.808 115.146 115.808 117.471 117.786 119.481 118.856 118.213 118.193 118.261 118.478 118.521 118.563 118.033 118.936 119.191 119.291 118.943 118.331 120.063 121.256 121.868 124.931 122.211 123.273 123.873 126.046 126.223 127.513 127.733 128.803 126.668 125.423 125.568 125.233 126.191 126.023 126.471 126.663 125.141 124.993
115.953 116.088 117.391 115.838 113.483 111.033 111.036 111.153 113.713 116.876 114.898 115.691 112.328 112.058 111.046 111.066 111.106 111.358 112.313 113.128 112.931 113.291 113.201 112.693 113.298 114.563 113.826 113.573 113.438 113.338 114.043 117.871 118.416 118.403 118.441 119.356 118.311 118.363 118.263 118.193 118.291 118.078 120.771 125.468 127.191 122.003 117.986 118.146 119.883 119.621 120.141 122.561 123.448 124.858 127.023 131.528 130.868 128.771 127.806 126.473 125.931 126.516 127.381 131.316 132.111 127.733 125.383 126.516 125.561 124.998
113.366 116.428 116.546 117.388 111.468 112.033 110.961 111.098 113.248 113.898 114.141 113.398 112.548 111.226 110.978 110.981 111.361 112.101 113.123 113.598 112.291 111.973 112.161 113.298 115.213 117.896 114.268 113.518 113.306 113.168 117.463 118.036 117.841 117.981 120.663 118.513 118.993 120.008 118.521 118.016 118.301 121.568 128.938 129.256 129.358 126.933 118.656 117.936 118.261 119.213 119.256 122.048 125.406 127.186 127.321 126.401 127.588 130.128 127.866 126.463 127.658 130.068 131.976 132.646 132.136 129.353 127.251 125.688 126.586 124.913
114.478 115.713 114.753 112.901 112.231 111.813 110.858 111.501 112.273 113.623 111.956 111.881 112.713 112.131 111.561 112.548 112.268 114.338 114.023 112.278 111.741 111.736 111.806 111.721 113.618 117.948 116.881 116.688 113.771 116.768 118.138 117.743 117.861 122.073 126.398 124.508 118.181 119.173 117.961 120.021 125.961 128.191 129.551 129.968 129.996 129.548 128.068 119.853 117.941 118.538 118.803 121.108 125.551 127.443 126.663 125.426 125.013 128.731 129.736 128.778 128.806 131.391 133.091 133.371 134.456 133.171 128.588 125.498 126.156 125.828
116.388 114.716 114.538 110.618 110.638 110.678 111.093 111.391 110.828 111.301 110.783 111.091 111.941 111.451 113.658 112.788 112.343 114.258 113.066 112.273 111.791 111.798 113.958 112.356 114.746 116.801 118.558 118.638 118.638 117.871 117.698 122.318 123.678 126.748 126.676 126.548 123.386 117.796 119.181 124.411 128.963 129.848 130.063 130.781 130.008 129.958 129.328 127.001 120.253 118.056 119.341 119.183 120.391 126.486 127.346 125.561 123.731 127.781 129.523 129.378 129.036 132.943 133.286 133.278 135.188 134.926 130.578 125.801 125.383 126.043
120.493 120.343 114.826 111.356 110.543 110.968 111.303 111.011 111.056 110.353 110.328 110.508 110.993 111.696 113.273 112.711 111.483 111.853 112.431 113.011 111.996 114.518 115.318 117.566 117.788 117.601 119.381 117.928 118.008 117.736 121.736 126.948 126.638 126.658 126.688 126.853 124.736 118.031 125.628 129.251 129.741 130.161 130.206 130.071 130.021 129.998 129.948 129.471 126.361 118.631 119.368 118.968 119.313 122.218 125.913 121.751 123.786 126.246 125.198 128.888 131.171 133.108 134.561 134.593 135.248 133.516 126.533 125.431 125.408 125.856
120.928 116.688 114.986 111.393 110.443 112.198 112.763 111.591 110.331 110.246 110.248 110.276 110.463 113.531 113.648 112.056 111.598 111.691 111.851 112.838 114.921 114.878 117.748 118.098 117.726 121.051 121.418 119.483 117.701 119.161 124.361 126.716 126.861 126.951 126.751 126.713 125.278 125.563 128.676 129.648 130.191 130.353 130.151 130.226 130.441 130.036 130.003 129.911 129.656 124.798 118.768 118.858 118.976 123.066 122.648 123.571 124.133 125.753 125.743 128.681 129.673 133.681 134.933 135.393 134.833 129.901 125.703 125.393 125.431 125.638
