LIDAR-DSM-2M-TQ28ne/tq2689_DSM_2M.asc
ncols 500
nrows 500
xllcorner    526000
yllcorner    189000
cellsize     2
NODATA_value -9999
[rows 256 to 287 of 500, columns 426 to 496 of 500]
94.013 94.035 94.145 94.995 93.903 93.808 93.77 95.905 99.88 102.585 102.91 103.023 103.38 103.423 103.055 102.708 97.813 94.215 94.2 94.513 93.913 96.32 97.153 101.018 103.088 103.793 104.145 103.59 102.988 96.625 94.29 94.683 94.11 93.853 93.92 94.81 93.803 93.903 94.013 94.168 94.278 94.208 94.118 94.16 94.135 91.19 90.45 89.535 89.235 89.215 88.975 88.85 88.788 94.803 94.675 94.688 94.65 92.743 88.88 88.955 91.755 93.195 93.958 94.568 94.545 94.958 95.055 94.993 94.88 94.823 94.673
94.008 94.608 94.133 93.935 93.86 93.83 93.775 93.768 94.64 98.688 100.873 102.408 102.785 103.175 103.458 102.605 95.35 94.35 93.96 93.968 94.128 95.678 98.15 102.575 103.215 103.91 103.843 103.228 99.878 94.16 94.295 94.375 93.915 93.748 93.715 93.695 93.795 94.11 94.208 93.77 94.11 94.64 94.238 93.848 92.99 93.17 91.548 90.573 89.24 89.203 89.17 88.945 92.895 94.613 94.648 94.683 94.703 92.415 88.815 88.895 89.1 92.155 93.455 94.053 94.675 94.508 94.763 94.833 94.848 94.878 94.75
93.94 94.028 93.908 93.868 93.895 93.865 93.833 93.8 93.858 94.93 95.195 98.883 102.178 102.53 102.858 94.423 95.715 94.923 94.41 93.91 93.93 94.098 101.703 102.933 103.56 103.773 103.175 102.73 95.668 94.02 94.42 94.515 93.745 93.703 93.7 93.693 93.79 93.878 94.423 93.813 94.973 94.088 94.495 94.063 94.103 93.663 92.715 91.618 90.81 89.245 89.215 89.165 94.71 94.578 94.645 94.625 93.83 89.113 88.82 88.82 88.988 89.32 92.333 93.583 94.233 94.775 94.6 94.815 94.913 94.698 95.075
94.798 96.223 95.97 94.165 93.908 93.875 93.88 93.84 95.578 94.26 93.628 93.98 97.015 100.385 99.303 94.493 94.81 93.8 94.06 94.313 93.963 98.625 102.675 103.333 103.815 103.398 102.793 99.703 93.925 94.413 94.258 93.765 93.673 93.68 93.703 93.743 93.798 93.718 93.59 93.828 98.87 98.645 94.865 94.503 94.11 93.723 93.685 93.073 91.995 90.24 89.23 94.218 94.52 94.57 94.578 94.78 90.043 89.113 88.968 88.785 88.76 88.895 89.78 92.708 93.515 94.168 94.39 94.538 94.96 94.948 95.465
94.188 97.74 101.635 96.788 94.43 93.848 93.843 94.475 94.82 94.083 94.418 94.04 93.593 94.108 95.11 94.335 94.393 94.24 93.73 93.66 95.103 102.39 103.053 103.683 103.65 103.065 102.39 95.985 94.015 94.643 94.433 93.693 93.638 93.623 93.648 93.743 93.763 93.645 93.515 99.85 102.008 101.4 100.795 96.943 94.223 94.145 93.883 93.723 93.42 91.8 90.063 94.68 94.428 94.485 94.56 92.24 88.845 89.01 89.098 88.935 88.733 88.708 88.778 90.043 92.675 93.223 94.165 94.685 94.578 94.618 95.793
93.918 97.713 100.595 99.935 99 97.35 94.38 94.378 93.985 94.87 95.578 93.753 93.67 93.813 95.47 93.855 93.86 94.788 94.47 93.515 99.523 102.47 103.27 103.783 103.298 102.66 97.425 93.95 94.063 94.618 93.683 93.58 93.553 93.6 93.653 93.73 93.698 93.715 95.063 102.208 102.883 103.273 101.803 99.82 96.045 93.853 94.333 95.613 95.483 93.265 94.635 94.315 94.388 94.44 94.348 90.143 88.69 88.82 89.023 89.078 88.833 88.705 88.713 88.695 90.368 92.71 93.73 94.62 94.713 94.675 95.033
93.908 94.07 97.92 100.818 98.678 95.665 95.368 95.198 94.128 96.673 100.825 94.49 93.75 96.215 96.615 94.2 93.765 93.715 93.938 94.97 102.245 102.873 103.46 103.253 102.773 100.093 93.808 94.163 94.368 93.573 93.548 93.475 93.513 93.548 93.663 93.665 93.585 93.75 100.728 102.625 103.298 103.203 102.488 100.658 94.28 93.67 94.925 96.485 94.588 94.715 94.37 94.198 94.303 94.403 92.215 88.873 88.683 88.685 88.848 89 89.038 88.763 88.683 88.663 88.653 90.885 93.045 94.203 94.87 94.678 94.715
93.96 93.875 93.783 95.248 95.058 93.668 94.025 95.69 95.63 96.44 97.25 95.688 94.098 97.38 96.49 95.483 95.268 93.588 93.538 99 102.6 103.238 103.455 102.825 102.268 95.6 93.488 93.515 93.545 93.483 93.433 93.463 93.465 93.553 94.14 94.308 93.585 97.228 102.295 102.98 103.405 102.783 101.788 96.56 93.558 93.435 93.843 93.988 94.4 94.075 93.96 94.07 94.193 94.153 89.363 89.088 88.83 88.69 88.663 88.823 88.983 88.998 88.73 88.67 88.598 88.558 91.678 93.185 94.06 94.835 94.703
93.755 93.705 93.7 94.64 94.21 93.603 93.64 95.273 95.735 98.215 95.193 96.418 96.033 96.19 94.4 93.473 94.633 95.558 96.525 102.333 102.965 103.49 103.125 102.523 100.39 93.358 93.318 93.415 93.558 93.36 93.325 93.35 93.413 93.538 93.548 93.855 94.383 100.753 102.718 103.338 103.05 102.358 98.288 93.608 93.56 93.353 93.63 93.81 94.028 93.745 93.873 93.953 94.085 92.325 89.02 89.05 89.07 88.765 88.685 88.685 88.888 88.985 88.905 88.643 88.56 88.56 89.328 91.973 93.213 94.038 94.718
93.703 93.693 94.173 95.543 93.92 93.565 93.63 93.888 94.42 97.035 95.265 94.99 95.65 95.22 94.67 93.775 93.248 93.22 101.643 102.555 103.275 103.393 102.76 101.67 94.14 93.543 93.923 93.235 93.243 93.22 93.243 93.253 93.383 93.425 93.37 93.708 99.443 102.425 103.123 103.325 102.64 101.925 93.505 93.435 93.803 93.928 93.74 93.693 93.778 93.658 93.753 93.82 95.17 92.048 90.16 89.005 89.043 89.023 88.775 88.663 88.693 88.875 88.94 88.873 88.583 88.52 88.59 89.463 92.52 93.288 94.243
93.708 93.783 95.293 94.128 93.525 93.48 93.713 94.885 93.778 94.415 94.413 93.85 96.003 97.313 95.488 93.285 93.22 96.458 102.16 102.8 103.235 102.89 102.403 96.148 93.425 94.215 93.395 93.123 93.048 93.098 93.118 93.18 93.725 93.773 93.15 95.655 102.063 102.848 103.365 102.938 102.21 96.72 93.488 93.343 93.543 93.855 97.225 98.095 94.663 93.55 93.603 93.678 93.773 92.06 90.825 89.588 89.028 89.043 88.988 88.685 88.673 88.718 88.883 88.933 88.823 88.575 88.55 88.688 89.758 92.633 93.83
93.51 94.79 94.388 93.75 93.558 93.433 94.02 94.405 93.73 93.738 93.753 93.86 96.525 100.408 94.283 95.748 95.643 99.015 100.565 103.153 102.998 102.345 100.088 93.618 93.145 93.385 93.485 92.948 92.925 92.98 93.015 93.405 93.95 93.715 93.28 98.995 102.095 102.975 103.19 102.498 100.743 93.548 94.28 94.353 93.245 94.375 100.328 104.293 96.888 93.425 93.445 93.733 93.708 92.735 91.375 89.915 89.24 89.01 89.003 88.868 88.645 88.595 88.683 88.883 88.893 88.685 88.618 88.508 88.613 90.143 92.793
95.708 95.635 93.395 93.375 93.358 94.105 94.713 93.815 93.763 93.723 93.768 93.83 93.64 93.583 94.09 96.705 97.175 95.38 95.833 98.368 102.085 101.958 96.388 93.003 93.003 92.94 92.915 92.858 92.865 92.895 93.043 93.13 93.528 93.458 99.453 101.77 102.473 102.898 102.328 101.878 95.89 93.385 93.343 93.503 94.89 93.96 95.428 95.888 94.125 93.263 93.898 94.248 94.125 93.225 92.088 90.473 89.388 88.913 88.978 88.958 88.793 88.56 88.565 88.688 88.875 88.878 88.56 88.508 88.495 88.475 90.518
96.833 95.708 94.425 93.598 93.45 93.868 93.688 93.75 93.733 93.723 93.928 93.368 93.398 93.693 93.64 96.608 97.138 96.195 96.273 95.548 95.983 95.998 93.113 92.94 92.855 92.808 93.073 92.728 92.748 92.84 93.01 93.05 92.965 94.535 101.01 102.168 102.788 102.558 101.863 99.16 93.313 93.27 93.123 94.225 93.998 93.733 93.495 93.05 93.115 93.205 94.89 93.518 93.643 93.758 92.478 91.53 90.003 89.283 88.883 88.953 88.93 88.658 88.563 88.553 88.7 88.848 88.853 88.573 88.53 88.483 88.503
99.615 96.865 96.04 95.585 94.28 94.135 93.575 93.438 93.693 93.78 93.345 93.265 93.78 95.143 94.285 94.87 97.663 96.588 95.375 95.205 95.675 94.158 93.268 92.885 92.788 92.778 93.383 92.638 92.655 92.818 93.193 93.008 92.875 97.735 101.875 102.588 102.83 102.14 101.068 95.265 93.013 92.88 93.568 95.19 93.953 93.143 92.893 92.955 93.018 93.295 94.715 93.5 93.26 93.46 93.058 91.898 90.963 89.63 89.143 88.855 88.94 88.865 88.615 88.523 88.528 88.74 88.828 88.778 88.575 88.413 88.535
101.98 100.618 97.915 96.523 96.16 95.663 96.083 94.203 93.51 94.408 93.63 93.45 94.98 95.143 93.4 93.11 93.225 93.088 94.205 95.168 96.903 96.52 93.265 94.533 92.633 92.65 92.618 92.543 92.595 92.76 93.313 93.653 94.875 100.52 101.98 102.85 102.443 101.75 96.068 94.318 93.193 92.865 92.895 94.198 93.075 92.75 92.795 92.825 92.943 93.065 93.128 94.19 94.95 93.788 93.17 92.13 91.263 90.36 89.348 88.893 88.798 88.91 88.845 88.598 88.548 88.585 88.75 88.813 88.733 88.43 88.4
102.163 100.883 98.953 96.508 98.945 98.403 96.893 95.523 95.448 93.845 93.31 93.95 95.063 93.563 93.075 93.195 93.055 93.128 95.348 93.135 94.15 94.76 94.375 95.208 93.748 92.468 92.438 92.46 92.61 92.638 92.533 93.413 98.805 101.485 102.188 102.198 101.755 100.158 93.598 93.275 93.31 93.92 93.008 93.605 92.813 92.623 92.678 92.718 92.978 93.485 93.09 93.578 95.763 95.263 93.118 92.615 91.768 90.968 90.163 89.165 88.733 88.89 88.883 88.815 88.588 88.588 88.573 88.73 88.783 88.705 88.433
101.4 99.235 96.508 95.723 101.278 100.505 99.72 98.253 95.785 94.7 93.58 93.353 93.15 93.098 93.098 93.133 93.068 96 93.685 92.915 93.163 94.933 96.188 95.12 93.558 92.353 92.34 92.435 92.525 92.488 92.398 96.2 101.213 101.925 102.348 101.768 101.073 95.703 93.168 93.343 92.915 93.698 92.973 92.79 93.028 92.798 92.553 92.678 93.525 93.41 93.243 92.92 92.695 94.22 93.87 93.008 92.425 91.618 90.92 90.045 89.088 88.745 88.87 88.88 88.748 88.568 88.595 88.59 88.713 88.795 88.595
100.235 95.84 93.74 100.998 102.495 101.718 100.925 100.165 99.243 96.483 95.735 93.75 93.128 93.018 93.12 93.143 95.455 95.288 92.83 92.803 94.048 97.103 97.293 94.238 92.268 92.248 92.245 92.388 92.34 92.233 94.185 100.45 101.625 102.278 102.068 101.345 97.688 92.368 92.425 92.713 93.343 94.248 95.54 92.5 92.828 92.423 92.493 92.698 92.71 93.445 93.87 92.215 92.213 92.365 93.368 93.098 92.973 92.213 91.415 90.705 89.843 89.19 88.773 88.888 88.838 88.698 88.535 88.553 88.588 88.735 88.743
97.763 95.363 98.41 101.453 102.3 102.635 102.313 101.393 100.643 99.915 97.59 94.408 94.508 92.953 93.048 93.293 94.978 92.805 92.765 92.79 94.388 95.4 94.575 92.188 92.125 92.12 92.228 92.453 92.188 92.023 96.328 100.953 101.95 102.293 101.615 100.675 93.8 93.478 92.508 92.488 92.715 93.773 93.963 92.198 92.228 92.288 92.665 93.453 92.965 95.388 97.833 96 94.783 93.493 92.42 93.028 93.085 92.825 91.988 91.275 90.758 89.508 88.97 88.728 88.865 88.803 88.623 88.493 88.55 88.563 88.768
97.908 96.823 99.003 100.27 101.13 101.868 102.898 102.253 101.165 99.983 96.108 97.153 98.573 96.168 93.068 94.69 93.27 92.745 92.83 93.765 96.235 96.61 94.255 92.008 92 91.99 92.155 93.108 92.518 95.695 100.498 101.183 101.718 101.643 101.12 96.755 92.558 93.11 93.523 92.835 92.513 92.563 92.053 92.078 92.12 92.275 93.173 93.338 93.773 98.925 99.215 98.59 97.98 96.08 93.193 92.45 93.045 92.955 92.798 91.92 91.263 90.513 89.29 88.698 88.705 88.8 88.78 88.543 88.435 88.378 88.533
98.245 93.808 95.645 98.898 100.338 100.678 101.413 101.573 100.408 98.263 96.715 100.943 100.203 99.483 97.973 96.045 93.463 92.663 92.848 95.743 96.183 93.113 92.078 91.92 91.898 91.893 92.05 91.963 92.128 98.343 100.923 101.605 101.61 100.908 98.92 93.083 93.11 92.585 92.463 94.823 94.563 92.26 91.908 91.97 92.043 92.3 93.065 93.08 95.605 98.858 99.455 99.443 98.925 98.3 95.953 92.488 92.548 92.858 93.03 92.705 91.993 91.043 90.265 89.215 88.908 88.73 88.788 88.738 88.443 88.375 88.438
93.588 93.47 93.133 94.833 96.643 99.405 100.428 100.6 99.643 93.763 99.743 101.878 101.335 100.62 99.895 99.155 95.165 93.403 93.155 95.023 92.753 93.245 92.02 91.85 91.808 91.795 91.893 91.9 95.89 100.633 101.318 101.795 101.195 100.47 94.083 91.983 92.703 94.008 93.235 93.96 95.63 91.788 91.788 91.808 91.933 92.443 92.29 92.958 94.548 96.875 98.513 99.128 99.56 99.273 98.628 96.093 92.23 92.708 92.898 92.91 92.528 91.623 90.855 90.615 89.05 88.9 88.765 88.77 88.683 88.418 88.418
93.313 93.548 93.445 93.31 93.5 94.963 98.798 99.64 97.248 97.353 100.465 101.19 101.843 102.003 101.018 100.283 99.255 95.58 93.855 94.495 92.723 92.24 92.013 91.853 91.748 91.76 91.728 91.753 93.493 96.315 101.695 101.488 100.783 96.74 92.573 91.888 92.105 92.595 93.793 93.75 92.438 91.633 91.68 91.693 91.763 92.118 92.598 92.348 92.16 92.673 95.5 98.08 98.793 99.385 99.52 93.573 92.24 92.25 93.2 92.96 92.818 92.148 91.44 90.76 90.045 89.043 88.693 88.728 88.73 88.628 88.42
92.763 93.053 93.93 93.303 93.093 93.263 93.538 94.21 94.103 97.348 99.335 100.153 100.83 101.608 101.93 101.443 99.143 93.56 94.403 92.85 92.388 92.033 91.988 91.933 91.76 91.688 91.675 91.64 91.64 92.288 93.808 99.853 99.263 93.193 92.135 91.983 92.608 91.998 93.183 92.443 91.54 91.53 91.535 91.58 91.605 91.703 91.938 91.98 92.465 92.033 92.073 93.563 96.633 98.463 95.163 92.135 92.293 92.175 92.318 93.55 92.845 92.83 91.968 91.383 90.698 89.695 88.823 88.705 88.68 88.725 88.618
92.68 92.863 93.095 92.83 93.233 93.9 93.66 93.113 92.833 93.835 98.378 99.318 99.665 100.385 101.098 101.343 94.233 94.698 93.125 92.095 91.858 92.405 92.38 92.438 91.848 91.718 91.623 91.583 91.533 91.548 91.56 92.908 93.198 91.745 91.783 91.848 92.073 92.323 92.218 91.503 91.423 91.448 91.463 91.45 91.475 91.558 91.59 91.658 92.35 93.35 92.495 92.093 92.553 94.035 93.035 95.825 93.38 92.83 92.638 92.41 93.385 92.79 92.9 91.88 91.385 90.91 89.795 88.845 88.683 88.695 88.685
92.583 92.863 93.035 92.703 92.793 93.035 93.59 92.803 92.605 92.855 94.338 97.44 99.04 99.328 99.945 98.438 94.79 96.993 95.688 96.36 92.35 92.418 92.423 91.868 93.89 94.245 91.62 91.5 91.46 91.458 91.425 91.45 91.76 91.77 92.305 91.79 91.83 92.76 91.708 91.305 91.333 91.375 91.663 91.758 91.61 91.5 91.508 91.57 91.615 93.01 92.878 91.943 91.975 92.178 96.415 98.623 98.008 95.863 95.193 92.868 92.493 92.745 92.888 92.583 91.935 92.07 91.31 89.403 88.813 88.708 88.725
92.645 93.11 92.603 92.558 92.563 92.728 93.7 92.49 92.683 92.638 93.065 93.485 94.853 97.353 98 95.143 96.718 98.185 99.595 100.61 99.76 93.148 91.79 91.875 92.603 92.563 91.943 91.585 91.463 91.395 91.355 91.33 92.025 92.025 92.45 93.415 92.893 92.698 91.228 91.223 91.24 91.55 92.218 92.083 94.483 92.495 91.653 91.515 91.563 91.628 91.765 91.885 91.888 94.755 99.09 99.413 99.01 98.37 97.55 93.32 92.115 92.603 93.065 92.908 92.905 92.583 92.443 91.575 89.533 88.915 88.718
93.308 93.145 92.663 92.353 92.41 92.885 92.898 92.803 92.31 92.825 93.773 92.443 92.84 93.16 95.215 95.315 97.92 99.005 101.598 101.335 100.868 100.458 98.608 92.73 91.755 92.773 92.055 92.048 91.535 91.418 91.29 91.24 91.215 91.28 91.21 91.248 92.015 91.538 91.128 91.155 91.238 91.403 91.68 93.668 97.728 98.42 95.4 91.985 91.625 91.603 91.713 91.795 91.923 95.018 97.788 98.745 99.343 99.29 98.713 98.088 95.033 92.318 92.913 92.893 93.293 93.115 92.295 92.193 91.73 89.453 89.218
94.6 94.978 92.748 92.2 92.248 93.075 93.003 92.555 92.125 92.875 92.315 92.39 92.725 92.43 93.205 95.743 96.7 100.35 101.24 101.625 101.57 101.15 100.773 100 95.388 92.505 92.368 91.915 91.46 91.418 91.325 91.19 91.123 91.08 91.088 91.065 91.068 91.06 91.04 91.105 91.318 92.473 93.925 96.258 98.323 98.97 98.145 96.36 92.35 91.605 91.645 91.8 91.955 92.118 93.78 96.703 98.4 99.023 99.413 99.075 94.658 91.945 92.903 94.678 92.978 92.96 93.005 92.423 92.343 90.79 89.928
92.083 92.973 92.065 92.073 92.378 92.125 91.955 91.95 92.755 94.035 92.118 92.09 92.34 92.603 93.158 92.73 93.345 97.903 100.535 100.98 101.418 101.635 101.323 100.703 100.26 98.933 94.128 91.528 91.273 91.468 91.565 91.243 91.138 91.035 91.003 90.975 90.968 90.978 90.97 91.09 91.333 93.488 96.123 97.913 98.8 98.568 97.365 95.365 92.538 91.718 91.653 91.783 92.15 92.15 92.203 92.903 95.828 98.048 98.685 96.175 91.998 91.893 92.173 93.075 93.67 92.895 93.14 93.293 92.628 92.21 91.363
92.058 91.913 91.893 91.895 91.96 91.868 91.813 92.025 93.695 94.775 92.368 92.113 92.048 91.96 93.458 91.953 91.678 92.185 95.55 99.465 100.743 101.128 101.25 101.32 100.968 100.548 100.103 95.813 91.505 91.923 91.73 91.87 91.15 91.035 90.89 90.883 90.908 90.903 90.938 91.12 91.868 93.075 97.468 98.495 98.92 97.978 96.428 93.708 92.12 91.785 91.585 91.813 92.168 92.108 92.21 92.263 92.42 93.508 96.428 92.718 91.963 91.95 92.648 93.973 93.013 93.345 93.108 93.005 93.258 93.475 93.353
