LIDAR-DSM-2M-TQ28ne/tq2688_DSM_2M.asc
ncols 500
nrows 500
xllcorner    526000
yllcorner    188000
cellsize     2
NODATA_value -9999
[rows 224 to 255 of 500, columns 355 to 425 of 500]
72.353 72.783 72.858 72.233 72.151 73.593 76.501 74.538 73.621 77.353 80.728 81.356 81.446 80.263 75.246 73.576 73.606 73.786 73.708 73.693 73.783 79.278 76.681 80.856 81.583 79.336 78.793 78.363 78.753 82.326 84.953 83.943 77.601 75.538 75.648 75.726 75.808 75.908 76.006 76.553 76.561 78.393 80.933 83.558 84.788 85.598 85.083 83.708 80.058 76.833 76.993 78.381 78.071 77.763 77.488 77.461 77.548 77.608 77.636 77.738 78.396 77.716 77.646 77.598 77.576 77.621 82.888 86.746 86.771 86.148 81.146
72.778 72.938 72.566 72.231 72.956 76.578 79.973 79.143 75.203 73.776 76.081 77.598 79.316 79.601 74.238 73.696 73.676 73.783 73.848 73.791 74.748 77.961 79.893 81.781 80.771 80.163 80.128 79.793 79.771 83.161 88.346 81.323 75.413 75.498 75.611 75.703 75.801 75.873 76.091 76.643 76.526 78.401 80.213 83.481 85.308 86.041 84.948 83.193 80.388 76.821 76.988 77.158 77.308 77.453 77.381 77.428 77.493 77.516 77.571 77.643 77.863 77.786 77.851 77.693 77.581 77.738 85.373 86.843 86.736 85.941 80.946
72.721 72.398 72.166 72.886 77.963 80.276 81.381 80.901 79.421 77.093 72.961 74.358 73.956 74.451 73.651 73.698 73.568 73.496 73.681 73.728 73.843 79.221 83.116 76.093 80.723 79.591 79.698 80.763 81.193 80.588 79.671 78.308 75.423 75.451 75.583 75.636 75.741 75.848 76.131 77.303 77.098 77.851 80.806 83.653 85.456 86.051 84.521 82.531 78.088 76.838 76.968 77.176 78.576 80.191 80.023 77.353 77.438 77.408 77.571 77.903 78.126 77.856 77.708 77.536 77.628 79.876 86.023 86.811 86.793 85.586 80.448
72.008 72.956 72.106 76.616 80.206 81.368 81.526 81.521 81.028 80.116 78.623 73.206 73.483 73.928 73.483 73.733 73.583 73.556 73.581 73.568 78.816 78.486 78.518 78.131 76.628 78.806 78.971 76.266 76.843 77.216 77.721 75.616 75.236 75.271 75.683 75.651 75.773 76.038 76.243 78.751 80.703 78.146 80.053 83.761 84.751 84.876 84.043 82.046 76.893 76.788 76.961 77.111 80.818 81.591 80.641 78.923 77.363 77.381 78.316 78.431 79.298 77.878 77.681 77.546 77.618 80.148 86.166 86.801 86.753 84.431 80.218
71.638 72.688 74.813 77.746 80.738 81.558 81.548 80.218 81.508 81.428 80.641 78.623 72.316 73.761 74.388 73.558 73.843 73.618 73.581 74.523 78.086 81.636 80.383 80.108 76.691 79.826 79.171 77.121 77.773 75.611 75.303 75.096 76.068 76.128 76.616 76.201 75.693 76.016 75.771 77.381 79.013 77.888 79.906 81.076 82.031 83.191 83.288 81.053 76.923 76.748 76.916 77.623 81.158 82.243 82.838 77.813 77.276 77.303 77.453 78.391 80.273 78.953 77.581 77.808 77.601 81.188 86.363 86.803 86.688 84.631 78.726
74.593 74.076 74.263 74.681 78.688 80.783 81.538 80.193 80.488 81.451 80.458 78.241 73.513 72.243 72.803 74.093 74.878 74.843 73.801 74.411 77.983 81.138 80.173 80.218 77.188 77.916 79.723 79.953 78.046 75.921 74.678 74.383 74.441 74.598 74.783 75.668 75.816 76.733 78.483 76.493 76.893 77.116 77.963 78.398 79.653 81.488 82.108 79.421 76.703 76.708 76.843 78.488 81.638 80.518 78.806 77.181 77.171 77.258 77.971 78.091 77.528 77.546 77.848 78.591 77.818 82.346 86.283 86.681 86.511 83.543 78.996
78.793 74.616 74.128 73.861 76.766 79.376 80.768 81.491 81.461 80.708 78.811 74.448 72.298 72.268 72.298 72.511 73.546 76.873 74.141 73.903 78.021 77.293 79.933 77.181 80.761 78.528 78.486 76.686 78.678 75.613 74.741 74.383 74.476 74.558 74.676 74.781 74.816 75.423 77.091 78.836 78.753 78.461 77.816 77.583 77.398 78.713 80.198 76.961 76.611 76.681 76.816 76.916 77.041 79.298 77.076 77.108 77.103 77.166 77.661 77.493 77.483 77.483 77.721 78.453 80.983 83.621 84.866 85.326 84.541 81.543 78.193
80.103 77.968 76.068 76.201 73.148 76.453 79.016 80.566 80.771 78.356 72.903 72.213 72.228 72.251 72.338 72.521 72.683 73.218 74.166 74.976 77.428 80.431 78.213 81.118 80.941 80.173 77.493 76.513 75.576 74.453 74.281 74.358 74.456 74.558 74.668 74.793 74.871 76.158 77.748 79.021 78.858 78.423 78.603 78.541 78.536 78.308 78.541 77.763 77.781 77.608 77.706 77.493 76.983 76.921 77.211 77.006 76.998 77.158 80.623 79.478 81.316 77.448 77.503 77.673 81.301 83.438 84.866 84.053 79.043 77.718 78.818
80.846 79.708 80.216 78.438 74.226 72.706 74.661 78.886 78.303 76.173 72.238 72.818 72.223 72.276 72.453 72.606 72.746 72.871 73.003 74.638 75.933 77.891 79.668 77.121 79.018 77.586 77.938 74.826 74.731 74.191 74.273 74.368 74.461 74.553 74.666 74.771 75.168 76.043 78.031 79.226 80.816 79.458 79.271 78.503 78.553 77.621 75.926 76.098 76.426 77.576 78.276 78.298 76.903 77.131 77.563 76.958 77.001 77.483 83.651 87.093 83.768 77.453 77.518 78.151 81.116 82.973 83.743 83.366 78.061 79.428 79.686
80.911 80.673 80.376 79.073 75.808 74.038 72.371 73.206 74.548 72.226 72.231 72.246 72.218 72.383 72.528 72.641 72.771 72.886 72.936 73.008 73.931 77.388 77.676 77.243 76.411 74.888 77.491 77.081 74.091 74.176 74.261 74.356 74.428 74.498 74.668 74.768 75.391 76.096 76.031 77.628 82.658 83.991 83.448 83.028 81.176 78.138 75.973 76.121 76.248 76.398 76.843 77.043 76.756 77.096 77.136 76.881 76.923 77.783 81.458 85.726 84.451 78.611 79.931 81.588 77.973 79.388 81.338 79.921 80.253 78.223 77.783
80.583 79.616 78.211 75.863 74.833 74.111 73.481 72.218 72.221 72.231 72.211 72.226 72.316 72.461 72.551 72.656 72.728 72.833 72.896 72.971 73.106 74.918 74.913 79.326 76.773 73.838 73.881 74.521 74.753 74.163 74.221 74.331 74.411 74.513 74.666 74.781 75.573 76.051 76.056 77.611 84.023 85.318 85.141 84.806 83.491 78.601 76.006 76.141 76.256 76.411 76.593 76.741 76.661 76.768 76.818 76.801 76.943 78.516 78.878 82.103 78.038 77.251 77.346 77.493 78.333 79.556 78.718 78.916 78.748 77.838 78.086
79.236 76.736 74.613 72.926 74.366 74.438 73.571 73.216 72.226 72.211 72.186 72.268 72.368 72.451 72.541 72.616 72.701 72.796 72.883 72.966 73.763 73.356 76.688 80.658 80.158 77.121 77.593 77.718 76.331 76.083 75.588 74.631 74.398 74.546 74.661 74.896 76.073 76.958 76.181 80.456 84.398 85.218 85.273 85.046 83.066 77.281 76.008 76.076 76.713 76.411 77.878 76.668 76.608 76.716 76.741 76.753 77.036 79.018 78.103 77.693 77.088 77.118 77.203 77.678 79.916 80.058 78.948 78.486 77.996 78.006 79.576
78.128 74.341 71.876 71.593 73.158 72.671 71.563 73.096 72.306 72.233 72.228 72.281 72.356 72.476 72.526 72.598 72.663 72.781 72.858 72.926 73.141 73.356 75.158 77.653 79.551 79.658 79.098 78.326 75.096 77.163 78.276 77.511 77.861 76.693 75.126 74.853 76.041 81.666 82.966 82.876 84.848 85.283 85.291 84.828 83.896 77.706 75.978 76.066 76.348 76.866 77.556 76.568 76.571 76.646 76.646 76.691 77.056 78.296 77.313 77.101 77.006 77.783 78.321 79.951 80.001 79.006 77.993 77.733 78.243 79.563 79.283
74.043 71.958 71.481 71.458 71.378 74.426 74.286 74.506 73.786 72.923 72.196 72.243 72.323 72.413 72.496 72.566 72.641 72.763 72.826 72.876 73.536 75.558 75.831 76.173 77.283 78.368 77.828 77.526 77.091 78.908 79.228 79.313 79.398 79.201 79.348 77.886 76.378 81.683 84.821 84.956 85.226 85.328 85.493 84.241 81.841 76.566 75.951 76.036 76.491 77.866 77.308 76.476 76.528 76.563 76.601 76.663 77.456 77.436 78.043 76.901 77.023 78.778 79.291 79.403 78.076 77.748 78.141 79.251 79.986 79.666 79.341
72.851 71.286 71.296 71.331 71.511 74.213 75.876 75.678 73.938 75.563 73.148 72.231 72.276 72.366 72.463 72.548 72.658 72.746 72.801 72.851 72.898 75.008 76.831 75.351 73.633 76.086 75.311 75.583 76.296 77.183 78.981 77.968 77.758 77.576 78.591 80.228 79.238 81.743 82.561 83.523 84.328 84.326 84.481 83.613 79.798 76.128 75.938 76.036 77.766 77.446 76.641 76.363 76.473 76.506 76.493 76.648 78.228 77.743 77.263 78.026 79.401 78.158 77.433 77.801 77.818 77.536 78.886 78.546 79.311 78.881 78.006
73.328 71.351 71.328 71.358 71.418 76.393 73.618 77.021 77.096 74.483 73.851 73.133 75.438 76.748 74.318 72.556 72.646 72.746 72.811 72.858 73.011 75.611 74.706 73.388 73.483 74.133 73.733 74.038 74.468 74.431 76.761 77.618 76.266 75.608 75.171 77.033 78.108 77.031 80.246 79.881 80.031 81.916 81.413 80.968 78.266 76.188 75.953 76.068 76.256 77.461 76.371 76.301 76.413 76.451 76.491 76.663 77.428 76.921 78.306 78.808 77.656 77.358 77.471 77.513 78.613 78.113 77.673 78.503 80.561 78.758 78.251
76.236 71.506 71.333 71.451 71.541 75.618 75.396 74.376 73.971 72.858 73.558 73.568 75.371 76.541 75.303 72.573 72.663 72.746 72.833 72.926 74.218 77.321 75.653 73.346 73.451 73.556 73.646 73.768 73.941 73.966 74.116 74.143 74.383 75.078 75.248 76.738 79.358 81.241 80.311 78.851 77.071 77.091 77.988 78.036 77.773 79.728 77.313 77.151 76.296 76.271 76.263 76.268 76.378 76.393 76.463 77.358 78.311 79.706 78.283 77.216 77.361 77.451 77.503 77.471 77.456 77.881 78.451 79.593 80.818 78.278 78.176
72.723 72.588 71.468 71.546 71.671 73.116 76.753 75.853 75.411 75.236 73.233 75.611 76.681 77.238 72.636 72.573 72.668 72.768 72.878 75.001 77.363 79.636 76.283 73.306 73.431 73.543 73.611 73.743 73.826 73.931 74.303 73.948 74.796 75.253 75.736 77.396 80.296 82.503 83.333 82.276 79.801 77.951 77.476 76.031 77.018 78.453 78.623 78.738 78.041 76.663 76.801 76.441 76.316 76.336 76.456 77.958 78.821 77.703 77.178 77.278 77.356 77.381 77.276 77.808 77.998 78.033 78.363 79.343 79.388 78.261 78.013
72.111 74.666 71.748 71.703 71.783 71.808 74.958 75.368 75.528 74.568 72.361 73.451 75.666 72.526 72.616 72.638 72.688 73.506 75.163 75.653 77.068 77.426 75.016 73.388 73.398 73.516 73.606 73.738 73.806 73.931 74.013 73.931 74.426 75.283 75.441 78.086 81.363 82.846 83.276 81.948 79.076 77.948 78.053 75.343 75.528 75.911 75.751 76.426 77.221 78.226 78.046 76.581 76.248 76.258 76.441 77.698 77.038 77.138 77.136 77.101 77.071 77.088 77.106 77.171 77.338 77.881 77.723 78.363 77.991 80.291 77.891
71.856 73.773 72.166 71.733 71.901 71.821 71.898 72.396 72.018 71.843 71.833 72.571 75.201 73.493 74.068 74.741 74.091 74.101 73.676 75.591 75.831 74.983 73.386 73.463 73.383 73.468 73.596 73.683 73.748 73.788 74.351 74.093 74.641 75.271 75.243 80.933 82.331 83.213 82.956 81.668 78.548 77.963 77.201 75.396 75.543 78.116 75.828 75.961 76.103 76.511 77.516 76.151 76.198 76.273 77.403 78.251 77.158 77.163 76.963 76.978 77.031 77.063 77.118 77.138 77.688 77.228 77.266 77.496 77.511 77.396 77.826
71.578 72.633 73.701 71.773 71.951 71.828 71.836 71.821 71.848 71.853 72.733 75.543 73.738 75.913 77.383 78.516 78.731 74.666 73.653 74.968 74.813 75.216 73.208 73.321 73.386 73.503 73.583 73.633 73.681 73.748 74.388 74.066 74.386 75.203 75.508 81.708 83.076 83.986 83.201 82.063 80.191 78.526 76.453 75.441 76.808 78.671 77.578 76.643 76.101 75.978 76.048 76.151 76.131 76.343 78.018 77.653 77.248 76.988 76.933 76.988 77.198 77.191 77.158 77.148 77.163 77.203 77.221 77.846 78.276 77.908 77.681
71.603 72.498 73.271 72.648 71.771 71.826 71.831 71.836 71.843 71.851 73.388 75.348 75.163 76.078 76.648 78.368 78.581 76.111 73.641 73.433 77.426 74.963 73.221 73.308 73.368 73.461 73.523 73.548 73.571 74.118 75.763 74.051 74.781 75.253 76.818 82.443 83.556 84.171 83.596 82.058 78.878 76.533 76.153 75.471 78.551 80.821 82.326 76.581 76.001 75.941 75.988 76.048 76.101 76.568 78.811 77.286 77.138 76.896 76.941 77.153 77.243 77.278 77.261 77.223 77.341 77.178 77.178 77.191 77.208 77.233 77.671
71.568 71.676 72.441 73.338 71.813 71.818 71.843 71.828 71.826 71.843 72.926 74.343 76.151 76.871 77.603 78.226 76.518 77.851 78.298 77.866 76.883 73.968 73.183 73.271 73.311 73.386 73.423 73.453 73.453 74.786 75.253 74.391 75.281 75.256 77.581 82.616 83.648 84.061 82.933 80.451 78.493 75.691 75.981 75.486 75.896 79.671 82.453 80.676 76.791 75.858 75.963 76.033 76.101 76.583 79.236 77.603 77.058 76.856 76.918 77.261 77.241 77.253 77.258 77.701 77.226 77.168 77.178 77.898 77.951 77.236 77.481
71.563 71.586 71.736 74.378 73.096 71.798 71.841 71.853 71.846 71.893 72.708 73.191 75.343 75.641 76.708 77.081 78.011 76.018 78.793 76.811 76.763 74.723 73.153 73.223 73.278 73.333 73.388 73.358 73.321 72.813 73.143 74.366 75.281 75.261 78.686 82.941 83.986 83.913 82.798 80.451 77.393 75.378 75.356 75.448 77.183 79.711 80.973 80.243 78.196 75.868 75.923 75.948 76.153 77.476 77.178 77.036 76.783 76.851 77.041 77.216 77.231 77.248 77.148 79.878 78.828 77.618 77.141 77.283 77.941 77.631 77.291
71.551 71.668 72.131 72.576 73.241 71.833 71.811 71.863 71.871 72.108 72.421 74.406 74.886 75.098 77.758 80.176 79.453 77.066 78.183 76.928 77.536 75.158 73.103 73.163 73.208 73.291 73.328 73.271 73.146 72.698 72.233 74.536 75.263 76.228 81.598 82.641 83.531 83.348 82.086 78.658 76.651 75.358 75.338 75.628 79.826 79.841 78.763 79.098 75.961 75.876 75.913 75.943 76.146 78.293 77.058 76.911 76.778 76.848 76.991 77.856 77.173 77.246 79.196 81.551 81.873 81.128 80.363 78.543 77.286 77.341 77.241
75.883 75.508 73.316 71.938 73.651 73.838 72.441 71.841 71.883 72.361 72.988 73.233 73.331 73.533 78.731 84.418 80.056 77.776 76.806 76.731 73.831 74.526 73.048 73.108 73.173 73.218 73.238 73.111 72.856 72.293 72.336 75.298 75.261 77.891 81.308 81.518 81.716 81.881 81.673 82.728 78.761 76.211 75.398 77.981 82.776 81.936 77.098 77.848 76.088 75.821 75.823 75.948 76.601 77.581 77.021 76.766 76.778 76.848 76.971 76.936 77.001 78.091 79.881 82.376 83.133 82.906 82.503 81.808 80.701 79.578 77.573
77.288 77.361 75.273 72.291 73.096 73.161 71.838 71.868 71.936 72.758 73.483 72.131 72.198 74.681 76.818 77.931 78.106 76.883 76.741 73.926 72.878 72.948 73.021 73.086 73.116 73.146 73.123 72.818 72.351 72.238 73.763 75.311 75.253 79.321 81.241 81.546 81.406 80.403 82.116 82.618 80.033 81.286 76.138 77.281 80.441 79.263 75.678 76.638 75.766 75.831 75.791 75.988 78.013 77.993 76.638 76.716 76.788 76.916 76.981 76.981 78.343 84.136 84.463 83.916 83.333 83.043 83.096 83.091 82.698 81.993 81.261
76.183 76.378 74.828 73.693 74.338 75.073 72.021 71.891 72.323 71.946 72.298 72.153 72.258 78.341 77.551 78.013 77.913 77.001 78.551 74.071 73.251 72.931 73.013 73.038 73.073 73.161 73.048 72.773 72.503 72.201 74.026 75.461 75.613 79.106 80.406 81.033 81.173 80.408 81.231 82.251 83.888 83.581 77.668 75.451 75.921 76.491 75.561 75.593 75.736 75.738 75.761 75.988 77.498 76.543 76.651 76.728 76.798 76.906 76.968 78.191 82.798 85.836 86.863 86.408 85.326 84.656 83.611 82.623 82.458 82.958 82.886
72.371 72.453 72.203 73.673 74.883 72.406 71.891 73.043 72.821 72.118 72.198 72.238 72.241 76.158 78.748 77.458 77.998 76.463 77.121 72.751 72.776 72.871 72.938 72.876 72.903 72.843 72.713 72.643 72.616 72.363 72.948 73.771 74.498 76.721 77.298 78.658 79.378 79.288 80.526 83.458 81.113 80.038 78.846 77.506 76.918 75.716 75.478 75.563 75.688 75.693 75.746 76.043 76.358 76.583 76.708 76.766 76.823 77.108 77.161 80.413 85.576 86.816 87.496 87.088 87.068 86.628 85.856 83.711 81.136 81.353 81.981
72.566 71.766 71.818 72.306 73.566 72.608 71.903 72.871 73.573 73.353 72.251 72.253 72.258 73.113 77.838 77.211 76.863 75.466 75.611 72.851 72.716 72.716 72.728 72.718 72.638 72.606 72.493 72.456 72.628 73.006 72.508 72.298 72.398 73.956 75.326 78.156 78.666 78.308 79.258 77.953 79.718 75.921 75.303 75.758 75.841 75.498 75.463 75.558 75.658 75.673 75.871 76.586 76.431 76.631 76.743 76.816 76.848 76.951 77.451 82.493 86.628 87.411 87.598 87.156 86.633 87.096 86.733 84.008 78.258 78.588 79.388
74.198 73.848 72.133 72.943 72.983 74.258 72.566 72.191 72.241 72.258 72.248 72.258 72.248 72.246 77.378 78.476 74.233 76.576 76.031 75.371 72.711 72.853 72.661 72.623 72.493 72.388 72.376 72.378 72.598 72.641 74.998 75.453 74.553 77.226 77.738 77.826 77.696 78.013 78.006 75.928 75.031 75.041 75.148 75.758 75.733 75.398 75.433 75.548 75.593 75.638 76.041 78.313 76.548 76.681 76.778 76.833 76.883 77.698 80.598 85.191 87.186 87.123 86.873 87.146 87.461 87.283 86.166 83.896 77.266 77.753 77.223
72.998 75.268 74.211 72.411 72.296 74.118 73.401 72.176 72.213 72.243 72.246 72.261 72.251 72.251 72.256 73.993 73.958 75.633 76.551 78.331 72.773 74.191 72.683 72.571 72.376 72.371 72.431 72.598 72.646 74.401 73.556 75.076 77.966 77.598 77.413 76.966 76.116 77.173 75.418 74.861 76.016 76.443 75.988 78.988 75.538 77.071 75.431 75.528 75.493 75.663 77.433 78.191 76.596 76.711 76.763 76.853 76.933 78.666 82.626 86.133 87.391 87.211 87.243 86.936 87.138 87.301 85.876 81.473 77.186 77.191 77.233
