LIDAR-DSM-2M-TQ28ne/tq2685_DSM_2M.asc
ncols 500
nrows 500
xllcorner    526000
yllcorner    185000
cellsize     2
NODATA_value -9999
[rows 155 to 185 of 500, columns 420 to 489 of 500]
82.8 82.698 82.795 82.825 82.845 87.973 89.748 90.893 91.48 90.618 89.668 86.36 85.735 83.198 82.85 85.358 85.62 83.38 80.81 79.903 81.285 86.965 82.34 90.1 84.09 85.443 87.4 84.745 81.105 84.218 78.643 78.56 77.713 77.62 79.088 78.198 83.695 87.265 87.248 85.568 83.108 83.568 84.165 84.01 78.19 77.213 76.595 76.213 76.09 76.075 76.09 77.51 77.208 74.855 75.21 74.968 74.665 74.618 74.618 75.02 75.165 74.58 74.593 74.825 79.308 82.958 85.43 84.305 83.75 83.128
82.763 82.8 83.438 82.873 85.605 89.568 90.693 91.488 91.288 89.745 86.788 85.755 83.22 82.073 82.183 81.515 84.355 81.155 80.685 82.145 83.63 91.065 88.225 87.138 80.933 80.04 80.533 80.92 81.048 79.115 78.623 80.268 77.798 76.493 76.83 80.423 87.055 87.298 87.76 87.355 83.433 77.215 79.543 81.55 77.963 76.575 76.35 76.143 76.04 75.905 76.325 76.85 76.158 74.953 74.715 74.693 74.715 74.665 75.023 75.62 74.573 74.603 74.628 74.615 75.145 76.805 81.503 79.748 75.293 82.303
82.825 82.853 82.835 84.44 89.055 89.883 91.185 91.408 89.913 86.983 86.135 84.365 83.58 81.568 81.173 80.415 80.29 80.325 80.105 82.885 86.363 84.465 84.433 86.473 82.683 78.733 77.995 76.333 78.353 79.603 78.858 81.4 81.485 80.375 79.483 86.358 88.165 87.52 87.65 87.48 84.795 76.763 76.795 77.505 78.438 77.693 76.495 76.24 76.105 76.705 75.678 75.218 75.245 75.393 74.753 74.733 74.75 74.695 75.053 74.745 74.528 74.58 74.603 74.595 74.583 74.655 75.493 72.93 71.998 72.455
82.853 82.763 84.555 88.895 89.74 89.19 88.643 88.668 88.748 86.773 83.565 83.96 82.318 82.663 80.508 80.143 80.103 80.055 81.548 82.553 85.498 84.943 83.768 87.783 79.518 78.255 76.785 74.803 75.34 78.148 78.755 80.148 81.275 84.133 84.935 87.34 87.088 88.225 87.96 85.505 76.878 76.963 77.92 76.463 77.078 78.335 78.008 76.695 76.493 77.108 75.48 74.863 75.14 74.81 74.8 74.78 74.773 74.663 74.528 74.47 74.523 74.57 74.57 74.558 75.163 74.703 73.905 73.77 72.668 72.988
82.77 83.99 87.753 89.675 89.235 85.638 84.748 85.825 87.243 84.205 83.65 83.405 80.853 81.7 82.173 80.245 80.053 80.228 82.53 85.06 84.938 85.63 85.425 89.098 78.405 78.06 75.505 74.748 76.17 78.52 78.85 79.295 79.3 82.863 85.805 87.518 87.69 87.635 85.85 78.375 76.765 76.933 76.728 76.43 76.273 76.388 77.908 77.98 77.913 75.825 74.973 74.833 74.855 74.858 74.805 74.75 74.748 74.64 74.478 74.435 74.593 74.545 74.515 74.71 75.705 74.69 73.828 74.058 73.455 73.308
83.228 86.42 89.543 89.605 88.398 83.375 83.098 84.47 85.14 82.623 81.975 82.465 80.593 80.548 81.08 81.738 80.403 81.71 83.393 87.423 84.038 82.678 83.095 83.845 78.113 75.893 74.748 75.685 80.213 80.733 83.35 82.348 81.96 80.208 82.488 85.995 87.35 86.618 79.48 76.915 77.598 78.178 77.248 76.523 76.163 75.985 75.895 76.58 76.223 75.125 74.873 74.888 74.885 74.863 74.825 74.768 74.72 74.59 74.438 74.305 74.883 75.005 74.59 74.145 73.693 73.353 73.545 73.318 73.188 73.815
83.873 88.088 90.21 90.548 89.755 83.975 82.74 83.798 83.938 83.478 80.88 80.493 80.465 80.38 80.378 80.338 81.578 82.788 86.478 89.1 87.223 83.35 87.838 87.593 78.625 77.053 75.118 78.63 81.193 83.218 83.923 85.858 84.113 82.423 80.43 78.933 82.723 80.068 76.678 76.713 76.965 77.933 77.548 77.105 76.108 76.01 76.78 76.27 75.153 75.698 75.35 74.948 74.935 74.823 74.765 74.688 74.643 74.545 74.393 74.21 74.005 73.77 73.69 73.95 73.863 73.14 73.11 72.863 72.658 72.515
83.168 85.535 90.165 91.375 89.72 85.358 82.448 83.083 83.603 82.855 82.038 82.583 81.55 80.39 80.35 80.515 81.61 86.715 87.705 88.45 90.14 82.675 82.66 86.738 79.523 78.568 77.71 78.753 81.98 85.308 86.898 86.948 86.315 84.59 82.565 80.243 76.805 76.7 76.75 76.54 77.233 76.903 76.828 76.998 76.38 76.533 77.145 75.16 75.268 75.435 74.99 74.945 74.905 74.835 74.725 74.603 74.485 74.368 74.218 74.008 73.808 73.648 73.483 73.33 73.195 73.033 72.893 72.763 74.32 74.438
83.053 84.555 89.7 91.375 90.215 86.518 82.455 81.513 81.25 81.568 82.503 83.408 81.243 81.153 81.868 81.193 81.32 85.26 87.36 87.535 85.883 83.928 85.775 84.08 78.113 78.14 77.945 78.82 83.87 86.613 86.923 86.918 87.05 86.358 84.295 81.095 77.078 76.57 76.46 76.393 76.348 76.188 76.048 76.11 76.523 78.115 75.525 75.475 75.093 75.015 74.98 74.928 74.823 74.735 74.625 74.515 74.365 74.218 74.08 73.91 73.7 73.585 73.433 73.32 73.263 73.278 73.378 73.613 75.82 77.583
82.65 84.253 89.205 91.12 90.705 88.86 82.76 80.59 80.458 80.373 81.148 83.555 82.22 81.263 84.778 84.238 82.165 82.523 82.635 87.703 86.135 91.558 87.098 82.73 78.05 77.603 78.258 82.573 84.973 86.61 86.98 86.915 87.13 86.933 86.015 81.065 75.625 76.42 76.315 76.173 76.163 76.275 76.02 76.025 75.895 75.363 75.39 75.845 75.158 75.003 74.948 74.89 74.753 74.598 74.483 74.47 74.333 74.215 74.068 73.893 73.678 73.765 73.753 73.695 73.62 74.053 73.84 73.228 73.718 74.945
82.63 83.62 88.785 90.598 91.163 89.53 85.335 80.8 80.353 80.3 80.295 81.013 82.328 82.635 84.515 86.508 82.5 82.685 78.833 85.28 82.203 84.258 84.573 83.305 77.943 77.56 80.17 80.448 83.243 85.95 86.753 86.855 86.975 86.61 85.893 80.01 75.693 78.168 76.79 76.06 75.853 75.993 76.063 76.298 75.385 75.433 75.513 75.213 75.045 75.025 74.915 74.803 74.63 74.558 74.51 74.51 74.535 74.773 74.55 74.533 74 74.238 74.698 73.29 73.078 73.838 73.305 73.188 73.175 73.15
82.62 85.393 89.003 90.28 91.6 90.06 88.608 80.418 80.328 80.323 80.275 80.273 82.258 84.058 86.678 86.085 85.36 82.215 80.358 80.773 81.758 81.078 78.025 78.288 78.745 78.88 79.628 83.153 85.273 84.78 86.013 86.698 86.528 85.825 84.715 78.988 75.033 77.153 76.993 75.955 75.87 75.61 75.995 75.56 75.27 76.08 75.353 75.12 75.09 75.04 75.12 74.75 74.69 75.188 74.52 74.513 74.385 73.783 73.638 73.655 74.013 74.393 73.785 73.31 73.288 74.578 75.583 73.568 75.008 74.348
82.738 83.203 88.488 90.33 89.788 88.075 85.948 80.975 80.34 80.3 80.255 81.383 82.535 82.103 83.673 86.405 84.025 84.285 81.795 80.305 78.393 78.065 77.953 77.725 78.075 79.113 81.808 85.708 86.138 85.51 84.7 83.673 83.113 78.15 78.918 75.403 75.208 75.555 75.848 75.708 76.313 76.138 75.548 75.23 75.138 75.195 75.135 75.11 75.023 75.91 75.738 74.838 74.958 74.598 74.603 74.81 73.785 73.495 73.325 73.765 75.31 76.07 75.91 74.923 76.12 78.31 80.065 80.435 80.703 80.003
83.33 82.96 87.553 89.903 90.1 85.845 82.845 81.648 80.315 80.275 80.823 82.848 82.82 83.535 85.483 86.005 83.348 83.278 83.06 79.26 79.808 78.59 77.818 78.218 77.853 80.345 85.353 85.088 85.505 86.27 85.768 81.7 77.933 76.265 76.405 76.743 76.345 75.46 76.348 76.733 75.72 76.013 75.333 75.168 75.175 75.183 75.148 75.105 75.543 75.383 74.943 75.393 75.713 74.438 74.523 74.4 73.545 73.29 75.02 77.513 79.208 79.163 78.863 79.04 79.27 79.413 80.245 82.013 81.993 81.293
85.47 86.465 86.358 89.26 89.553 87.4 82.19 80.613 83.638 82.025 81.958 81.84 80.76 82.688 85.565 85.055 81.61 82.615 82.243 79.748 81.203 80.488 78.735 79.895 80.618 84.8 85.86 85.525 86.08 86.563 84.623 76.383 76.345 76.62 76.68 77.473 77.87 76.353 76.5 76.338 75.755 75.39 75.298 75.193 75.205 75.215 75.173 75.718 75.748 75.055 75.9 76.383 75.453 74.743 74.755 75.828 73.23 75.668 78.705 79.308 79.085 79.328 79.5 79.53 79.46 79.333 79.233 80.845 79.723 80.64
86.653 85.583 85.92 87.163 86.24 81.888 81.518 80.3 82.608 83.173 83.01 84.063 84.57 83.365 81.958 84.5 82.21 79.063 78.743 77.748 78.523 79.348 80.603 80.163 82.473 84.83 85.655 86.165 85.918 85.73 79.373 76.32 76.283 76.195 76.38 77.338 78.573 78.355 76.035 75.528 75.54 75.31 75.28 75.29 75.218 75.183 75.783 75.22 75.103 76.148 75.195 74.745 74.73 73.98 74.31 75.355 75.89 78.585 78.785 79.328 78.888 78.93 79.368 79.02 78.838 78.75 78.613 76.243 71.458 75.988
89.548 86.903 85.903 83.915 82.218 82.108 82.673 82.108 84.893 83.633 83.68 81.8 82.24 83.61 80.453 79.978 79.19 79.875 78.93 77.293 78.34 78.12 80.098 83.313 83.725 83.78 84.635 85.435 85.8 79.865 79.105 78.053 76.863 76.143 76.455 76.398 78.478 78.01 76.995 75.735 75.418 75.32 75.3 75.268 75.208 75.968 75.698 75.225 76.578 76.93 75.323 76.308 76.94 73.49 73.268 77.375 78.64 78.465 78.478 78.965 79.258 78.725 79.103 79.128 78.665 77.295 72.525 73.07 71.623 70.845
88.505 87.46 82.39 81.928 81.853 81.788 83.05 84.69 87.618 85.815 81.573 82.895 80.49 82.255 79.315 78.678 80.108 79.005 79.2 79.288 76.943 77.26 82.37 86.068 85.335 83.985 83.578 84.133 80.403 76.833 76.84 78.2 77.18 77.143 77.655 77.465 77.533 76.715 76.125 75.505 75.393 75.365 75.358 75.265 75.738 75.318 75.525 77.133 76.333 74.473 77.253 80.688 79.708 75.415 77.335 78.63 78.63 78.495 78.465 78.688 79.4 78.465 77.688 78.823 76.105 72.42 71.105 71.455 71.323 71.048
85.283 83.455 82.758 82.02 82.35 81.463 82.915 85.808 87.778 86.885 82.668 83.013 83.49 81.93 80.13 78.655 78.625 78.605 79.5 78.753 78.28 79.628 87.123 87.593 86.63 85.468 82.67 78.803 76.845 76.48 76.465 78.693 80.59 78.803 77.27 82.058 79.755 76.058 75.59 75.598 75.345 75.413 75.38 75.453 75.978 75.35 76.34 77.683 75.633 77.858 82.488 85.073 82.265 79.095 78.93 78.618 78.433 78.398 78.445 78.428 77.255 75.803 75.048 73.948 71.835 71.358 71.033 70.993 71.203 70.86
82.095 84.535 84.168 82.63 82.113 82.15 83.493 86.658 86.403 85.228 82.453 82.633 85.253 84.403 80.708 78.768 78.495 81.055 83.835 81.993 80.39 85.855 87.843 88.635 87.888 86.485 80.758 77.923 78.03 76.553 76.423 77.97 79.965 80.628 82.368 80.263 76.623 75.665 76.188 75.963 75.445 75.393 75.35 75.238 75.31 75.69 76.053 75.253 76.453 83.83 85.48 85.825 85.32 83.478 80.935 76.088 77.205 78.325 78.335 74.983 75.163 75.088 72.41 71.468 71.898 72.03 71.42 70.955 71.895 70.558
82.168 85.025 86.488 83.095 83.028 83.518 83.768 84.135 82.673 82.83 83.108 80.89 84.475 83.108 82.505 79.06 78.988 81.138 83.805 83.838 84.893 86.013 87.738 88.573 87.843 86.913 79.893 77.783 77.54 77.743 78.203 80.738 77.988 81.285 81.398 79.74 75.763 75.92 75.823 75.49 75.435 75.373 75.253 75.353 75.513 76.355 75.745 75.858 84.455 86.455 86.305 86.285 85.75 84.885 77.608 74.015 73.768 76.883 73.033 73.98 73.558 74.993 71.995 72.16 71.43 72.103 71.925 70.988 71.25 70.87
82.31 82.12 84.47 85.83 85.568 84.233 83.895 82.693 83.16 83.468 80.903 79.495 81.448 83.498 83.438 82.213 81.54 79.36 80.098 84.528 85.835 86.16 85.878 86.673 87.213 84.315 77.603 79.44 77.518 76.685 78.823 79.878 81.333 79.865 80.568 79.16 76.335 76.858 75.6 75.493 75.455 75.54 75.305 75.378 75.73 76.47 76.858 83.93 85.433 86.178 86.76 86.505 85.845 81.618 73.91 72.585 73.815 73.57 72.005 72.82 73.02 72 71.565 71.748 71.463 71.435 72.38 71.183 71.908 72.865
82.028 82.875 85.093 86.09 83.488 84.563 85.845 82.233 80.93 82.423 81.995 79.023 78.973 82.745 85.118 85.378 82.74 79.683 80.635 86.933 86.938 85.95 85.833 82.53 82.613 81.555 77.418 77.688 77.183 76.455 78.353 83.298 82.335 81.123 80.988 82.378 77.62 75.78 75.58 75.575 76.435 75.628 76.733 75.645 76.565 75.273 80.89 84.53 85.43 86.068 85.983 85.62 81.943 74.703 72.348 72.128 71.788 72.665 72.08 71.67 72.953 72.085 71.535 71.575 71.685 71.968 71.388 71.513 72.043 73.073
82.478 83.243 84.735 85.138 81.698 87.86 84.485 84.595 83.36 81.775 79.698 78.993 78.855 78.903 80.873 81.438 80.983 81.408 86.1 87.588 88.053 87.15 85.493 80.475 85.105 82.178 77.683 77.723 77.665 78.33 79.005 85.188 78.783 81.743 80.278 82.49 76.79 75.66 75.635 75.893 75.825 76.19 76.983 77.058 75.583 74.8 77.313 81.233 84.09 85.463 85.253 81.13 74.55 72.883 72.225 71.75 71.548 71.928 73.27 71.87 71.818 72.615 72.015 71.443 71.208 71.223 72.48 72.64 73.965 73.565
81.69 84.3 85.245 82.505 86.808 89.785 88.905 86.315 85.223 83.1 83.07 81.673 79.975 78.888 78.22 80.458 83.313 83.765 87.843 88.27 88.395 87.51 86.133 77.025 77.745 77.33 78.613 77.62 79.358 77.695 80.908 81.61 82.265 83.975 81.155 83.8 79.528 75.665 76.545 76.353 76.098 76.315 75.125 76.258 77.36 75.688 74.308 78.103 81.633 84.8 79.298 74.568 73.73 73.613 72.173 71.64 71.408 71.395 73.343 73.713 72.403 73.188 72.03 72.76 71.2 71.178 71.3 72.998 74.958 72.433
81.595 81.615 83.408 86.328 89.733 89.85 89.828 89.465 85.393 81.915 86.273 83.595 82.513 81.54 78.93 83.348 85.113 87.248 87.933 88.415 88.22 86.91 81.843 77.42 77.685 79.038 79.278 79.36 80.943 82.025 86.693 83.64 85.26 82.055 83.218 81.385 77.118 75.76 79.66 75.758 78.943 77.833 77.998 77.77 77.995 76.838 75.318 74.283 78.075 76.78 74.713 75.06 73.28 72.825 73.283 71.733 71.39 71.25 75.213 75.233 71.49 71.685 72.195 72.413 71.228 72.708 74.233 75.275 74.933 72.335
81.575 81.62 85.975 88.425 89.123 89.678 89.858 85.235 81.098 80.888 81.798 83.16 83.145 82.56 83.473 83.72 84.885 86.698 87.568 87.753 87.138 81.785 81.715 79.305 78.74 83.54 80.61 79.613 78.565 81.09 84.343 82.513 84.625 81.198 82.115 77.835 75.923 75.903 77.155 78.358 77.408 81.765 80.195 80.233 79.025 78.028 76.403 72.67 72.41 72.6 74.698 76.73 76.583 72.185 72.663 72.32 71.433 71.183 72.233 72.828 71.088 71.063 71.67 71.92 71.35 71.28 73.303 74.055 72.813 74.625
81.59 83.235 87.528 88.055 88.248 89.003 85.605 80.608 80.655 81.413 79.875 79.083 79.98 80.56 82.945 83.508 83.725 83.943 85.435 86.94 85.443 78.58 82.515 84.358 79.258 80.993 82.298 84.108 82.143 79.62 80.885 82.545 84.82 81.338 81.125 75.86 76.815 75.888 76.52 78.388 80.31 79.748 80.428 80.823 80.513 78.293 74.043 73.943 73.313 75.795 78.645 77.635 74.53 72.85 71.868 72.273 72.97 71.748 71.1 71.018 70.953 71.098 71.025 71.353 71.603 71.415 71.313 72.225 72.203 74.19
83.933 85.753 87.675 87.82 88.048 87.508 80.348 80.32 80.575 80.87 79.113 78.61 78.918 79.29 80.43 81.265 80.493 79.578 79.06 81.478 81.113 81.385 84.995 86.77 79.92 80.225 83.87 85.64 83.335 78.1 77.573 79.76 78.85 79.508 80.94 75.963 76.228 77.413 76.768 77.148 78.195 77.953 79.793 80.548 79.203 75.265 74.048 73.395 75.26 76.853 76.33 75.63 74.94 76.223 71.445 71.558 73.623 73.55 71.603 71.43 70.943 70.893 71.045 70.998 71.458 72.428 71.61 71.603 72.648 73.803
89.335 89.473 88.16 87.598 86.853 81.063 80.315 80.32 80.888 81.598 79.19 78.493 78.515 78.52 79.008 79.37 79.533 78.728 77.698 77.463 79.24 80.22 82.655 85.388 78.91 80.935 81.358 83.76 82.458 77.455 77.848 77.003 78.063 80.295 77.775 75.843 78.535 77.93 77.773 80.063 77.883 77.793 78.08 78.195 76.258 74.378 73.128 72.648 75.178 75.973 78.135 75.088 76.05 71.898 71.373 72.01 73.045 73.373 72.56 71.043 71.138 70.888 73.05 71.713 73.81 74.26 74.04 72.053 72.325 72.89
90.98 91.018 89.87 89.18 82.828 81.828 82.193 80.715 80.258 79.378 78.563 78.53 78.475 78.408 79.765 78.685 78.388 79.045 79.275 77.63 78.54 77.98 79.435 80.728 78.965 82.168 81.965 81.645 80.173 77.543 76.245 76.188 76.978 77.29 79.753 83.25 83.975 80.253 79.073 78.363 77.913 74.9 76.733 75.328 73.738 73.41 73.048 72.748 72.515 77.41 78.605 75.588 73.68 71.79 71.318 71.288 71.298 71.81 72.528 73.44 71.52 72.663 74.013 72.488 74.858 75.21 72.15 72.308 72.405 72.358
