LIDAR-DSM-2M-TQ28ne/tq2685_DSM_2M.asc
ncols 500
nrows 500
xllcorner    526000
yllcorner    185000
cellsize     2
NODATA_value -9999
[rows 217 to 247 of 500, columns 280 to 349 of 500]
114.958 110.505 105.245 104.76 104.435 104.155 103.953 103.928 103.933 103.803 103.6 103.553 103.623 103.86 103.643 109.933 117.933 117.968 117.978 117.925 117.92 118.075 107.065 104.77 113.413 117.91 117.083 120.48 117.153 107.215 114.773 103.178 102.138 102.233 102.223 102.403 99.828 98.325 98.2 98.175 98.238 98.305 99.315 105.97 106.525 106.513 106.2 100.453 99.428 98.31 97.833 97.88 98.063 98.483 98.688 98.75 98.75 98.763 98.845 100.108 98.82 103.015 106.815 106.993 106.523 99.333 95.825 95.783 95.853 95.82
118.005 117.29 108.823 104.748 104.633 104.86 104.033 103.798 103.675 103.588 103.503 103.51 104.02 103.975 104.613 116.513 117.998 118.588 117.975 117.918 117.913 116.295 104.235 105.603 110.928 111.913 116.713 118.148 119.718 117.953 108.243 102.26 102.298 102.263 102.26 101.78 98.713 98.243 98.655 98.393 98.633 100.045 105.173 106.493 106.518 106.493 103.618 98.658 98.313 98.025 97.978 98.025 98.323 98.573 98.665 98.718 98.748 98.718 98.933 98.945 99.015 105.753 106.825 106.955 104.273 96.133 95.848 95.775 95.708 96.125
117.928 117.955 117.33 110.94 104.448 104.038 104.405 104.55 103.785 103.628 104.088 103.818 103.765 103.445 110.378 118.055 118.648 119.705 119.605 119.185 118 109.095 103.32 104.453 114.7 116.223 118.98 120.068 118.993 115.46 102.313 102.45 102.443 102.398 102.01 99.368 98.413 98.27 99.348 98.433 98.608 100.858 106.333 106.178 106.543 106.478 103.7 99.058 98.398 98.035 98.075 98.205 98.4 98.553 98.633 98.7 98.715 98.703 98.955 99.188 102.96 106.04 106.753 106.793 105.798 97.583 96.235 95.763 95.698 95.703
117.958 117.98 117.94 117.508 111.283 104.443 103.803 104.143 103.72 103.663 103.94 103.563 104.33 108.055 118.103 118 118.83 119.653 119.708 119.643 116.168 104.635 103.37 104.368 111.21 114.19 116.36 116.76 116.203 106.54 102.33 102.583 102.493 101.975 99.788 98.895 98.31 98.433 98.583 98.92 99.788 103.158 106.503 107.125 107.08 105.045 99.473 98.283 98.473 98.048 98.158 98.248 98.37 98.503 98.598 98.673 98.67 99.08 98.788 98.848 104.538 106.945 106.533 106.735 105.978 97.7 95.82 95.7 95.65 95.608
117.933 117.933 118.778 117.933 117.953 109.183 103.723 103.583 103.58 103.523 103.508 103.465 106.543 116.998 117.955 117.983 117.96 118.11 118.678 118.275 108.975 103.698 103.36 103.315 103.225 105.775 107.88 111.253 111.848 102.805 102.415 103.693 102.92 100.285 99.503 98.54 98.31 99.293 98.508 99.66 101.318 106.22 106.525 106.495 106.38 104.013 99.595 98.705 98.505 98.083 98.183 98.25 98.363 98.495 98.593 98.638 98.855 98.825 98.575 101.328 106.668 106.898 107.288 107.218 102.84 96.455 95.98 95.67 95.608 96.105
117.933 118.015 117.953 117.898 117.91 117.06 111.33 104.518 103.48 103.478 104.105 110.788 117.355 118.03 117.958 117.913 117.895 117.86 117.918 112.05 103.465 103.358 103.305 103.275 103.13 102.775 102.623 104.345 104.903 107.225 102.705 102.255 100.588 100.398 99.85 98.395 98.54 98.853 98.91 99.635 105.513 106.548 106.525 106.508 105.68 100.755 98.565 98.683 98.06 98.12 98.173 98.253 98.348 98.458 98.573 98.62 99.145 98.408 99.653 105.565 106.78 106.79 106.745 105.69 98.343 95.808 95.67 95.623 95.77 96.378
118.328 118.063 118.065 117.965 117.915 118.008 117.688 111.185 103.51 103.813 111.62 118.143 118.008 117.935 117.95 117.915 117.913 118.045 113.68 106.535 103.433 103.333 103.285 103.19 102.835 102.645 102.865 110.07 109.695 110.055 105.005 101.105 101.025 100.403 99.245 98.448 98.33 98.36 99.38 103.388 106.718 106.348 106.573 106.49 101.708 98.443 99.475 98.855 98.103 98.14 98.19 98.263 98.338 98.418 98.5 98.658 100.405 99.648 103.875 106.755 106.835 106.803 106.613 100.673 95.838 95.715 95.645 95.578 95.763 94.225
118.018 118.145 118.055 117.965 117.97 117.918 117.978 117.46 109.56 112.92 117.873 118.688 117.945 117.955 117.35 117.888 117.975 114.255 104.003 103.523 103.37 103.348 103.25 103.025 102.748 105.785 110.585 111.128 110.803 109.968 104.618 100.753 100.205 99.293 98.468 98.485 98.54 99.813 100.968 105.275 107.123 107.333 106.655 104.463 98.965 99.178 99.845 98.33 98.095 98.123 98.17 98.255 98.313 99.208 99.878 100.925 98.603 101.65 105.015 106.523 106.818 106.798 104.235 95.778 95.685 95.635 95.58 95.488 94.655 93.975
118.2 113.18 117.768 118.138 117.928 117.97 117.97 117.97 117.905 117.868 117.895 117.93 117.94 117.073 116.463 117.95 115.873 105.23 103.505 103.378 103.365 103.32 103.138 102.848 102.74 108.628 111.79 111.433 108.453 107.81 100.79 100.01 99.58 98.65 98.538 98.433 98.358 98.63 101.91 106.315 106.498 106.73 105.995 102.703 98.55 100.215 98.653 98.105 98.1 98.145 98.178 98.223 98.275 101.108 101.108 100.613 98.67 103.758 106.538 107.088 107.71 106.223 99.615 96.615 95.805 95.575 95.52 94.645 93.943 93.75
118.213 108.368 110.923 118.025 117.975 117.978 117.988 117.915 117.938 117.978 117.975 117.968 118.015 118.755 118.085 115.415 106.16 103.613 103.393 103.373 103.295 103.18 104.993 105.32 105.043 109.148 111.515 110.163 103.303 99.705 99.478 99.453 98.875 98.643 98.555 98.43 98.308 98.288 98.348 102.53 106.085 106.453 104.76 100.633 99.233 98.59 98.088 98.073 98.08 98.103 98.128 98.188 98.235 99.2 98.458 98.245 99.988 106.39 106.738 106.768 106.785 105.653 96.975 96.085 95.783 95.538 95.575 94.198 93.858 93.825
115.198 105.075 106.923 118.118 117.94 117.94 118.018 117.943 117.933 118.513 119.508 117.583 117.713 118.13 115.088 106.073 103.538 103.415 103.4 103.335 103.725 103.703 108.448 110.948 106.48 108.083 105.68 102.07 99.73 99.55 99.318 99.058 98.878 98.72 98.558 98.388 98.245 98.198 98.263 98.27 100.8 105.088 100.633 98.3 98.653 98.44 98.073 98.218 98.05 98.053 98.075 98.135 99.153 98.59 99.09 102.143 105.733 106.41 106.58 106.753 106.34 98.898 95.783 95.64 95.53 95.405 94.573 94.065 93.935 94.22
103.74 103.488 103.915 108.603 118.213 117.945 117.925 117.95 118.208 119.325 119.573 117.935 118.035 115.018 103.408 103.398 103.39 103.41 103.373 103.273 103.288 106.163 111.615 109.455 106.895 109.273 101.508 99.79 99.615 99.413 99.218 99.015 98.83 98.688 98.505 98.378 98.185 98.653 104.21 99.698 98.258 98.793 98.723 98.71 99.693 98.88 99.193 102.98 100.733 97.998 98.023 98.238 100.96 98.85 101.303 105.138 106.163 106.438 106.435 105.85 101.143 95.688 95.65 95.558 95.508 95.333 94.34 94.42 95.51 94.548
103.89 103.613 103.49 104.073 108.745 118.14 117.89 117.893 118.083 118.503 118.253 117.9 117.94 112.08 103.82 103.333 103.375 103.373 103.323 103.175 103.045 104.933 106.908 108.348 106.755 102.665 101.78 99.7 99.48 99.298 99.113 98.925 98.753 98.573 98.405 98.283 98.195 109.883 116.108 110.533 100.398 98.245 98.258 98.725 100.238 98.83 100.555 100.648 99.49 98.793 98.57 99.693 99.513 98.643 105.21 106.288 106.8 106.743 106.403 104.28 96.715 95.53 95.518 95.463 95.865 94.425 94.33 95.455 96.973 96.315
104.775 104.24 103.755 103.488 103.845 107.515 117.998 117.898 117.913 117.935 117.97 117.945 117.888 117.31 109.35 103.48 103.325 103.338 103.23 103.12 103.063 108.4 109.198 109.48 110.678 104.775 103.543 99.528 99.328 99.165 98.99 98.815 98.658 98.46 98.303 98.185 104.565 117.035 117.103 115.978 113.743 105.113 98.52 98.225 98.55 100.598 103.928 104.853 100.945 101.038 100.283 99.755 98.533 103.128 106.39 106.45 106.458 106.773 106.233 98.125 95.518 95.505 95.45 95.375 94.46 94.855 94.72 95.083 94.408 94.5
105.473 104.9 104.34 103.805 103.468 103.655 110.933 118.013 117.908 118.005 117.953 117.895 117.923 117.898 117.018 111.14 103.828 103.215 103.153 103.143 106.058 109.578 109.343 106.323 106.385 105.618 99.678 99.423 99.19 99.005 98.86 98.695 98.53 98.345 98.215 100.528 115.103 117.008 116.983 117.103 116.988 115.708 109.08 100.435 98.193 98.165 100.935 103.26 101.373 101.62 98.763 99.048 101.418 106.103 106.46 106.5 106.43 105.363 98.475 96.623 95.813 95.445 95.413 96.443 93.238 93.455 94.33 95.043 99.518 98.683
105.81 105.42 104.853 104.25 103.77 103.49 103.37 113.323 118.115 118.375 118.075 117.918 117.948 117.9 117.92 116.165 104.388 103.175 103.768 106.42 107.428 110.44 109.383 100.778 99.883 99.698 99.495 99.315 99.093 98.89 98.743 98.59 98.388 98.233 98.175 109.138 117.02 117.013 116.975 116.98 116.97 117.018 117.085 109.065 98.16 98.123 98.115 99.378 103.393 100.438 98.363 99.475 103.77 106.328 106.465 106.465 106.288 97.89 96.785 96.058 95.753 95.403 95.36 93.408 93.075 92.928 92.93 95.345 101.068 103.855
105.785 105.568 105.193 104.703 104.19 103.7 103.428 103.43 109.613 118.063 117.883 117.918 117.888 117.923 118.34 108.393 103.235 104.215 109.63 110.12 106.803 103.948 100.348 99.923 99.748 99.563 99.37 99.183 98.965 98.788 98.613 98.433 98.228 98.148 105.905 117.048 117.035 117.018 117.018 116.998 116.985 117.015 115.525 100.63 98.148 98.105 98.088 98.055 99.06 100.095 99.5 99.753 105.478 107.1 107.348 106.488 102.498 95.448 95.67 95.608 95.37 95.475 94.29 93.08 92.9 92.713 93.718 95.443 93.74 99.93
105.703 105.375 105.125 104.873 104.54 104.14 103.658 103.355 103.378 112.398 118.245 117.91 117.883 117.095 106.693 103.223 103.26 105.663 112.728 111.438 105.92 100.135 99.965 99.788 99.61 99.45 99.265 99.083 98.893 98.69 98.478 98.29 98.155 101.135 116.32 117 116.983 117.033 117.035 117.038 117.018 117.02 104.153 98.16 98.133 98.073 98.065 98.028 98.025 98.318 99.39 103.065 106.348 106.4 106.475 106.548 99.675 95.488 95.423 95.413 95.375 94.993 93.155 92.935 92.738 92.613 93.87 96.025 100.713 99.565
105.565 105.358 105.153 104.893 104.638 104.373 104.018 103.54 103.318 103.338 111.205 118.083 117.863 107.963 103.23 103.28 104.108 103.43 105.958 104.56 100.275 100.058 99.875 99.723 99.553 99.37 99.17 98.995 98.803 98.608 98.39 98.19 98.403 114.418 117.46 117.39 116.988 116.983 117.013 117.04 117.05 108.07 98.303 98.123 98.1 98.06 98.023 98 97.968 97.955 98.018 98.058 101.875 106.463 106.408 103.535 95.585 95.518 95.43 95.368 95.568 93.77 92.985 92.805 92.648 92.47 92.31 98.375 97.878 96.903
105.52 105.363 105.195 104.99 104.748 104.535 104.223 103.893 103.595 103.328 103.268 113.48 109.708 103.308 103.283 103.415 103.528 103.293 101.053 100.343 100.173 99.975 99.83 99.675 99.513 99.338 99.108 98.913 98.715 98.48 98.24 98.258 108.103 117.128 117.788 117.368 117.02 116.985 117 117.038 115.215 99.703 98.1 98.073 98.03 98.023 98.005 97.985 97.948 97.913 97.94 97.973 97.273 98.938 104.28 97.208 95.513 95.42 95.748 95.57 94.225 93.078 92.865 92.693 92.513 92.323 92.163 93.353 94.888 99.78
105.555 105.378 105.163 104.983 104.755 104.558 104.293 104.025 103.845 103.633 103.375 103.283 103.2 103.258 103.775 104.38 103.288 101.28 100.525 100.298 100.123 99.988 99.823 99.678 99.493 99.283 99.045 98.858 98.6 98.443 99.02 103.965 117.048 117.29 117.89 117.138 117.005 117.02 117.01 116.143 102.85 98.09 98.078 98.06 98.023 97.998 97.95 97.94 97.925 97.898 98.153 97.99 96.188 95.515 95.865 95.605 95.428 95.558 96.368 95.133 93.243 92.955 92.75 92.525 92.378 92.2 92.02 91.855 95.5 102.59
105.593 105.405 105.175 104.973 104.735 104.525 104.283 104.098 103.95 103.78 103.578 103.36 103.39 103.85 102.22 102.715 101.33 100.65 100.48 100.31 100.145 99.948 99.8 99.703 99.56 99.328 99.015 98.795 98.853 98.608 98.595 113.608 117.015 117.018 117.105 117.03 117.028 117.035 117.025 108.13 98.415 98.073 98.115 98.015 97.98 97.948 97.928 97.893 97.888 97.9 101.235 99.385 95.69 95.53 95.458 95.448 96.328 95.643 95.54 94.255 93.028 92.84 92.61 92.393 92.25 92.053 91.875 91.743 96.865 101.38
105.578 105.428 105.225 105.113 104.818 104.503 104.3 104.118 103.97 103.805 103.663 103.825 103.793 102.563 101.77 102.538 101.428 100.658 100.518 100.338 100.138 99.938 99.87 99.738 99.533 99.335 99.32 99.768 99.17 98.475 107.713 117.023 116.988 116.978 117.013 117.025 117.035 117.05 114.368 98.695 98.118 98.148 98.573 98.11 97.945 97.905 101.643 98.453 97.903 99.483 101.878 101.383 99.315 95.853 95.438 95.455 95.435 96.325 96.713 93.14 92.885 92.703 92.483 92.29 92.113 91.91 91.73 92.963 100.728 101.355
105.385 105.29 105.175 105.12 105.088 104.618 104.588 106.463 105.363 103.888 104.553 103.825 102.418 101.94 103.913 101.51 101.665 100.688 100.53 100.343 100.19 100.77 101.85 100.153 99.565 99.433 100.508 99.743 98.975 103.263 116.918 117.025 117.008 116.318 116.983 117.013 117.023 117.095 102.058 98.095 98.058 98.438 98.178 98.438 97.893 100.938 103.793 103.4 99.69 101.86 101.583 101.153 100.71 99.613 97.5 95.475 95.425 95.64 93.903 92.953 92.763 92.575 92.4 92.208 92.013 91.82 91.665 96.898 98.178 99.623
105.463 105.263 105.193 105.138 105.068 105.533 106.983 109.505 108.585 105.955 103.918 102.75 102.275 103.023 103.838 101.6 102.005 100.76 100.608 100.418 100.318 104.64 105.61 103.858 100.7 105.355 110.815 102.265 99.27 115.413 117.04 117.035 117.018 116.545 116.998 117.01 117.03 107.388 98.155 98.083 98.19 98.133 98.353 97.973 98.89 103.775 103.84 103.89 103.94 103.07 101.253 100.815 100.365 99.953 99.49 97.78 95.61 97.705 93.333 92.835 92.66 92.473 92.288 92.083 91.9 91.673 95.48 98.14 98.125 98.198
107.155 105.628 105.233 105.188 105.133 106.283 110.215 111.398 106.695 103.553 103.093 102.805 102.698 101.773 101.46 103.968 101.01 100.855 100.708 100.568 103.373 105.585 105.61 105.625 107.23 114.473 115.748 115.898 114.228 117.025 117.07 117.035 117.033 117.038 117.033 117.048 113.505 99.185 98.093 98.045 98.523 98.278 97.878 98.068 102.855 103.838 103.89 103.9 103.98 103.88 102.848 101.303 100.09 99.635 99.205 96.263 97.86 96.353 92.89 92.693 92.52 92.343 92.178 92 91.835 92.775 97.698 98.145 98.13 98.583
107.78 107.073 105.268 105.22 105.185 106.965 110.445 111.745 107.953 103.353 103.06 104.143 104.9 101.828 101.485 101.258 101.11 100.99 100.858 101.078 105.125 105.6 105.635 105.655 106.318 108.85 115.71 115.258 117.018 116.995 117.078 117.068 117.015 117.033 117.033 115.825 102.183 98.108 98.068 98.108 97.963 97.928 97.855 101.423 103.825 103.903 103.885 103.93 103.995 104.005 104.005 103.975 101.983 99.73 97.635 96.253 98.513 93.43 92.763 92.565 92.4 92.235 92.075 91.895 91.67 96.518 98.128 98.125 98.253 99.49
107.795 107.78 107.238 105.278 105.51 105.355 107.185 106.68 104.793 104.295 102.908 102.645 102.455 101.93 101.598 101.405 101.273 101.16 101.08 102.993 105.603 105.635 105.62 106.113 106.813 107.118 107.163 111.993 115.4 117 116.978 116.973 117.003 117.023 117.03 106.735 98.288 98.073 98.295 98.71 98.008 97.88 99.74 103.713 103.868 103.88 103.905 103.978 103.99 103.985 103.948 103.905 103.878 102.515 97.755 98.71 96.438 93.2 92.633 92.463 92.268 92.088 91.958 91.76 94.648 98.12 98.125 98.113 99.15 99.57
107.825 107.783 107.775 106.755 105.32 106.675 106.785 107.89 103.97 104.46 102.725 102.408 102.215 101.968 101.745 101.55 101.45 101.303 101.04 100.413 102.273 105.358 105.778 106.675 107.105 107.185 107.158 107.055 108.27 114.073 116.975 116.988 117.003 117.035 109.268 98.273 98.075 98.023 98.348 98.098 97.875 98.08 103.618 103.868 103.9 103.893 103.933 103.968 103.993 103.945 103.908 103.85 103.838 102.945 97.698 96.72 96.938 93.7 92.498 92.305 92.118 91.998 91.828 92.413 98.128 98.103 98.11 98.565 99.548 99.578
107.878 107.823 107.78 107.775 107.25 106.718 109.13 110.018 104.258 102.983 102.63 102.44 102.268 102.07 101.868 101.71 101.585 101.445 101.033 100.575 100.13 100.82 106.018 106.855 107.128 107.178 107.193 107.18 107.12 107.21 111.035 117.033 117.02 114.31 99.66 98.048 98.05 97.983 98.135 97.895 97.865 101.95 103.863 103.905 103.878 103.908 103.96 103.968 103.958 103.898 103.86 103.855 103.79 99.103 95.285 95.375 95.433 93.565 92.393 92.18 92.015 91.84 91.71 96.42 98.115 98.1 98.148 99.508 99.595 99.548
110.068 110.323 109.238 107.768 107.77 109.413 105.255 107.65 108.455 104.383 102.668 102.513 102.348 102.153 102.005 101.853 101.815 101.668 101.283 100.788 100.318 100.29 101.145 104.45 106.85 107.11 107.185 107.18 107.193 107.165 107.008 108.285 113.985 104.838 98.07 98.023 98.023 97.993 97.923 98.038 99.548 103.718 103.868 103.883 103.91 103.948 103.968 103.953 103.9 103.858 103.855 103.83 101.71 95.598 95.158 95.143 94.94 93.39 92.345 92.068 91.92 91.735 94.658 98.115 98.12 98.11 98.915 99.57 99.565 99.595
