LIDAR-DSM-2M-TQ28ne/tq2788_DSM_2M.asc
ncols 500
nrows 500
xllcorner    527000
yllcorner    188000
cellsize     2
NODATA_value -9999
[rows 320 to 351 of 500, columns 360 to 431 of 500]
93.842 93.687 94.22 98.835 103.222 104.2 105.21 104.847 103.835 102.33 95.41 94.042 93.93 96.217 99.682 102.037 103.17 103.652 104.042 104.497 95.33 93.767 93.765 93.782 93.782 93.907 94.672 98.747 101.855 101.112 99.9 98.165 97.362 97.287 95.172 95.145 95.412 95.535 95.535 95.787 96.587 97.157 101.015 103.19 104.107 103.28 100.997 96.74 96.967 96.855 96.635 97.347 96.625 96.73 97.282 97.092 96.882 97.77 97.337 97.507 97.822 98.592 97.92 98.177 98.567 99.085 98.63 99.382 98.515 98.495 98.53 98.925
93.775 93.612 95.525 102.28 103.665 104.67 105.292 104.387 103.367 99.355 93.405 93.505 93.545 93.715 94.002 97.88 98.717 100.105 103.1 99.447 94.317 93.81 93.82 93.812 94.095 95.027 94.942 98.88 98.325 97.73 101.755 97.01 101.087 99.05 97.142 96.982 95.15 95.342 95.512 95.782 96.125 96.38 98.382 102.517 104.335 104.567 103.105 98.185 96.982 97.512 96.527 96.842 96.725 96.825 97.017 97.215 97.27 97.817 99.362 99.777 99.502 99.722 98.78 98.765 98.432 98.495 98.527 98.487 98.387 98.572 98.987 98.817
93.66 93.6 97.985 103.107 104.097 105.017 104.962 103.962 101.762 92.32 93.385 93.507 93.56 93.555 93.977 93.702 94.342 93.965 96.662 97.135 93.845 93.842 93.842 96.217 99.077 98 98.825 100.522 97.562 102.897 98.927 98.06 101.495 99.465 97.927 94.852 95.052 95.31 95.537 95.787 96.015 96.282 97.925 101.64 103.507 104.592 103.817 101.977 97.01 96.837 96.712 96.645 96.725 96.88 97 97.66 98.152 97.147 99.125 100.007 100.06 99.587 98.622 98.842 99.5 98.472 98.205 98.382 98.885 99.062 98.89 98.787
93.59 93.525 100.465 103.52 104.565 105.25 104.522 103.505 98.245 92.955 93.457 93.502 93.587 93.657 93.667 93.705 93.727 93.817 93.817 93.825 94.045 94.267 93.87 95.54 97.667 100.63 100.445 98.102 99.505 100.77 96.315 99.962 105.182 99.85 96.307 98.765 95.162 95.395 95.602 95.817 96.362 98.1 99.735 100.525 102.65 104.062 104.512 103.3 99.437 96.762 97.282 96.837 96.795 96.945 97.13 97.147 97.717 97.42 97.522 100.067 99.66 98.47 100.005 103.897 104.802 100.125 98.297 98.87 99.015 98.93 99.017 99.182
93.555 97.902 102.857 103.967 105.007 105.13 104.052 101.7 98.045 93.267 93.425 93.517 93.602 93.675 93.71 93.732 93.797 93.855 93.83 94.017 97.29 98.135 96.537 96.06 99.857 104.465 100.797 98.72 100.135 103.51 100.877 101.647 97.837 98.987 100.065 100.092 96.5 95.455 95.825 96.655 96.832 98.13 99.695 98.995 99.425 103.3 104.485 104.025 102.917 98.717 97.105 97.09 96.945 97.02 97.227 97.285 97.357 97.47 97.395 98.277 98.032 100.822 104.562 105.725 105.645 104.722 99.967 98.902 98.915 98.91 99.165 99.012
94.88 99.627 103.427 104.482 105.292 104.657 103.615 99.465 94.83 93.265 93.452 93.555 93.637 93.662 93.707 93.76 93.912 93.837 93.852 95.175 98.71 99.04 99.612 98.155 100.057 97.467 98.645 96.222 97.245 99.36 101.525 101.14 99.652 97.295 99.057 99.93 97.652 96.672 96.197 95.915 96.095 97.1 96.835 96.827 96.78 102.072 104.022 105.547 104.242 103.387 97.255 97.735 97.17 97.58 97.925 97.41 97.462 98.172 97.742 97.667 97.972 98.38 103.322 105.195 106.892 105.695 103.817 98.917 99.157 99.227 99.02 99.067
96.282 101.36 103.917 104.93 105.05 104.23 103.19 93.282 93.045 93.362 93.497 93.597 93.645 93.685 93.742 93.907 95.36 95.417 94.307 96.895 99.022 99.012 98.992 97.5 97.625 98.952 99.697 96.712 96.625 99.915 98.65 99.45 97.692 98.455 98.585 101.632 101.992 96.935 95.71 96.495 97.092 96.705 96.502 96.747 96.815 100.895 103.47 104.642 104.435 103.557 99.355 97.455 97.302 97.267 97.525 97.465 97.58 97.745 97.885 97.722 97.937 98.062 100.24 103.182 105.975 106.357 105.132 100.78 98.902 99.02 99.125 99.217
98.917 103.32 104.355 105.312 104.75 103.77 102.102 92.385 93.305 93.412 93.545 93.617 93.657 93.705 93.785 94.882 96.285 96.27 96.217 98.347 99.01 99.007 98.67 98.435 97 101.272 95.695 96.512 94.767 97.987 101.575 101.11 99.67 100.74 104.465 101.18 103.15 97.935 95.982 96.012 96.15 96.35 96.77 98.555 98.257 99.987 101.8 103.632 103.43 103.305 101.34 97.432 97.662 97.617 97.402 98.065 97.687 97.757 99.095 98.667 97.982 98.767 98.26 101.96 105.277 106.482 105.97 104.497 98.887 99.26 100.032 99.407
100.975 103.792 104.785 105.25 104.322 103.287 98.472 93 93.372 93.472 93.562 93.615 93.66 93.705 94.062 95.27 96.3 96.235 96.217 98.642 98.995 99.455 99.505 101.297 97.865 96.287 95.565 94.595 94.667 97.62 99.887 99.42 97.487 102.84 100.797 103.2 100.992 101.027 96.72 96.662 96.23 96.447 97.867 98.1 97.335 99.602 99.657 102.177 105.007 105.162 103.897 98.445 97.93 97.802 97.595 98.177 97.992 97.9 98.135 100.015 98.257 98.692 98.26 98.38 104.145 105.795 106.485 105.39 102.96 99.197 100.822 99.445
103.187 104.22 105.177 104.895 103.837 102.012 95.78 93.207 93.377 93.485 93.58 93.63 93.672 93.715 94.14 96.08 96.23 96.205 95.002 93.86 95.555 98.257 96.462 98.877 98.165 95.425 94.455 94.567 94.607 96.15 99.847 99.695 99.25 99.557 100.652 101.37 102.702 98.157 101.332 96.447 96.702 96.942 97.142 97.342 98.225 98.065 99.58 102.467 104.317 105.55 104.985 103.252 97.952 97.985 97.815 97.725 98.22 98.012 98.077 98.91 98.685 98.155 98.295 98.337 100.54 105.142 107.11 106.802 105.455 99.695 99.43 100.227
103.642 104.672 105.272 104.445 103.45 96.557 92.755 93.32 93.42 93.515 93.592 93.647 93.725 93.807 94.865 96.297 96.272 96 94.365 93.877 93.867 97.732 95.957 99.717 100.06 95.185 94.615 94.582 94.662 94.857 96.575 98.262 101.072 96.817 102.545 100.577 102.335 102.025 101.297 96.54 96.4 96.632 98.512 97.832 97.952 98.12 99.982 98.645 102.59 105.472 105.895 104.692 100.12 97.937 98.145 97.885 98.745 98.55 98.187 98.252 98.705 98.427 98.37 98.397 98.98 103.712 106.235 107.087 106.202 103.277 99.752 99.972
104.08 105.132 105.017 103.997 102.637 93.762 93.152 93.392 93.435 93.545 93.612 93.677 93.732 93.88 95.027 96.157 96.255 94.987 93.9 93.882 93.887 93.9 93.86 97.372 96.015 96.972 94.502 94.605 94.747 95.002 95.11 96.255 98.377 98.93 97.2 99.592 97.477 100.85 101.735 100.33 97.43 97.217 97.01 97.212 97.807 97.875 97.822 98.14 102.137 104.737 105.907 105.43 104.3 98.78 98.107 97.975 98.025 98.45 98.31 98.377 98.682 99.132 99.957 98.76 100.392 100.017 105.39 106.855 106.865 105.587 100.585 99.827
104.542 105.307 104.53 103.542 101.82 92.67 93.317 93.4 93.495 93.54 93.607 93.68 93.75 93.815 93.92 94.18 95.375 94.597 94.027 93.877 94.625 94.432 94.025 95.67 96.37 94.492 94.57 94.78 94.985 95.03 95.287 96.09 100.222 99.82 99.215 100.512 99.215 101.157 102.982 100.687 99.99 97.05 96.912 96.987 97.202 98.047 98.242 97.87 98.045 102.355 105.395 105.942 104.905 102.917 98.42 98.272 98.205 98.192 98.352 98.507 98.605 98.68 98.612 98.67 99.467 99.297 102.965 106.057 106.947 106.297 103.582 100.56
105.005 105.045 104.087 103.127 95.46 93.117 93.337 93.422 93.497 93.592 93.66 93.712 93.762 93.822 93.842 94.352 95.752 96.272 95.785 95.705 95.735 95.365 97.295 95.475 94.91 94.777 94.68 94.87 94.95 95.187 95.367 95.882 99.192 97.99 100.427 102.772 103.502 97.49 99.927 103.485 101.01 96.832 96.927 97.115 97.347 97.41 97.472 97.665 98.915 100.17 104.162 105.815 106.135 104.987 100.227 98.38 98.335 98.36 98.427 98.58 98.727 98.732 99.162 98.727 98.915 99.165 99.702 104.897 106.732 107.632 106.217 101.405
105.28 104.652 103.64 98.675 92.547 93.332 93.38 93.462 93.552 93.625 93.702 93.767 93.817 93.862 94.072 94.815 96.287 96.287 96.29 98.707 98.585 97.952 96.952 94.657 94.55 95.14 95.36 95.077 95.062 95.19 95.435 95.56 95.932 101.505 102.305 101.845 103.335 103.552 104.125 101.427 102.845 97.002 97.085 97.167 97.272 97.407 97.677 98.115 98.175 98.357 102.055 105.622 106.695 105.755 104.55 98.605 98.552 98.497 98.487 98.627 98.785 98.842 99.522 99.015 99.142 99.955 99.237 103.182 106.357 107.395 106.897 105.01
105.217 104.205 102.83 96.69 93.107 93.402 93.455 93.54 93.605 93.672 93.707 93.977 94.082 93.865 94.355 95.632 96.33 96.345 96.34 96.04 99.02 99.902 95.992 94.562 94.745 94.86 94.895 95.047 95.082 95.297 95.42 95.607 95.825 99.435 101.11 104.252 102.445 105.052 103.012 106.115 103.212 99.99 97.142 97.197 97.397 97.75 98.187 98.237 98.215 98.735 99.055 104.307 106.277 106.39 105.07 100.347 98.745 98.842 98.69 98.7 98.862 98.972 98.987 99.222 99.027 99.38 99.355 101.2 105.927 106.987 108.23 106.867
104.767 103.78 102.205 95.695 93.382 93.44 93.525 93.58 93.637 93.69 93.74 94.64 96.197 95.137 94.78 96.005 96.28 97.042 98.545 98.34 96.505 99.08 97.052 94.65 94.72 94.935 94.992 95.675 95.275 95.33 95.46 95.76 96.052 96.237 100.125 102.877 100.775 105.75 103.135 99.505 106.002 100.232 98.772 97.512 97.812 97.82 98.06 98.717 98.56 98.46 98.73 102.347 105.712 106.685 105.892 103.462 99.667 100.135 99.107 98.805 99.067 99.115 99.127 99.595 99.527 99.357 99.77 99.772 103.132 106.647 107.787 107.51
97.575 100.922 96.175 93.73 93.502 93.512 93.555 93.615 93.657 93.707 93.787 95.777 96.327 96.287 96.005 95.32 96.095 99.17 98.715 100.022 97.942 95.857 97.822 94.722 94.765 94.987 94.937 95.317 95.465 95.527 95.852 95.927 96.132 97.075 99.505 100.155 100.52 100.76 102.197 101.707 102.952 102.592 101.165 97.622 97.825 97.902 98.577 98.315 98.417 98.492 98.71 99.7 104.562 106.152 106.51 105.322 101.142 99.092 99.255 98.975 99.477 99.682 99.237 99.277 99.315 99.855 99.677 99.707 99.775 103.86 107.172 107.992
93.547 94.685 93.535 93.562 93.587 93.552 93.605 93.645 93.697 93.72 94.125 96.105 96.3 96.275 94.945 93.897 93.925 96.82 97.67 98.785 97.56 96.815 97.642 94.78 94.89 95.042 95.062 95.382 95.465 95.585 95.822 96.097 96.152 96.895 100.412 102.62 100.357 101.042 99.977 99.857 104.807 105.867 104.505 97.722 97.965 98.055 98.122 98.317 98.492 98.69 98.83 98.86 100.832 105.612 107.72 106.685 103.822 99.842 99.8 99.722 99.142 99.727 99.347 99.447 99.627 100.452 100.237 99.757 99.722 101.832 106.522 107.692
95.175 94.975 93.977 93.74 93.517 93.675 93.582 93.625 93.685 93.71 94.875 96.235 96.295 96.267 94.272 93.91 93.915 97.017 97.06 99.17 99.272 98.537 95.112 94.977 94.99 95.032 95.337 95.485 95.587 95.657 95.837 96.077 96.537 97.572 98.2 101.455 100.512 101.04 101.18 100.397 100.655 102.635 104.66 101.907 97.95 98.092 98.237 98.522 98.715 98.8 98.967 99.255 100.355 104.352 106.63 107.227 106.172 103.11 99.375 99.642 99.257 99.262 99.835 99.527 99.572 99.922 99.637 99.672 99.99 99.95 103.785 107.017
98.692 95.575 96.862 96.632 94.29 94.175 94.082 93.587 93.64 93.83 94.35 96.1 96.235 95.312 93.99 93.887 93.905 93.92 95.08 99.33 95.317 96.73 95.295 95.535 95.302 95.332 95.497 95.605 95.695 95.795 95.977 96.135 96.39 98.265 97.015 100.072 98.982 101.93 104.705 101.945 101.19 99.952 103.507 104.337 100.567 98.285 98.507 98.622 98.67 98.822 99.285 100.282 100.34 101.302 105.937 107.247 106.797 105.305 101.102 99.617 100.08 99.37 100.152 99.717 99.717 99.71 100.097 99.785 99.97 100.015 100.367 106.62
98.157 93.672 96.9 97.692 98.172 96.605 96.47 94.725 94.845 95.71 93.92 94.847 95.527 94.517 93.922 93.895 93.887 93.895 94.582 95.235 95.15 95.862 95.265 95.467 95.335 95.507 95.607 95.715 95.897 96.03 96.09 96.27 96.437 96.592 97.2 97.495 99.93 105.12 103.122 103.782 102.72 103.315 104.212 106.027 107.147 98.835 98.6 98.665 98.782 98.85 98.96 99.45 100.632 101.737 104.742 107.382 107.327 106.41 104.882 99.945 100.292 100.035 99.497 99.615 99.81 99.87 100.605 100.222 100.277 100.45 100.255 103.815
95.26 93.28 93.537 95.06 98.672 99.125 99.152 97.825 97.085 96.955 95.485 96.822 97.662 96.267 95.495 94.557 93.927 93.952 94.475 96.355 96.662 95.052 95.155 95.25 95.51 95.602 95.727 95.897 96.495 96.552 96.3 96.427 96.632 96.847 97.015 97.215 99.335 100.6 103.49 101.81 103.617 98.59 103.17 105.36 105.44 101.585 98.797 98.992 98.875 98.837 99.002 99.782 100.287 101.27 103.212 106.215 108.232 107.45 106.445 103.41 99.927 99.882 99.637 99.682 99.865 99.995 100.055 100.205 100.015 100.127 100.382 100.585
93.835 93.32 93.13 93.102 94.455 96.28 97.255 98.14 95.892 97.22 97.172 98.382 97.272 96.3 96.267 96.287 96.035 95.122 95.212 96.64 96.545 95.1 95.252 95.347 95.437 95.665 95.762 95.93 96.46 96.992 96.482 96.662 96.737 96.877 97.167 97.315 97.467 97.552 100.195 106.785 107.02 104.6 105.692 103.482 104.675 101.595 98.732 98.727 98.795 99.222 99.535 99.415 99.62 100.122 102.717 104.597 107.605 107.89 107.02 104.782 100.457 99.97 99.882 99.82 99.892 100.025 100.125 100.162 100.282 100.172 100.505 100.365
93.35 93.307 93.11 93.097 93.132 93.135 96.792 96.627 94.717 95.645 96.475 98.965 96.625 96.452 96.425 96.337 96.342 97.28 95.39 95.482 95.692 95.187 95.327 95.4 95.485 95.607 95.79 95.985 96.175 96.432 96.687 97.265 96.872 96.982 97.24 97.412 97.58 97.717 101.107 99.71 106.445 106.635 105.887 104.122 104.512 104.06 100.762 100.757 99.43 100.04 99.847 99.325 100.995 101.082 101.03 101.792 106.082 107.61 107.542 106.417 102.262 100.595 100.667 100.002 100.517 100.77 100.275 100.3 101.005 100.46 100.372 100.475
94.147 93.147 93.102 93.107 93.13 93.127 93.177 93.52 93.287 93.342 93.645 95.017 94.952 96.182 96.835 97.782 97.302 95.575 95.67 95.815 95.115 95.205 95.345 95.432 95.572 95.64 95.76 96.072 96.345 96.592 96.725 96.987 97.075 97.172 97.35 97.425 97.602 97.777 98.667 101.735 103.852 104.292 102.955 106.72 104.685 101.912 104.96 99.932 100.23 99.897 100.51 100.185 100.377 99.785 99.915 101.76 103.192 106.55 107.717 107.14 106.02 100.495 100.305 100.24 100.087 101.07 100.345 100.452 100.535 100.39 100.47 101.01
95.312 94.105 93.105 93.087 93.095 93.15 93.195 93.237 93.26 93.337 93.847 93.73 93.832 94.012 95.565 96.865 97.542 95.252 95.12 96.062 95.18 95.245 95.352 95.492 95.635 95.73 95.852 95.987 96.262 96.622 96.93 96.897 97.207 97.667 97.602 97.542 97.655 97.832 97.96 98.08 103.197 103.162 104.827 103.305 105.95 102.762 102.647 101.617 99.482 100.265 99.927 99.602 99.682 99.927 100.045 100.135 100.19 105.16 107.392 108.212 106.98 103.127 100.982 100.51 100.292 100.232 100.39 100.557 100.625 100.585 100.57 101.592
94.562 97.89 94.56 96.347 93.892 93.155 93.2 93.255 93.285 93.357 93.452 93.645 93.87 94.067 95.552 96.697 96.862 95.997 95.632 95.115 95.225 95.31 95.442 95.517 95.657 95.82 95.967 96.025 96.375 96.62 97.002 97.147 98.292 97.56 97.442 97.685 97.787 97.892 98.047 99.005 104.43 104.732 104.662 103.33 100.995 103.542 103.632 103.07 100.437 99.505 100.145 100.205 100.28 100.01 99.867 100.052 100.48 103.097 106.782 108.042 107.645 105.775 102.275 100.62 100.47 100.382 100.52 100.705 100.722 100.777 100.74 100.75
94.545 96.7 98.585 97.167 96.077 95.83 93.857 93.25 93.72 93.94 93.56 93.79 93.99 94.155 95.305 95.417 96.01 96.185 96.237 95.972 95.237 95.372 95.46 95.627 95.717 95.83 96.005 96.185 97.19 97.125 96.74 97.232 98.205 97.51 97.575 97.727 97.882 97.982 98.185 99.647 100.23 103.115 102.387 103.745 105.452 103.497 102.895 105.552 102.992 99.69 100.232 100.257 99.787 99.855 100.255 100.71 100.482 101.095 105.95 107.417 106.775 106.565 106.785 100.55 100.687 100.7 100.95 101.637 100.805 100.897 101.52 101.167
95.327 98.835 100.587 100.232 95.582 95.005 94.172 93.39 96.605 101.582 95.742 93.917 94.077 96.03 97.54 98.477 95.79 95.822 95.807 95.797 95.257 95.36 95.545 95.612 95.76 95.892 95.997 96.2 96.29 96.442 96.88 97.095 97.232 97.492 97.622 97.837 97.987 98.122 98.242 98.95 99.63 101.182 101.917 101.89 105.687 104.187 104.807 104.567 102.532 100.477 100.01 100.587 99.942 100.262 100.272 100.172 100.25 100.56 102.04 105.747 107.115 108.037 108.182 103.027 101.55 101.72 100.712 101.035 100.882 100.995 101.112 101.415
98.35 100.132 99.065 100.357 99.022 94.88 95.52 94.462 99.85 102.672 97.162 94.002 94.98 101.235 101.415 100.437 97.495 96.115 95.175 95.252 95.347 95.397 95.55 95.7 95.89 95.942 95.99 96.13 96.382 96.822 97.247 97.122 97.182 97.345 97.62 97.822 98.002 98.21 98.425 99.01 98.882 99.855 103.737 103.177 104.975 106.327 102.897 102.677 103.24 103.232 102.125 100.575 100.14 100.085 100.137 100.262 100.512 101.207 100.857 102.387 107.397 108.59 107.92 105.932 101.282 101.527 100.882 100.922 101.56 101.055 101.132 101.13
93.532 95.817 98.597 96.977 99.105 96.452 95.982 98.255 99.912 102.082 95.952 94.38 94.872 101.205 102.937 99.56 99.217 96.035 95.262 95.31 95.402 95.505 95.642 95.707 95.875 95.972 96.025 96.12 96.55 96.777 96.852 96.965 97.192 97.362 97.56 97.86 98.097 98.235 98.86 99.995 99.495 99.047 100.657 104.08 105.79 106.355 104.605 100.932 101.122 104.81 104.955 100.072 100.057 100.117 100.237 100.422 100.55 100.557 100.56 100.665 106.56 108.42 108.765 107.525 101.767 101.435 101.237 100.89 101.37 101.232 101.255 101.29
