LIDAR-DSM-2M-TQ28ne/tq2785_DSM_2M.asc
ncols 500
nrows 500
xllcorner    527000
yllcorner    185000
cellsize     2
NODATA_value -9999
[rows 160 to 191 of 500, columns 219 to 291 of 500]
59.815 57.085 57.602 60.945 60.77 60.067 59.73 57.325 58.635 60.81 58.477 61.757 63.975 60.155 59.865 58.772 61.372 64.255 63.52 62.407 67.325 60.067 63.755 61.045 60.24 61.285 61.785 61.73 62.867 60.27 62.112 62.737 62.742 63.255 60.342 67.877 63.652 67.175 61.45 60.155 59.48 59.302 59.325 59.525 61.745 62.017 59.985 60.857 60.5 59.825 59.84 59.822 59.792 59.825 59.787 59.785 59.82 60.307 59.7 59.1 58.965 59.142 59.115 58.19 58.027 59.907 58.895 62.015 60.067 57.787 65.175 66.507 67.117
60.235 58.317 57.142 58.26 60.375 57.385 58.41 60.177 61.47 62.187 61.695 59.42 62.37 61.83 60.427 59.59 61.822 66.175 66.09 68.172 62.832 63.187 66.54 61.872 64.642 63.535 60.765 60.475 63.675 61.505 60.965 61.775 63.98 60.03 60.772 61.345 63.647 61.187 59.327 59.352 59.327 61.685 64.28 60.62 64.405 64.167 60.325 60.185 59.83 59.83 59.85 59.842 59.84 59.847 59.867 60.16 59.867 59.662 59.982 59.472 58.907 58.825 59.117 58.012 58.7 60.527 64.287 66.265 63.055 58.815 64.962 67.462 68.36
57.897 57.41 58.532 57.41 57.435 57.467 58.05 58.985 61.265 60 59.062 59.69 60.605 62.412 61.11 59.345 63.187 61.767 63.062 63.657 60.81 64.397 66.922 64.262 63.525 63.772 60.147 62.967 62.162 62.725 61.152 61.415 63.102 60.982 62.782 61.095 60.34 59.382 59.377 59.925 67.862 71.372 71.09 63.647 61.112 63.38 60.58 59.88 59.815 59.845 59.86 59.83 59.86 59.975 60.01 59.63 59.567 59.872 59.27 59.802 59.35 58.967 58.805 58.422 60.92 66.527 66.535 66.535 66.295 63.172 66.907 68.315 69.227
60.977 58.645 57.847 57.672 57.74 58.912 59.94 61.202 62.72 62.245 59.437 63.507 62.125 63.22 61.24 59.825 60.162 61.545 60.897 60.962 61.955 65.605 64.18 63.457 60.905 62.962 60.102 60.015 59.892 59.79 59.702 59.58 61.55 60.065 59.65 59.447 59.717 61.287 65.622 73.125 73.385 74.177 74.257 69.512 60.115 62.977 62.27 60.185 60.237 59.865 59.885 59.817 60.797 60.26 59.692 59.735 60.502 60.237 59.135 59.45 60.067 60.36 60.962 59.347 58.175 64.98 66.465 66.817 67.427 68.21 69.292 69.295 69.172
59.445 58.627 57.675 57.807 58.78 61.272 61.235 59.305 61.955 62.305 63.73 61.225 66.43 61.695 60.3 60.43 60.915 60.675 61.927 61.95 62.022 62.537 61.417 61.54 61.487 60.472 60.092 59.995 59.932 59.865 59.762 59.677 59.627 59.552 59.502 60.517 65.212 70.38 73.372 74.915 75.235 75.882 74.86 73.492 65.307 60.397 62.625 61.31 60.272 59.897 60.18 60.045 59.712 59.732 60.295 59.302 59.235 58.982 59.412 60.23 62.035 64.73 64.702 63.252 58.397 61.81 66.882 67.9 68.622 69.235 69.542 69.745 68.312
59.602 59.507 58.717 58.49 59.457 59.785 59.602 61.15 65.672 62.822 64.385 62.502 63.54 61.872 60.995 60.852 61.232 61.135 60.975 60.77 60.945 60.09 60.132 60.587 60.077 60.06 60.002 59.97 59.91 59.84 59.775 59.655 59.605 60.142 64.632 70.287 73.245 72.085 75.155 76.267 76.837 74.61 73.877 69.045 61.355 59.765 60.237 60.027 60.387 60.925 60.367 59.702 59.822 60.002 59.65 59.717 58.89 59.945 58.672 59.067 64.41 66.475 65.647 64.397 61.83 64.662 68.282 68.902 69.565 69.457 68.75 68.127 63.597
61.782 61.985 60.787 59.662 59.067 59.46 61.945 63.672 64.665 64.502 63.842 63.087 61.377 61 61.447 61 60.835 60.65 60.537 60.415 60.27 60.177 60.157 60.095 60.052 60.052 60.007 59.945 59.845 59.765 59.707 60.967 66.677 69.892 73.145 74.125 75.115 75.882 75.592 74.645 74.842 73.257 68.292 62.15 59.927 59.802 59.835 59.835 59.947 59.762 59.762 59.85 60.037 60.102 59.595 59.45 60.49 61.69 61.237 58.612 60.125 66.41 66.462 65.772 67.275 68.357 69.607 69.47 69.087 68.462 67.185 60.957 58.495
59.622 63.475 62.747 62.215 66.092 62.655 63.905 63.152 63.175 62.082 62.892 61.977 61.217 60.89 60.785 60.812 60.795 60.66 60.567 60.427 60.36 60.26 60.172 60.13 60.072 60.015 59.962 59.897 59.82 60.47 63.52 70.78 73.115 74.075 75.11 77.147 75.822 74.677 73.897 71.135 69.18 61.137 60.017 59.935 59.995 59.972 60.645 59.86 59.89 59.807 60.11 59.812 59.482 60.122 59.437 59.55 61.737 64.157 63.402 59.717 59.247 66.52 67.082 68.01 68.72 69.455 69.827 68.805 68.202 63.702 57.75 58.937 57.77
63.837 61.202 60.11 64.92 63.067 65.097 62.975 63.482 65.042 61.27 62.865 61.472 60.847 60.84 60.852 60.847 60.805 60.702 60.597 60.475 60.382 60.292 60.18 60.135 60.057 59.972 59.88 61.567 64.11 67.3 71.352 73.997 74.942 75.8 75.64 76.367 73.845 72.705 69.077 63.735 60.135 59.892 59.877 59.852 59.887 59.82 59.927 60.332 60.907 60 59.617 59.802 59.407 59.237 59.077 60.782 64.65 65.145 64.235 62.622 63.845 67.832 69.597 69.545 69.627 69.005 68.207 65.64 60.755 57.77 57.437 57.315 57.145
64.507 63.187 62.502 65.035 62.815 62.047 67.172 64.715 61.492 61.205 61.102 60.91 60.905 60.892 60.862 60.925 65.19 62.495 60.655 60.525 60.452 60.347 60.225 60.15 60.045 59.977 66.602 68.96 72.33 67.365 75.095 75.752 75.685 74.85 73.997 72.622 68.215 62.89 60.08 59.877 59.967 60.275 60.402 60.19 59.945 59.882 60.257 61.15 60.495 59.335 59.035 59.795 59.07 61.5 58.61 58.522 63.162 64.912 64.772 67.4 69.375 69.412 69.757 69.38 68.667 67.857 63.12 59.135 57.972 57.51 57.245 57.265 57.082
67.785 63.21 61.22 61.927 61.32 62.55 62.972 63.137 60.92 60.94 60.935 60.89 60.9 61.092 64.412 71.032 70.07 69.31 66.482 64.292 62.262 60.777 60.375 60.225 60.05 60.042 67.012 73.437 74.805 75.715 76.942 75.242 73.912 71.532 66.345 63.332 59.965 59.992 59.877 60.092 60.582 60.38 60.025 60.055 60.317 60.61 60.84 59.637 59.662 60.117 58.742 59.062 64.32 64.755 62.04 58.835 62.207 65.417 67.685 69.23 69.78 69.817 69.547 68.185 65.185 59.495 57.867 58.017 57.497 57.312 58.062 57.59 57.172
65.28 63.415 61.5 62.325 61.99 62.125 62.295 60.932 60.932 60.92 60.925 61.65 62.775 69.112 74.05 74.645 70.26 75.042 73.565 73.855 69.752 64.36 60.615 60.45 60.132 60.02 64.892 74.565 74.967 74.977 74.045 74.665 68.492 64.085 60.012 59.985 59.932 59.95 60.722 60.785 60.202 59.992 60.16 60.32 61.277 61.327 60.295 59.64 59.282 59.792 59.165 63.65 65.212 65.345 64.432 60.732 66.3 68.065 68.895 69.752 69.422 68.765 67.48 63.047 58.98 57.632 57.442 57.407 58.042 57.452 57.232 57.197 57.11
61.695 62.097 61.035 61.015 61.03 61.017 60.965 60.977 60.962 61.72 64.785 70.295 75.422 71.592 76.05 77.61 76.747 77.372 77.69 75.64 74.422 68.522 61.437 60.55 60.272 60.122 60.092 68.67 73.505 71.5 70.297 65.277 60.032 61.082 60 59.982 60.045 60.245 61.412 60.56 62.5 60.092 60.615 62.252 61.837 59.542 59.69 59.612 59.517 59.342 59.61 62.2 64.645 65.337 65.867 67.767 68.597 69.745 69.697 69.11 68.49 66.542 62.147 58.215 57.747 57.477 57.847 57.61 57.427 57.285 57.257 57.757 57.975
61.435 61.06 61.057 61.02 61.03 61.007 60.96 60.967 65.62 69.78 72.822 69.812 75.88 76.702 77.547 75.942 75.087 76.257 76.14 76.792 75.635 73.565 62.55 60.62 60.395 60.21 60.135 62.872 68.63 64.777 61.382 60.972 60.2 60.095 60.077 60.525 60.065 60.062 60.012 61.39 60.997 63.465 61.615 61.852 61.047 59.78 60.065 63.4 64.442 62.92 58.982 60.245 64.257 67.735 68.657 68.905 69.572 69.617 68.7 67.797 62.675 57.742 58.122 57.602 57.39 57.74 58.037 57.39 57.29 57.447 57.507 57.427 57.305
61.12 61.042 61.03 61 60.975 61.567 64.052 67.612 68.12 71.71 75.57 76.66 77.85 76.28 75.017 74.132 70.83 70.595 74.345 76.142 77.502 74.752 69.242 60.755 60.565 60.362 60.27 60.175 60.382 61.385 60.97 60.522 60.025 60.035 60.142 60.687 60.17 60.02 60.855 62.807 62.327 61.602 61.132 61.02 60.397 60.095 63.677 65.665 65.67 64.612 61.382 63 68.475 69.835 69.825 69.695 69.1 68.372 66.125 62.685 58.21 57.632 57.465 57.842 57.77 57.375 57.37 57.267 57.75 58.23 57.42 57.805 57.865
61.02 61.035 60.96 60.96 64.302 70.865 73.525 72.302 76.235 76.48 76.7 76.032 75.097 75.215 71.017 65.772 62.497 62.122 71.917 75.12 77.147 75.452 73.497 64.075 60.68 60.507 60.392 60.352 60.362 60.64 60.385 60.145 60.122 60.105 60.09 60.755 61.142 60.732 61.81 62.65 63.3 61.875 61.235 60.67 61.055 60.485 61.065 65.232 65.897 65.43 66.06 68.245 69.485 69.835 69.392 68.69 66.832 64.117 58.56 58.09 57.697 57.545 57.562 57.925 57.38 57.37 57.625 58.947 57.225 57.297 58.205 58.602 61.645
60.957 61.467 62.342 68.682 73.145 74.787 75.54 76.427 77.275 76.07 75.087 74.14 72.325 67.82 61.4 61.93 61.392 61.29 65.707 74.4 76.185 76.44 74.327 67.345 61.132 60.627 60.487 60.36 60.305 60.21 60.235 60.215 60.167 60.147 60.172 60.897 62.215 61.88 60.837 60.737 60.46 60.107 62.4 65.447 64.962 60.562 60.392 64.26 65.555 66.857 68.615 69.327 70.072 69.557 68.267 65.622 58.81 58.28 57.825 57.515 57.707 58.387 57.522 57.447 57.372 57.732 57.6 58.187 57.892 58.575 59.407 65.75 66.322
64.282 68.295 73.932 75.415 75.455 76.467 76.765 76.097 75.17 74.092 71.552 66.702 62.64 61.612 61.15 61.47 62.015 62.43 61.957 74.735 75.585 77.555 73.627 72.347 63.612 60.64 60.46 60.355 60.3 60.262 60.25 60.312 60.215 60.195 61.865 62.61 62.1 60.225 59.802 59.832 60.72 61.465 65.48 66.215 65.667 64.532 62.96 64.995 66.245 67.21 69.225 69.407 68.732 67.33 62.917 59.645 57.982 57.68 57.667 58.067 57.592 57.45 57.437 57.425 57.955 57.915 57.332 57.605 59.462 63.355 65.452 66.415 66.627
72.285 73.12 74.19 76.442 77.312 76.757 75.17 74.262 71.802 65.03 61.775 61.577 61.18 61.1 61.017 61.005 60.962 60.935 60.925 66.145 74.202 76.065 76.445 73.202 68.487 61.73 60.49 60.49 60.335 60.325 60.267 60.25 60.6 62.255 62.16 60.292 59.91 60.237 59.857 60.36 60.475 60.282 64.725 65.785 66.167 65.467 65.542 66.785 67.427 67.625 67.497 68.012 66.92 60.947 58.552 58.542 57.745 57.525 58.32 57.802 57.535 57.427 58.007 57.83 57.295 57.365 57.75 61.757 65.675 68.707 68.962 69.51 67.592
75.85 76.9 77.175 76.467 75.612 74.372 72.647 65.532 61.287 61.11 61.145 61.097 61.107 61.145 61.14 61.087 61.017 60.91 60.867 60.952 73.22 75.125 76.602 75.445 71.1 60.877 60.537 60.397 60.355 60.307 60.382 60.307 61.5 61.512 60.385 60.687 60.227 60.002 63.882 65.23 62.3 60.305 61.647 64.962 66.067 66.335 66.985 67.767 67.525 66.882 66.1 62.3 58.027 58.305 57.827 57.74 58.525 57.657 57.522 57.537 57.582 57.687 57.702 57.405 57.782 57.95 64.822 67.007 68.087 69.29 69.402 68.837 68.047
76.822 76.265 75.315 74.33 73.765 66.475 61.545 61.095 61.075 61.062 61.087 61.16 61.19 61.177 61.162 61.165 61.075 60.982 60.86 60.847 63.895 74.362 75.5 75.472 74.305 69.935 60.58 60.452 60.357 60.315 60.29 61.157 61.48 60.52 60.302 60.847 59.947 63.355 65.902 65.68 64.972 60.882 63.357 65.857 66.685 67.5 67.602 67.082 66.415 64.427 62.197 58.127 57.752 57.655 57.52 57.727 57.822 57.557 57.515 57.845 58.08 57.475 57.79 59.165 60.28 62.382 67.855 68.487 68.975 69.237 68.45 68.027 66.652
77.162 74.552 72.205 67.657 61.83 61.057 61.05 61.04 61.08 61.177 61.205 61.177 61.182 61.155 61.58 61.557 61.057 60.985 60.855 60.807 60.85 72.85 74.65 71.352 66.01 62.492 61.005 60.435 60.367 60.665 60.407 60.957 60.572 60.9 60.572 60.927 60.955 62.83 65.272 65.977 65.605 64.687 66.3 67.077 67.602 67.407 66.755 65.685 64.857 58.485 58.05 57.737 57.627 58.5 57.817 57.582 57.58 57.69 57.557 57.712 57.452 58.355 60.35 63.985 67.315 68.102 68.91 69.292 68.39 67.685 63.945 64.62 65.667
76.76 73.93 65.73 61.512 61.937 61.03 61.015 61.09 61.192 61.207 61.2 61.172 61.152 62.107 61.317 61.252 61.045 60.97 60.885 60.757 60.762 65.932 65.297 62.122 61.062 60.507 60.427 60.44 61.18 61.577 60.99 59.805 60.182 61.525 64.575 64.632 59.735 60.26 64.42 65.607 66.092 66.38 67.307 68.447 67.115 66.555 64.467 58.617 58.755 58.102 57.585 58.082 58.142 57.702 57.615 57.585 57.757 58.145 58.277 57.51 57.592 62.007 66.102 67.752 68.855 69.162 69.022 68.682 67.427 66.197 60.632 58.765 63.38
75.497 73.497 67.027 61.347 61.952 60.985 61.075 61.557 61.265 61.182 61.185 61.132 61.127 62.782 61.545 61.03 60.985 60.937 60.925 60.725 60.705 60.897 61.662 60.615 60.537 60.445 60.425 60.575 61.852 60.1 60.485 60.162 61.572 64.537 66.1 65.4 62.35 61.61 65.337 66.252 66.77 67.57 67.22 66.665 66.007 63.85 58.79 57.64 57.697 57.557 57.51 57.93 57.602 57.625 57.687 57.65 57.44 57.477 57.877 58.487 63.337 67.385 68.05 68.442 69.442 68.882 68.7 67.532 66.51 65.87 64.142 57.597 58.997
76.302 73.035 68.162 61.14 61.045 61.022 61.097 61.99 61.905 62.587 61.492 61.187 61.092 61.08 62.165 61.487 60.935 60.95 60.91 60.757 60.64 60.63 60.577 60.51 60.462 60.412 59.952 59.217 61.265 59.817 60.455 60.822 60.567 63.697 64.942 65.917 65.385 65.922 66.845 67.515 67.515 67.002 66.18 65.007 61.142 59.115 57.875 57.572 57.652 57.477 57.565 57.61 57.63 57.53 58.41 57.615 57.682 59.025 60.292 66.592 67.765 68.545 69.14 69.192 69.265 65.937 60.56 65.817 66.09 66.505 64.32 58.592 57.735
76.835 74.105 70.625 63.46 61.02 60.99 61.057 61.087 61.33 63.647 64.882 65.157 63.49 62.03 60.847 61.35 60.86 60.867 60.75 60.67 60.635 60.59 60.517 60.472 60.942 62.17 59.057 61.36 61.947 62.15 63.937 60.672 59.865 61.747 65.2 67.537 66.692 67.062 67.935 68.012 66.672 65.962 61.007 58.145 58.245 57.657 57.63 58.47 58.007 57.565 57.595 57.822 58.265 57.63 57.52 57.86 59.302 64.557 67.435 68.482 69 69.03 68.497 67.727 67.112 62.29 58.492 62.992 65.547 63.225 59.967 58.472 57.092
76.197 76.547 75.535 68.427 61.145 60.97 61.007 61.032 61.072 61.592 62.925 64.457 62.35 61.505 60.842 60.785 60.757 60.72 60.675 60.597 60.565 60.677 60.527 60.94 63.205 62.015 59.62 59.82 64.392 65.487 64.72 63.96 60.495 65.27 67.975 68.785 68.405 67.542 67.035 66.27 65.825 61.547 58.222 57.617 57.66 57.9 57.807 57.622 57.565 57.557 57.537 58.112 57.732 57.572 58.1 61.62 65.417 67.85 68.542 69.16 68.982 67.977 67.245 66.757 66.112 65.057 58.732 57.71 61.2 58.872 58.06 57.117 56.962
75.7 77.005 74.26 73.007 65.167 60.962 60.95 61.025 61.317 62.81 61.667 61.985 60.807 60.912 60.86 60.732 60.692 60.662 60.897 60.745 60.735 61.525 62.085 60.435 59.627 59.87 59.465 59.687 63.077 64.185 65.097 65.67 67.22 68.517 69.127 69.61 69.36 67.147 66.195 63.275 58.49 58.142 57.625 57.502 58.235 58.3 57.555 57.537 57.572 58.09 57.687 57.51 57.842 59.027 64.802 67.077 67.637 68.672 69.065 68.39 67.7 65.77 65.467 66.117 66.832 65.932 59.715 58.18 58.43 57.022 57.767 58.467 57.775
74.452 76.165 76.277 74.63 71.08 61.347 60.905 60.987 61.297 61.915 61.472 61.127 60.77 60.772 60.747 60.697 60.642 60.85 61.227 60.687 61.59 61.905 60.23 59.572 61.09 62.84 63.275 59.24 60.475 65.07 66.562 68.255 68.78 69.382 70.412 69.045 68.37 65.07 59.427 58.3 57.772 57.52 57.9 58.417 57.58 57.565 57.507 57.922 57.475 57.65 57.55 58.16 62.055 66.497 67.37 67.967 68.38 68.265 68.08 67.135 65.205 59.97 63.645 65.685 64.917 61.047 58.817 58.37 59.335 57.137 59.212 60.48 60.26
72.762 75.135 76.725 75.535 72.18 64.092 60.892 60.882 60.992 61.025 60.812 60.797 60.762 60.745 60.742 61.212 61.52 60.672 61.482 61.602 61.65 61.927 59.912 61.837 64.032 64.152 64.005 61.595 62.055 67.735 69.692 69.62 69.61 69.412 68.727 67.83 62.475 58.172 57.707 57.577 57.477 58.382 57.8 57.565 57.515 57.49 58 58.23 57.515 57.75 59.582 64.357 67.08 67.625 68.237 68.392 67.905 67.272 66.727 66.357 65.045 62.542 60.205 62.577 59.517 57.562 56.97 57.962 59.195 57.847 58.617 59.34 62.747
66.007 74.542 75.597 75.347 73.412 68.502 60.995 60.842 60.867 60.805 60.795 60.725 60.73 60.707 60.797 61.44 60.85 61.382 61.67 61.305 61.72 61.76 60.502 61.642 64.042 64.597 64.695 66.342 67.9 69.2 69.77 69.707 69.147 68.387 66.872 60.092 59.507 57.71 57.507 57.445 57.427 57.642 57.492 57.48 57.957 58.03 57.39 57.505 57.872 61.5 63.487 67.355 68.037 68.392 68.197 67.542 66.942 61.085 66.432 66.477 66.045 62.24 59.06 58.737 57.09 57.072 57.01 57.19 57.55 57.785 59.032 62.007 64.34
61.777 70.132 75.38 74.34 67.98 64.48 61.66 60.827 60.827 60.76 60.737 60.73 60.705 60.702 60.767 60.77 60.937 60.195 59.61 60.03 63.517 63.772 62.107 60.097 62.097 65.352 67.485 68.46 69.087 69.782 70.09 69.817 67.787 60.61 58.517 58.707 58.197 57.427 57.39 57.382 57.402 57.457 57.647 57.402 57.672 57.475 57.522 59.167 64.602 66.915 67.67 68.277 68.445 68.002 67.255 63.37 59.22 58.237 64.627 66.55 61.977 57.5 57.145 57.962 58.265 57.702 58.247 58.212 57.282 56.692 57.507 64.697 65.202
