LIDAR-DSM-2M-TQ28ne/tq2787_DSM_2M.asc
ncols 500
nrows 500
xllcorner    527000
yllcorner    187000
cellsize     2
NODATA_value -9999
[rows 240 to 269 of 500, columns 0 to 66 of 500]
120.996 128.296 125.021 122.583 125.318 127.546 126.673 121.268 124.441 128.831 120.181 120.273 119.991 119.706 123.461 125.633 122.026 124.743 123.818 120.108 121.371 122.606 123.033 123.576 118.013 117.368 117.461 121.101 122.798 122.688 116.966 123.473 123.776 123.331 122.808 123.016 124.643 121.268 119.501 120.958 119.296 121.933 123.083 123.133 123.128 119.521 115.026 114.068 119.046 119.676 116.698 114.566 117.373 115.448 113.221 114.213 117.936 112.931 115.121 112.123 112.148 112.471 113.353 113.196 113.401 112.848 115.243
123.823 127.148 128.571 131.246 132.086 132.096 123.936 119.321 117.318 121.571 120.788 120.623 123.536 127.936 121.578 121.181 119.461 118.556 116.841 116.338 118.838 123.456 120.986 117.736 119.593 117.198 119.878 122.433 126.353 123.543 124.688 123.176 119.296 120.246 122.486 125.601 125.388 121.521 118.398 116.256 118.456 120.541 122.481 121.933 121.761 118.591 116.688 118.541 120.191 118.563 118.188 116.531 113.746 113.078 114.958 119.571 116.466 116.691 119.536 115.548 112.091 112.373 113.221 113.333 112.996 113.078 113.003
128.256 128.173 131.806 131.666 124.708 127.223 121.513 121.361 122.453 120.848 117.516 119.171 127.323 124.451 121.276 120.881 123.293 125.463 117.473 119.711 123.333 124.143 120.463 116.991 115.963 115.678 117.743 121.773 123.611 123.291 122.691 118.933 118.771 122.201 122.518 123.531 127.068 125.343 119.836 117.843 115.906 118.923 117.728 119.186 118.521 119.546 120.846 120.556 121.426 119.518 118.033 118.826 115.928 112.908 115.838 115.966 122.046 125.293 118.373 117.316 114.373 112.226 113.476 113.551 113.353 113.506 113.391
129.686 126.356 130.116 130.653 128.211 126.088 123.898 127.146 127.868 117.283 120.491 125.968 127.446 128.641 128.463 121.516 127.638 118.258 119.831 119.978 122.528 122.481 121.223 120.936 120.533 117.983 118.028 120.398 121.078 121.256 119.818 117.878 121.076 118.976 120.941 119.643 120.416 124.568 120.856 113.323 116.141 116.638 113.621 114.111 118.083 118.641 123.483 117.123 118.371 119.473 117.336 119.591 116.818 113.758 114.236 116.183 120.268 121.638 121.126 115.193 111.836 112.171 113.598 113.691 112.893 113.358 112.988
129.076 129.918 126.423 125.731 127.118 124.851 127.098 128.408 125.466 120.991 124.856 124.471 126.941 123.238 122.818 131.181 126.298 123.368 126.043 121.091 122.488 124.481 121.756 115.061 118.783 115.633 119.146 122.161 123.566 124.103 119.693 118.898 120.686 119.778 121.431 121.246 118.618 117.828 114.308 118.293 114.621 117.566 113.781 121.691 115.258 115.453 118.026 117.056 114.476 118.303 118.663 118.911 116.433 115.851 118.376 121.533 117.386 119.073 113.711 111.473 111.441 111.753 112.398 112.878 112.913 112.281 112.116
130.291 128.011 129.858 125.881 122.493 119.961 123.846 126.776 119.683 119.903 117.498 119.781 123.983 123.093 122.753 130.561 120.698 121.328 122.881 124.008 124.706 123.873 119.113 125.778 114.006 123.106 118.446 121.141 123.563 122.893 120.096 118.176 119.161 117.256 119.206 113.553 118.416 120.173 115.448 118.533 114.353 114.931 115.701 113.051 114.938 112.063 113.558 118.716 111.951 114.123 115.296 115.741 115.533 115.061 113.423 112.471 111.651 114.758 113.453 111.826 111.643 111.296 111.523 111.261 112.688 115.141 113.816
129.776 127.956 128.636 121.478 120.266 119.753 118.656 120.098 119.028 122.633 124.496 121.161 125.098 121.783 126.073 129.253 128.976 126.476 127.983 125.576 122.838 121.438 127.316 119.453 122.638 122.243 118.276 118.456 120.088 117.376 116.123 120.073 116.946 119.801 114.768 115.566 113.448 116.898 113.361 113.496 112.161 112.091 116.358 112.868 112.323 113.398 117.851 114.458 113.063 116.641 114.608 114.783 114.371 112.393 111.158 111.233 111.751 113.378 112.568 111.901 112.191 112.641 111.998 111.778 112.426 115.478 112.983
126.448 127.188 125.103 128.298 119.921 119.088 120.673 120.041 124.158 122.231 122.606 124.656 127.513 122.878 125.238 122.636 124.583 124.366 123.148 123.336 125.598 126.123 121.023 124.643 118.781 117.968 120.191 114.833 115.108 115.916 119.151 119.936 113.046 116.481 116.233 115.251 112.851 116.966 114.743 116.458 115.021 111.761 113.356 111.566 111.553 112.461 111.621 111.443 111.526 113.483 114.491 114.266 112.101 111.101 111.023 111.328 113.348 113.126 111.938 112.168 115.388 115.413 115.643 116.618 117.168 113.796 113.026
121.271 120.431 117.453 120.506 125.786 123.948 119.418 122.823 124.376 122.448 120.778 127.503 128.868 120.013 119.398 125.641 125.173 126.493 122.818 121.793 126.638 120.378 123.523 123.603 121.248 122.508 115.068 114.883 117.368 123.911 122.501 117.373 113.386 112.223 112.076 111.948 113.723 114.476 115.336 113.723 112.921 113.956 112.381 111.453 111.386 111.331 111.253 111.223 111.196 111.861 113.498 113.323 110.761 110.833 111.043 112.456 111.946 111.673 112.363 111.528 113.666 117.926 115.546 114.683 113.366 111.151 113.081
124.181 117.346 118.696 122.998 124.496 129.136 121.153 126.458 128.333 125.868 123.526 121.783 122.998 120.223 123.418 121.321 124.046 126.501 124.143 124.083 120.646 117.898 120.003 120.123 123.908 121.141 118.671 116.503 121.686 120.736 114.716 113.651 113.123 111.901 111.821 112.921 113.076 113.408 111.921 112.501 114.668 114.271 112.103 111.266 111.208 111.168 111.073 111.073 111.036 111.001 111.023 110.688 110.678 110.748 111.726 112.953 113.013 113.486 113.081 114.616 115.633 118.628 114.976 111.476 111.546 110.628 110.473
120.663 123.846 123.051 124.598 127.458 124.993 119.728 130.766 130.931 123.661 121.681 125.606 124.371 119.586 117.731 120.733 124.573 123.658 123.223 122.108 119.658 116.283 122.308 121.731 116.996 116.138 116.573 124.188 121.463 114.288 112.598 113.656 112.311 111.748 111.691 111.648 112.691 112.988 111.423 112.218 111.703 111.223 111.148 111.098 111.023 110.991 110.958 111.146 110.846 110.748 110.478 110.481 110.541 111.583 112.296 113.216 113.208 112.916 112.438 113.068 114.851 115.176 113.773 111.391 109.928 111.296 111.746
121.583 121.486 118.291 116.826 128.671 126.251 119.448 125.038 123.488 117.931 121.446 127.933 126.178 120.283 113.971 116.493 117.481 118.803 120.136 117.266 117.331 113.851 113.313 114.963 113.226 114.138 120.018 115.006 117.986 116.233 116.126 114.706 111.683 111.611 111.511 111.431 111.336 111.298 111.231 111.206 111.133 111.056 110.993 110.911 110.816 110.758 110.733 110.726 110.616 110.368 110.328 110.391 110.431 111.543 111.826 111.896 111.901 112.636 114.156 113.648 112.916 111.448 111.971 112.333 112.843 110.673 109.563
126.708 119.138 120.236 116.828 117.101 121.041 121.711 120.123 121.768 125.018 120.943 118.918 125.523 121.203 120.703 117.371 115.468 115.386 117.201 116.876 115.956 113.923 112.278 112.821 112.338 114.873 115.543 115.878 116.208 117.648 114.281 116.128 111.516 111.391 111.316 111.251 111.181 111.121 111.081 111.028 111.708 111.596 110.798 110.693 110.636 110.563 110.493 110.448 110.296 110.173 110.253 110.271 112.031 113.383 112.526 111.506 111.965 115.471 117.581 115.841 115.036 111.893 111.871 115.663 114.331 110.151 108.966
129.008 119.316 118.728 117.831 117.471 116.213 120.811 118.208 122.008 123.071 119.206 121.948 122.983 120.708 115.811 119.391 114.101 114.183 115.756 115.068 115.151 112.838 112.143 113.173 111.996 112.026 113.336 114.793 114.576 112.966 118.326 111.841 111.308 111.203 111.143 111.106 111.021 110.951 110.911 111.406 115.043 114.733 110.986 110.518 110.456 110.361 110.256 110.203 110.036 110.086 110.131 110.196 114.883 114.583 115.971 113.806 112.166 111.438 113.086 112.108 111.886 109.843 111.361 113.496 113.896 111.316 108.326
120.946 117.998 121.061 119.063 117.351 121.111 123.008 118.703 125.316 121.691 122.706 127.093 120.101 120.533 116.516 115.648 113.868 112.651 112.563 112.713 112.476 112.126 112.048 111.928 111.866 111.766 115.863 117.606 119.006 117.566 111.398 111.246 111.171 111.081 110.996 110.908 110.831 110.778 110.706 110.773 114.306 115.868 110.948 110.376 110.281 110.193 110.098 109.961 109.943 109.986 110.386 114.215 116.348 116.708 113.976 114.736 112.318 112.518 113.798 114.603 110.778 108.651 109.421 111.858 111.758 110.203 108.051
130.153 122.101 123.216 122.623 118.343 121.548 122.273 117.581 121.851 123.471 121.773 123.518 123.798 121.568 120.263 115.826 112.681 112.558 112.541 112.393 112.193 112.018 111.933 111.821 111.716 111.628 111.561 111.461 114.481 111.603 111.193 111.101 111.001 110.933 110.833 110.751 110.686 110.618 110.581 110.528 110.416 110.511 110.281 110.241 110.161 110.041 109.906 109.816 109.848 110.173 113.466 115.376 117.028 117.818 118.863 117.143 117.258 119.053 117.216 115.891 112.351 110.306 108.253 108.783 108.118 107.856 107.681
122.608 127.206 126.751 118.258 122.343 125.243 121.201 125.116 124.871 120.791 123.318 124.461 125.788 119.281 117.568 114.846 116.813 112.801 112.416 112.266 112.101 111.928 111.811 111.708 111.663 111.883 111.608 111.398 111.201 111.101 111.021 110.973 110.871 110.776 110.701 110.636 110.583 110.538 110.481 110.413 110.298 110.236 110.183 110.073 109.976 109.863 109.743 109.753 109.763 111.596 115.188 116.098 113.611 114.566 117.993 116.136 117.541 120.653 116.081 115.368 112.211 108.311 108.151 107.968 107.808 107.681 107.503
123.973 125.901 123.421 119.753 118.486 121.221 119.928 120.063 120.938 124.648 127.623 125.283 120.878 119.306 118.491 119.021 116.801 115.238 112.153 112.076 111.971 111.821 111.693 111.686 113.038 112.806 112.946 113.106 111.203 110.966 110.853 110.778 110.713 110.668 110.626 110.558 110.491 110.401 110.341 110.286 110.201 110.133 110.048 109.943 109.818 109.666 109.648 109.681 109.671 110.123 112.816 113.238 114.633 113.988 113.698 115.593 115.161 116.286 111.271 113.026 110.748 108.143 108.018 107.926 107.648 107.438 107.348
120.921 121.083 119.073 119.726 117.371 118.523 119.836 119.208 120.623 122.938 122.631 119.136 117.388 115.848 114.416 117.511 118.941 115.683 114.203 111.933 111.831 111.691 111.561 111.683 112.891 113.713 114.728 113.781 110.988 110.816 110.748 110.711 110.638 110.563 110.501 110.456 110.398 110.311 110.208 110.138 110.068 109.986 109.893 109.781 109.626 109.558 109.598 109.591 109.616 109.833 114.216 110.656 112.833 111.628 112.943 112.448 116.971 118.968 115.391 112.396 108.216 108.326 107.871 107.851 107.621 107.468 107.186
119.181 120.273 119.468 120.583 116.758 117.278 115.596 114.621 122.598 125.138 123.223 121.933 115.698 115.488 114.266 116.928 118.898 116.016 113.218 111.793 111.658 111.536 111.408 111.283 113.228 115.543 114.738 112.636 110.821 110.723 110.663 110.613 110.533 110.478 110.406 110.343 110.256 110.153 110.088 110.023 109.921 109.841 109.763 109.653 109.508 109.493 109.521 109.523 109.606 109.963 110.406 111.781 110.606 113.083 113.486 117.041 117.436 112.603 110.926 110.643 108.123 108.353 108.118 107.941 107.493 107.393 107.278
120.916 120.303 119.621 119.571 118.576 116.538 118.586 117.921 124.138 124.076 121.518 118.071 118.516 117.538 115.696 113.973 116.211 116.036 112.161 111.603 111.476 111.383 111.246 111.176 111.966 112.138 111.306 110.898 110.716 110.656 110.571 110.501 110.433 110.343 110.268 110.218 110.148 110.051 109.971 109.903 109.816 109.748 109.638 109.488 109.438 109.443 109.451 109.503 109.723 110.208 110.633 111.148 110.131 110.263 112.226 112.268 114.711 111.931 111.873 108.296 108.058 107.978 107.888 107.948 107.433 107.321 106.783
126.526 120.831 119.668 118.941 116.073 116.351 120.558 121.188 118.421 118.468 118.393 118.731 117.421 118.893 112.776 113.728 115.978 114.813 113.561 111.476 111.363 111.291 111.196 111.096 110.986 110.886 110.803 110.731 110.658 110.593 110.486 110.428 110.361 110.261 110.158 110.118 110.043 109.958 109.863 109.783 109.731 109.651 109.503 109.378 109.393 109.381 109.443 109.573 110.093 110.418 110.553 109.986 109.073 112.278 110.158 110.521 111.898 108.948 110.526 107.933 107.991 107.941 107.84 107.603 107.533 107.208 108.701
121.316 120.228 116.811 119.326 116.088 118.718 119.608 117.571 116.718 116.878 119.396 120.828 116.036 115.751 113.313 115.166 116.328 116.966 111.516 111.363 111.263 111.193 111.093 110.988 110.883 110.796 110.688 110.616 110.566 110.481 110.396 110.308 110.243 110.148 110.066 110.008 109.958 109.873 109.796 109.706 109.638 109.533 109.371 109.343 109.363 109.368 109.418 110.111 110.541 110.621 110.383 108.743 108.738 109.153 109.236 108.468 108.396 110.821 107.965 107.881 107.871 107.788 107.668 107.488 107.043 108.413 112.898
118.093 117.171 117.168 115.841 116.893 120.178 117.898 115.761 115.393 115.246 117.153 116.796 117.178 112.736 112.176 112.273 113.361 111.521 111.413 111.298 111.186 111.103 111.028 110.906 110.803 110.741 110.626 110.551 110.453 110.393 110.313 110.243 110.151 110.076 109.981 109.888 109.848 109.796 109.716 109.636 109.521 109.391 109.303 109.336 109.341 109.353 109.593 111.653 111.686 111.093 109.688 108.653 108.618 108.491 108.381 108.318 108.198 108.048 107.788 107.738 107.778 107.401 106.721 107.303 112.603 115.791 115.808
118.901 114.528 114.218 116.223 116.586 117.268 115.481 115.121 113.048 119.316 116.228 115.641 114.338 112.138 111.763 111.661 111.586 111.911 113.611 113.218 111.086 111.001 110.923 110.823 110.723 110.663 110.578 110.468 110.403 110.321 110.243 110.151 110.078 110.021 109.926 109.811 109.743 109.708 109.638 109.548 109.408 109.293 109.316 109.343 109.338 109.348 110.366 111.793 111.783 110.306 108.853 108.616 108.503 108.398 108.288 108.201 108.113 107.931 107.711 107.823 107.473 107.808 114.946 116.051 116.441 116.813 116.331
118.803 115.183 116.306 114.901 114.336 116.378 116.771 117.311 113.693 114.763 115.093 114.798 111.941 111.818 111.703 111.606 111.478 113.726 119.013 116.286 111.438 110.893 110.821 110.746 110.668 110.583 110.521 110.421 110.358 110.253 110.181 110.086 110.013 109.916 109.831 109.741 109.678 109.623 109.541 109.433 109.286 109.298 109.298 109.283 109.296 109.373 110.731 111.833 110.778 109.388 108.643 108.536 108.418 108.311 108.166 108.091 108.003 107.763 107.681 107.688 108.141 114.566 116.318 116.926 117.341 117.533 116.758
121.266 119.223 115.416 116.806 115.941 116.146 113.478 113.961 114.001 114.228 116.356 113.388 111.881 111.753 111.631 111.536 111.408 113.226 114.336 114.503 110.938 110.836 110.768 110.681 110.593 110.523 110.446 110.356 110.276 110.188 110.083 109.986 109.931 109.861 109.758 109.676 109.598 109.541 109.458 109.316 109.271 109.298 109.288 109.276 109.256 109.488 110.876 110.996 110.911 109.488 108.468 108.408 108.306 108.183 108.096 107.988 107.821 107.616 107.783 107.253 109.343 114.071 116.168 117.053 118.813 119.061 117.138
119.811 114.523 115.011 116.128 115.596 116.848 112.813 112.596 112.431 112.786 112.941 111.946 111.803 111.646 111.526 111.448 111.323 111.218 111.373 110.986 110.883 110.788 110.681 110.616 110.536 110.461 110.396 110.276 110.201 110.106 110.036 109.948 109.863 109.788 109.716 109.646 109.558 109.448 109.341 109.296 109.333 109.338 109.281 109.233 109.278 109.616 110.603 110.701 110.518 108.988 108.441 108.368 108.368 108.253 108.548 108.331 107.803 107.878 107.908 107.658 112.691 113.616 116.956 116.623 117.586 117.348 116.963
119.938 116.646 116.533 114.068 116.476 113.948 112.581 112.401 112.253 112.123 111.991 111.851 111.713 111.566 111.428 111.348 111.241 111.141 111.023 110.931 110.826 110.708 110.606 110.551 110.456 110.373 110.326 110.248 110.148 110.043 109.928 109.843 109.798 109.701 109.638 109.573 109.476 109.343 109.328 109.343 109.361 109.326 109.253 109.188 109.306 109.776 111.236 111.513 111.246 111.963 108.371 108.373 108.353 108.563 109.083 109.413 109.468 109.188 107.303 111.731 113.226 114.086 115.083 116.206 116.751 116.428 116.033
119.436 116.223 115.493 114.726 114.973 113.526 112.448 112.256 112.131 112.026 111.901 111.778 111.623 111.518 111.381 111.256 111.178 111.066 110.971 110.856 110.743 110.651 110.546 110.451 110.408 110.293 110.211 110.138 110.081 109.956 109.863 109.786 109.693 109.651 109.573 109.478 109.381 109.361 109.373 109.391 109.381 109.303 109.253 109.181 109.266 109.831 112.721 113.863 113.313 110.028 108.878 108.251 108.116 108.715 109.173 108.906 108.078 108.423 108.426 112.866 113.776 114.561 114.548 115.771 115.938 113.693 109.501
