LIDAR-DSM-2M-TQ28ne/tq2788_DSM_2M.asc
ncols 500
nrows 500
xllcorner    527000
yllcorner    188000
cellsize     2
NODATA_value -9999
[rows 128 to 159 of 500, columns 216 to 287 of 500]
87.978 88.388 89.413 90.04 89.648 88.555 84.223 81.525 81.075 81.188 81.255 81.358 81.438 81.53 81.62 81.713 82.538 83.123 82.513 82.61 82.628 82.698 82.89 82.983 84.26 86.513 87.213 87.61 86.955 85.17 84.685 84.98 85.363 86.255 86.99 88.89 88.542 92.607 94.425 90.7 88.447 88.362 87.34 96.762 99.867 99.895 96.567 89.33 89.257 89.537 89.782 89.985 90.17 90.32 90.45 92.737 106.775 107.682 98.652 92.64 92.157 92.295 92.43 92.637 92.807 93.002 93.205 93.307 93.282 93.342 93.43 93.537
84.348 87.498 88.705 89.46 88.125 87.858 85.978 80.955 81.145 81.213 81.283 81.325 81.415 81.533 81.738 81.718 83.133 83.36 82.53 82.618 82.65 82.735 82.82 82.935 83.743 87.988 85.265 87.19 87.32 86.01 84.745 85.043 85.23 85.9 87.097 94.41 92.095 95.362 95.312 90.702 87.612 87.737 89.877 98.677 100.307 98.937 91.992 88.995 89.28 89.562 89.807 90.045 90.24 90.387 90.395 106.747 110.725 109.857 108.485 101.482 94.207 92.365 92.48 92.625 92.812 93.015 93.175 93.33 93.425 93.467 93.53 93.55
81.278 85.473 85.093 84.965 83.268 83.93 83.26 81.003 81.215 81.38 81.513 81.365 81.418 81.623 81.773 81.71 81.968 82.443 82.575 82.645 82.685 82.735 82.838 82.98 84.153 91.1 87.443 85.945 86.16 84.52 84.815 85.075 85.275 85.495 87.67 89.967 93.075 94.74 95.64 93.987 89.327 88.22 89.38 96.037 98.065 94.955 88.812 89.082 89.332 89.575 89.842 90.077 90.275 90.442 102.262 112.435 111.82 110.972 110.117 109.172 104.302 96.49 92.507 92.642 92.822 93.01 93.2 93.327 93.487 93.61 93.662 93.695
81.203 82.558 81.378 81.775 83.025 83.403 83.033 81.353 81.205 81.2 81.345 81.323 81.408 81.6 81.64 81.693 81.965 82.435 82.598 82.663 83.273 82.778 82.845 83.475 83.943 85.603 85.593 87.775 91.77 85.078 84.923 85.453 85.518 85.528 85.965 87.315 87.75 89.502 90.635 89.832 88.805 88.855 90.597 91.655 93.17 89.235 88.877 89.185 89.44 89.667 89.95 90.19 90.382 96.332 110.957 111.827 112.602 112.055 111.22 110.41 109.557 107.747 98.315 92.732 92.792 92.975 93.177 93.357 93.535 93.69 93.787 93.815
83.345 88 87.878 87.035 85 84.155 83.328 81.583 82.095 84.288 84.085 81.815 84.148 84.678 81.768 81.813 82.26 82.448 85.005 85.21 84.735 84.523 83.04 82.92 83.993 84.125 84.993 87.808 87.92 90.743 85.645 86.44 85.315 86.385 88.365 88.485 86.282 87.037 86.362 87.3 89.267 89.642 90.497 91.767 90.1 88.655 88.935 89.225 89.472 89.78 90.082 90.297 90.435 101.427 109.857 111.04 111.582 112.297 112.307 111.52 110.66 109.795 108.49 98.037 92.775 92.927 93.117 93.37 93.645 93.805 93.842 94.977
84.61 88.388 89.465 89.193 88.768 88.285 85.718 82.07 83.263 85.585 86.513 84.323 93.59 94.243 89.675 85.383 86.948 83.33 86.338 86.953 84.353 84.62 83.315 83.545 84.595 84.523 84.988 86.505 86.593 86.045 85.678 85.14 85.63 87.995 88.517 87.452 88.287 88.787 87.837 86.715 89.687 90.635 89.92 89.957 88.692 88.665 88.985 89.282 89.552 89.87 90.172 90.38 90.547 94.445 108.032 109.595 110.417 111.6 112.187 112.412 111.767 110.905 106.01 92.642 92.822 92.94 93.047 93.405 93.78 93.845 94.222 94.782
85.543 88.45 89.133 89.463 89.765 88.58 84.038 81.328 81.445 82.973 84.09 87.948 95.4 90.315 92.03 88.643 86.983 83.58 84.568 90.415 84.705 83.45 83.168 83.963 84.623 85.103 84.178 84.55 84.583 86.293 85.308 85.138 85.37 86.335 87.25 88 89.52 89.755 89.295 87.672 88.647 90.185 89.492 88.695 88.462 88.717 89 89.322 89.65 89.98 90.295 90.555 90.775 91.09 92.24 100.517 109.33 110.18 111.02 112.067 112.445 109.977 92.635 92.73 92.845 92.927 93.352 93.65 94.282 97.577 100.417 95.61
83.688 85.993 86.885 88.645 89.645 88.173 82.395 81.38 81.148 81.193 81.3 87.243 96.3 90.775 91.26 94.308 86.273 87.103 89.438 85.27 86.67 84.933 84.818 84.058 83.73 83.778 83.885 84.158 84.64 85.948 86.028 85.573 86.283 86.265 86.39 88.692 89.745 89.915 89.515 88.927 90.8 90.405 89.447 88.385 88.542 88.772 89.045 89.427 89.742 90.065 90.382 90.66 91.372 92.442 92.92 92.057 95.39 105.777 109.9 111.152 110.095 99.515 92.762 92.795 92.845 94.755 95.615 94.02 98.252 98.702 98.787 96.31
83.613 83.563 85.85 89 89.563 87.77 82.845 82.675 82.443 81.218 81.303 82.035 95.74 98.465 97.33 94.04 86.475 86.928 92.603 88.128 85.453 86.328 85.838 86.03 84.348 84.05 84.43 84.773 85.463 85.108 86.735 87.183 86.443 87.345 87.245 88.365 89.48 89.625 89.067 87.265 89.702 90.047 89.68 88.467 88.617 88.845 89.15 89.497 89.817 90.16 90.49 90.752 91.015 91.61 93.1 91.817 92.097 98.895 108.1 109.662 103.535 92.625 92.797 92.85 92.905 94.73 96.232 97.532 95.665 99.15 97.385 99.16
84.005 83.543 87.463 89.395 89.64 86.05 82.913 82.873 83.675 81.298 81.305 90.035 99.738 101.993 100.065 91.883 83.37 87.213 89.163 85.38 83.313 83.665 83.398 83.608 83.6 83.903 85.093 89.618 88.93 87.795 88.148 89.533 91.525 93.318 90.832 86.617 87.227 88.14 87.357 88.63 88.59 88.752 88.795 88.445 88.662 88.915 89.167 89.51 89.862 90.232 90.562 90.875 91.11 91.355 91.447 91.555 91.54 92.317 94.155 98.725 92.547 92.7 92.815 92.872 92.97 93.165 94.205 95.925 96.15 97.78 98.387 97.892
87.878 87.31 87.878 89.618 88.84 86.795 81.323 81.44 82.53 82.625 84.453 94.225 100.315 102.72 101.253 92.113 82.928 84.538 84.97 83.605 83.27 83.343 83.408 83.488 83.673 84.4 86.495 91.56 92.473 91.265 89.25 91.795 95.57 96.933 96.627 94.965 88.68 86.785 87.3 87.615 89.85 88.13 88.277 88.482 88.675 88.985 89.265 89.542 89.85 90.192 90.565 90.952 91.23 91.45 91.557 91.645 91.772 91.88 92 92.165 92.462 92.74 92.875 93.155 93.215 93.532 95.642 97.072 96.605 102.885 96.827 100.302
88.88 89.288 89.02 89.75 88.465 83.59 80.998 81.218 81.368 82.19 83.538 93.888 97.9 99.703 96.893 88.068 83.778 84.885 84.623 84.718 83.928 83.495 83.498 83.528 83.585 84.545 86.54 89.273 91.218 90.405 88.98 89.525 89.58 91.225 92.83 91.072 86.685 87.427 88.427 88.437 89.502 88.987 88.335 88.52 88.752 89.012 89.277 89.587 89.91 90.167 90.472 91.002 91.29 91.525 91.642 91.707 91.82 94.38 98.777 94.02 92.402 92.58 92.892 93.122 93.48 93.785 96.127 97.207 96.822 100.645 95.652 95.002
88.903 89.413 89.68 89.635 87.78 81.91 80.955 81.215 81.343 81.453 81.7 85.638 90.985 90.258 88.868 83.128 83.168 84.425 85.115 85.388 84.875 84.74 88.1 86.63 83.785 84.385 88.17 90.723 89.863 90.425 89.52 87.42 86.323 86.143 87.017 86.912 86.572 87.93 89.625 89.467 88.607 88.057 88.385 88.575 88.815 89.067 89.33 89.622 89.957 90.172 90.595 91.047 91.4 91.635 91.657 91.72 92.677 100.302 101.727 101.977 96.97 92.835 92.79 93.182 93.627 93.725 95.357 96.77 99.432 100.537 97.332 101.322
86.645 87.29 88.145 88.473 87.34 80.97 80.985 81.303 81.378 81.415 81.503 82.773 81.978 83.97 82.213 82.3 82.08 82.508 83.143 83.675 84.743 85.625 88.33 87.375 85.58 85.78 87.07 89.35 90.453 90.595 89.463 86.915 86.35 86.468 85.957 86.235 86.857 87.505 89.412 90.205 89.562 88.185 88.402 88.6 88.862 89.105 89.337 89.632 89.942 90.232 90.645 91.052 91.417 91.615 91.627 91.725 96.567 101.257 102.332 102.425 101.385 96.95 92.88 93.142 93.4 93.737 94.467 95.27 94.997 99.412 100.245 101.722
83.023 83.34 81.855 82.318 83.053 81.343 81.968 81.488 81.8 81.468 83.733 83.91 83.248 81.823 81.835 81.965 82.073 82.203 82.283 82.545 83.283 84.8 86.518 86.223 86.86 86.795 87.48 87.905 89.593 89.205 88.41 87.063 88.378 88.045 85.987 86.35 86.792 86.942 89.41 90.545 91.767 88.67 88.452 90.037 89.67 92.652 93.685 89.727 89.967 90.282 90.702 91.097 91.475 91.595 91.677 92.047 100.87 102.215 102.66 101.807 99.94 94.645 92.967 93.365 93.395 93.567 93.925 96.127 98.165 101.39 99.27 99.225
87.625 88.29 87.84 87.015 84.148 81.993 82.82 83.033 83.268 83.538 84.848 84.785 83.293 83.3 81.843 81.955 82.04 82.158 82.283 82.653 83.448 83.893 85.035 85.825 86.508 84.105 87.015 89.02 87.595 87.825 87.7 89.76 96.038 95.908 92.37 88.952 88.87 92.705 90.907 90.33 88.797 88.277 88.502 91.535 91.8 94.2 92.155 95.787 90.002 90.34 90.762 91.175 91.53 91.55 91.77 92.41 97.162 102.545 102.29 101.145 96.537 92.535 93.112 93.427 93.6 93.685 93.772 94.622 96.855 101.16 102.4 99.527
88.308 89.64 89.563 89.045 87.898 82.548 81.725 82.13 83.503 84.005 85.165 85.493 85.535 85.055 83.358 84.025 82.685 82.183 82.255 82.933 83.218 83.158 83.355 83.903 85.498 85.645 89.035 88.268 88.828 88.42 86.433 86.265 92.553 94.38 93.952 94.215 93.287 96.085 92.165 89.62 88.31 88.827 89.585 93.347 93.787 92.685 92.612 90.69 90.04 90.382 90.822 91.282 91.632 91.622 91.687 91.875 96.197 100.87 101.64 99.105 92.427 92.467 93.152 93.53 93.68 93.787 93.817 93.99 94.192 96.777 96.265 96.927
88.858 89.68 90.073 89.148 86.695 81.513 81.405 81.23 81.95 82.255 82.313 83.55 84.325 85.048 84.555 85.278 84.698 83.84 83.415 84.863 87.173 85.158 84.863 83.618 85.295 87.703 88.053 89.963 85.818 86.558 85.765 85.49 86.208 86.848 86.987 87.292 91.122 93.7 92.84 90.33 88.475 94.892 91.845 93.327 95.955 95.037 92.822 90.555 90.065 90.447 90.902 91.35 91.612 91.62 91.652 91.72 100.36 101.457 102.39 100.177 93.255 92.192 93.825 93.812 93.777 93.79 94.315 94.347 94.205 94.387 94.472 96.012
87.533 87.99 88.648 88.658 85.32 82.738 81.535 81.258 81.41 81.488 81.698 82.39 83.225 82.97 83.27 82.358 83.32 83.693 85.473 86.978 85.545 84.238 87.068 84.26 86.725 90.42 86.278 86.983 85.54 85.213 85.195 85.523 86.298 86.643 86.702 88.075 88.89 94.672 93.9 90.82 88.992 91.83 91.427 95.675 94.397 91.72 90.275 90.897 90.152 90.587 90.997 91.397 91.582 91.577 91.7 96.335 100.972 102.065 102.22 101.11 98.115 93.595 93.882 97.12 98.212 95.867 95.247 94.677 94.732 94.362 94.447 94.525
83.753 85.458 88.403 88.295 84.71 81.725 81.215 81.288 81.615 81.505 81.953 82.115 82.17 82.998 82.373 83.143 90.323 89.405 84.36 85.115 85.07 85.803 86.893 87.923 87.098 87.94 87.173 85.473 87.608 87.71 87.735 86.403 87.175 86.713 86.65 87.452 87.947 88.735 90.515 89.867 88.877 94.12 91.377 92.117 92.487 95.487 94.572 90.21 90.232 90.687 91.127 91.457 92.805 91.685 91.642 100.455 102 102.932 101.527 100.42 93.507 96.122 97.997 98.307 99.577 99.742 98.49 96.157 94.985 94.727 94.612 94.947
81.98 83.525 86.408 87.473 83.995 81.603 81.223 81.298 81.398 81.545 82.008 82.355 82.248 82.088 82.188 84.193 88.79 87.368 83.133 83.178 83.215 83.308 84.348 86.685 86.123 85.445 85.275 85.948 87.855 87.97 87.91 86.758 88.165 87.87 87.62 87.332 87.28 87.947 89.812 89.307 88.53 88.757 88.552 90.535 91.795 91.542 90.522 89.84 90.317 90.787 91.192 92.187 94.62 91.96 91.522 93.215 102.112 101.997 100.885 96.227 95.16 97.882 96.015 98.86 100.26 100.587 97.35 95.445 94.682 95.482 94.967 94.532
81.328 81.305 81.263 81.183 81.375 81.965 81.333 82.21 83.853 84.81 82.653 82.673 84.175 82.553 82.148 83.823 85.443 83.065 83.165 83.218 83.285 83.38 83.488 85.708 83.655 84.613 85.685 88.288 88.965 88.73 86.995 87.495 88.19 89.563 89.44 87.84 88.97 91.28 91.415 88.917 88.805 89.122 88.582 88.81 89.017 89.287 89.48 89.89 90.367 90.78 91.2 91.4 92.392 91.42 91.482 93.542 100.585 101.452 100.252 93.54 92.355 92.835 94.602 98.41 100.972 100.12 94.817 94.36 94.937 94.947 94.615 95.115
87.65 87.823 86.56 84.465 81.033 81.258 81.475 82.778 85.478 85.413 82.58 82.578 86.143 82.78 82.23 83.53 85.398 83.103 83.528 83.243 83.343 83.44 83.505 83.618 83.73 85.163 90.003 93.553 93.67 88.148 85.208 85.39 86.548 88.745 88.445 88.292 88.282 91.587 92.725 89.442 89.837 88.682 88.61 88.85 89.07 89.277 89.52 89.955 90.445 90.832 91.232 91.592 91.415 91.387 91.587 99.105 101.067 102.02 100.352 95.355 92.32 92.74 93.58 97.085 99.36 96.645 93.88 94.11 94.552 94.71 94.735 95.577
88.033 89.148 88.703 86.935 81.15 81.075 81.34 81.698 81.715 81.798 82.643 84.423 88.083 87.163 83.74 82.658 83.323 85.13 84.233 83.215 83.355 83.478 83.523 83.635 83.65 84.428 86.473 92.97 91.445 86.275 85.258 85.468 85.668 85.96 86.25 86.997 86.87 87.49 90.065 92.205 90.505 92.807 91.45 88.85 89.075 89.31 89.582 90.08 90.55 90.905 91.22 91.287 91.365 91.36 96.442 100.64 101.705 101.925 100.865 98.555 92.33 92.657 92.697 94.28 95.382 96.332 95.817 95.815 94.577 93.807 94.5 96.145
87.823 89.373 89.52 87.135 81.225 81.305 81.413 82.08 81.72 81.628 81.73 81.853 84.013 85.4 85.723 86.858 87.01 85.138 84.565 85.428 85.545 83.43 83.513 83.62 84.36 84.92 85.445 86.905 89.508 87.533 85.435 86.1 86.02 85.99 86.282 86.657 86.925 87.255 88.662 92.12 90.35 92.747 89.347 90.465 89.627 89.327 89.68 90.297 90.715 90.975 91.235 91.33 91.315 91.42 98.862 101.502 102.117 101.295 99.612 93.012 92.297 92.582 92.915 95.31 96.165 97.32 97.392 96.777 95.532 94.885 94.08 94.507
88.163 89.49 89.523 86.195 81.248 81.18 81.32 81.425 81.55 81.65 81.75 81.885 81.995 82.855 83.81 85.67 86.113 85.943 87.78 87.805 88.43 86.05 83.938 84.005 84.655 86.078 87.395 86.053 87.158 85.52 85.275 85.478 85.735 86.02 86.327 86.76 88.02 87.79 89.357 90.097 91.12 92.405 89.562 88.827 89.095 89.375 89.727 90.175 90.685 90.982 91.45 92.76 91.955 91.382 91.682 101.017 101.707 100.627 97.63 91.82 92.405 92.5 92.635 93.837 95.91 97.56 97.78 97.452 97.297 97.147 96.95 96.71
88.48 89.58 89.523 83.898 81.088 81.185 81.618 81.93 81.77 81.675 81.79 81.888 82.023 82.318 82.528 84.013 83.145 83.55 84.915 83.858 85.318 86.98 85.833 86.028 86.47 85.74 85.143 85.758 86.728 85.113 85.275 85.49 85.743 86.02 86.38 86.995 88.53 89.125 90.185 88.097 88.792 91.055 89.947 89.652 89.092 89.387 89.71 90.162 90.652 92.482 94.455 96.072 92.485 92.067 93.757 100.06 101.18 100.01 92.722 91.702 92.262 92.435 92.722 93.547 96.715 97.707 97.685 97.72 97.877 97.875 97.702 96.942
88.768 89.583 88.748 83.108 81.398 82.138 82.315 82.278 82.265 81.74 81.808 81.963 82.62 82.4 82.52 83.065 82.775 82.828 82.903 82.995 84.08 86.183 85.41 84.513 85.875 86.553 86.6 85.628 85.713 85.028 85.223 85.49 85.753 86.028 86.427 87.4 90.552 91.317 88.465 87.85 88.925 89.23 90.895 89.06 89.112 89.422 89.732 90.127 90.537 91.685 95.08 93.672 94.715 91.565 98.657 100.73 101.695 100.667 95.512 91.787 92.087 92.342 92.722 93.657 96.882 97.69 97.245 96.792 96.972 97.05 97.17 96.582
88.973 89.455 88.928 81.703 81.225 82.113 82.855 83.225 83.338 82.943 82.385 82.398 82.783 82.99 83.918 85.085 83.623 82.838 82.898 82.92 85.608 86.66 85.965 84.205 84.243 84.368 86.508 84.843 85.6 85.925 85.578 85.82 86.413 86.263 86.43 88.055 92.36 92.107 88.755 88.422 88.172 88.425 88.667 88.937 89.157 89.41 89.705 90.112 90.482 90.845 91.025 91.855 91.332 95.917 100.282 101.585 101.65 100.547 98.23 91.93 92.115 93.515 94.612 95.042 96.665 96.88 96.877 95.92 95.615 94.917 94.897 94.825
89.17 89.383 86.928 81.088 81.118 81.26 81.838 82.155 81.578 82.035 82.248 82.353 82.415 82.733 83.49 85.105 82.69 82.783 82.918 83.395 84.03 87.52 84.64 83.818 83.82 84.168 85.065 85.443 87.765 87.538 87.038 85.478 87.103 88.125 86.91 93.27 97.085 94.275 89.322 87.995 88.19 88.455 88.63 88.792 89.155 89.37 89.672 90.087 90.482 91.645 92.152 93.055 90.937 97.812 100.942 101.942 101.03 99.44 92.487 91.74 92.132 95.812 96.57 96.762 93.497 94.205 94.63 93.892 93.38 93.275 93.26 93.36
89.258 88.383 85.995 81.1 81.085 81.355 81.523 81.473 81.563 81.7 81.79 81.883 82.33 82.81 84.41 83.423 82.675 82.693 82.86 83.58 83.74 84.138 83.918 84.04 84.188 85.575 85.125 86.275 88.203 88.25 86.943 85.885 86.333 87.505 87.565 94.027 98.132 97.412 92.915 87.982 88.21 88.425 88.602 88.882 89.125 89.322 89.617 90.067 90.492 91.607 95.772 93.702 91.517 91.002 96.85 101.307 100.392 96.64 91.382 91.817 94.777 95.625 99.312 97.66 97.305 93.387 93.115 93.052 93.02 93.105 93.227 93.51
88.118 87.5 83.455 81.385 81.158 81.36 81.408 81.533 81.61 81.693 81.853 82.428 82.173 83.988 84.993 82.695 82.693 82.718 82.798 83.745 84.928 84.545 84.058 84.08 84.318 85.778 85.103 85.67 87.095 87.55 86.598 87.02 87.165 89.288 89.427 91.052 97.462 96.962 90.422 87.97 88.167 88.38 88.562 88.827 89.057 89.235 89.565 90.022 90.447 92.057 91.902 91.835 90.912 94.377 99.727 100.905 100.307 92.375 91.4 91.827 97.295 98.697 97.395 97.005 95.237 92.752 92.8 92.87 93.095 93.507 93.355 93.537
