LIDAR-DSM-2M-TQ28ne/tq2786_DSM_2M.asc
ncols 500
nrows 500
xllcorner    527000
yllcorner    186000
cellsize     2
NODATA_value -9999
[rows 448 to 479 of 500, columns 360 to 431 of 500]
86.79 86.587 86.602 86.845 86.912 87.992 87.937 85.982 85.272 85.6 85.527 87.56 88.27 85.067 87.91 86.892 87.44 85.75 83.397 84.47 84.55 83.47 82.782 82.17 82.007 81.93 81.745 81.447 81.217 80.985 80.785 86.002 86.51 81.687 81.295 80.05 80.13 80.55 79.93 79.925 79.892 79.8 79.6 79.305 79.272 79 78.712 78.59 78.48 78.432 78.49 81.41 83.935 77.922 80.295 80.897 85.132 79.505 86.902 85.127 80.015 81.67 85.887 78.405 77.065 76.975 76.87 76.855 76.802 76.76 76.66 76.645
88.157 87.565 86.902 86.625 86.167 86.215 87.68 85.355 88.1 86.137 85.38 86.827 85.737 86.905 86.78 86.075 84.93 84.047 83.512 82.88 82.612 82.365 82.187 82.012 81.86 81.715 81.495 81.212 80.962 80.762 80.602 82.095 83.862 80.792 79.94 79.837 79.76 79.602 79.84 79.772 79.557 79.585 79.25 79.185 79.105 78.892 78.622 78.517 78.735 78.235 78.167 78.035 80.13 78.38 78.857 78.482 81.595 79.622 81.887 78.865 79.135 84.767 84.357 80.095 76.885 76.797 76.707 76.697 76.655 76.575 76.495 76.462
86.917 87.875 88.157 85.627 85.53 85.385 86.455 85.96 85.962 86.182 84.432 85.882 84.75 83.942 84.055 83.44 83.042 82.752 82.61 82.45 82.302 82.192 82.025 81.86 81.72 81.5 81.21 80.977 80.767 80.575 80.407 80.212 80.04 79.9 79.722 79.567 79.5 79.522 79.575 79.495 79.417 79.227 78.912 78.932 78.82 78.572 78.572 78.625 79.022 78.302 78.132 79.7 78.49 78.482 77.597 79.555 77.39 80.627 80.927 78.007 77.41 78.64 76.937 76.812 76.732 76.645 76.555 76.51 76.462 76.412 76.377 76.317
86.212 86.3 86.537 86.825 86.257 85.47 85.517 85.567 87.937 85.827 87.45 84.525 83.995 84.095 83.662 83.052 82.732 82.557 82.415 82.222 82.07 81.907 81.79 81.645 81.467 81.237 80.982 80.775 80.6 80.417 80.217 80.022 79.83 79.69 79.547 79.382 79.28 79.24 79.37 79.22 79.055 79.1 78.857 79.312 79.23 78.44 78.605 79.652 78.99 78.062 79.66 80.007 80.087 78.02 77.492 77.392 77.312 81 80.947 77.077 76.9 76.832 76.737 76.667 76.585 76.477 76.402 76.332 76.3 76.285 76.227 76.155
85.917 87.257 85.947 85.545 85.5 85.527 86.042 85.432 88.025 86.352 83.895 84.732 84.43 84.147 82.947 82.67 82.49 82.317 82.145 81.955 81.827 81.717 81.552 81.395 81.255 81.067 80.85 80.64 80.47 80.29 80.025 79.827 79.642 79.497 79.337 79.212 79.07 78.992 78.922 78.9 78.755 78.76 78.77 79.792 79.385 78.907 78.722 79.412 79.15 78.375 78.442 80.677 78.16 78.057 79.13 78.352 77.62 77.077 76.962 76.867 76.77 76.67 76.55 76.485 76.417 76.312 76.237 76.215 76.172 76.102 76.077 76.01
85.672 87.21 84.91 84.662 84.897 85.362 87.115 84.9 84.992 84.487 83.442 83.17 82.972 82.805 82.655 82.47 82.277 82.065 81.877 81.787 81.682 81.557 81.402 81.252 81.092 80.875 80.675 80.527 80.335 80.15 79.87 79.66 79.485 79.34 79.207 79.06 78.932 78.815 78.712 78.667 78.645 78.882 78.9 79.175 78.4 78.787 78.335 78.162 77.865 78.147 78.007 78.09 78.157 78.255 78.2 77.657 77.075 76.965 76.947 76.82 76.65 76.56 76.482 76.365 76.255 76.162 76.075 76.062 76.035 75.97 75.91 75.865
85.035 84.73 84.62 85.1 85.352 84.352 84.11 83.847 83.595 83.382 84.222 83.13 82.837 82.61 82.397 82.205 82.015 81.822 81.692 81.582 81.47 81.38 81.25 81.062 80.857 80.675 80.522 80.372 80.2 79.995 79.717 79.507 79.34 79.16 79.037 78.91 78.785 78.65 78.557 78.467 78.452 78.42 78.422 78.357 78.12 78.07 77.98 77.885 77.527 77.405 77.61 78.345 78.81 78.05 78.092 78.275 77.56 77.38 76.765 77.11 76.507 76.37 76.322 76.25 76.147 76.04 75.96 75.865 75.802 75.777 75.737 75.672
88.09 86.605 84.46 84.362 84.04 83.785 83.772 84.04 85.88 84.035 85.63 85.29 85.662 82.95 82.142 81.93 81.737 81.595 81.485 81.407 81.305 81.185 81.012 80.807 80.627 80.475 80.317 80.152 80.01 79.835 79.587 79.36 79.187 79.022 78.875 78.725 78.635 78.512 78.407 78.327 78.202 78.115 78.045 77.892 77.827 77.7 77.585 77.362 77.252 77.14 77.337 77.53 77.26 76.942 77.037 77.407 78.012 76.932 76.64 76.517 76.352 76.155 76.115 76.03 75.972 75.865 75.817 75.745 75.647 75.555 75.507 75.455
88.455 87.145 85.697 84.22 84.805 85.675 85.88 84.807 86.385 86.715 87.562 83.93 85.637 83.305 82.917 81.662 81.535 81.4 81.3 81.222 81.112 80.955 80.77 80.592 80.44 80.3 80.142 80.005 79.827 79.63 79.38 79.2 79.037 78.895 78.747 78.61 78.467 78.357 78.217 78.132 78.022 77.895 77.81 77.725 77.612 77.482 77.335 77.202 77.085 77.065 76.985 76.87 76.77 76.662 76.607 76.567 76.462 76.332 76.295 76.125 76 75.952 75.882 75.8 75.78 75.777 75.935 75.62 75.505 75.42 75.41 75.335
85.637 84.455 85.612 85.91 88.42 85.865 87.535 87.59 85.017 83.092 85.16 86.025 84.897 82.852 82.032 81.495 81.347 81.205 81.105 81.035 80.935 80.745 80.56 80.402 80.24 80.077 79.947 79.792 79.622 79.395 79.202 79.017 78.847 78.68 78.527 78.395 78.272 78.16 78.02 77.905 77.797 77.707 77.627 77.542 77.422 77.277 77.172 77.042 76.927 76.8 76.73 76.635 76.585 76.495 76.43 76.322 76.215 76.142 76.02 75.935 75.857 75.76 75.652 75.54 76.085 75.977 75.607 75.605 75.505 75.327 75.235 75.177
84.472 83.63 84.107 85.672 87.395 89.55 90.152 86.727 86.787 85.035 84.567 84.247 82.177 84.032 81.475 81.315 81.18 81.055 80.957 80.837 80.7 80.522 80.34 80.182 80.022 79.852 79.715 79.56 79.42 79.215 79.02 78.812 78.64 78.46 78.312 78.187 78.057 77.927 77.825 77.705 77.612 77.492 77.405 77.295 77.192 77.072 76.99 76.895 76.757 76.642 76.557 76.46 76.377 76.292 76.225 76.125 76.035 75.967 75.882 75.785 75.692 75.587 75.472 75.36 75.485 75.477 75.732 75.462 75.26 75.557 75.272 75.167
83.53 83.385 83.262 84.82 89.142 89.955 86.675 83.395 84.97 86.687 88.005 86.512 83.967 86.965 82.577 81.152 81.037 80.917 80.752 80.602 80.447 80.282 80.107 79.96 79.815 79.657 79.487 79.362 79.18 78.952 78.75 78.58 78.402 78.245 78.102 77.955 77.822 77.71 77.587 77.5 77.38 77.285 77.192 77.08 76.972 76.865 76.795 76.705 76.605 76.465 76.395 76.275 76.18 76.105 76.035 75.935 75.812 75.77 75.68 75.6 75.485 75.387 75.272 75.167 75.185 75.305 75.112 75.062 75.212 75.195 75.05 75.377
83.395 83.247 83.042 84.432 88.212 89.465 86.105 82.455 85.94 86.895 84.912 87.31 84.41 84.367 82.635 80.992 80.862 80.71 80.505 80.35 80.23 80.052 79.88 79.745 79.61 79.435 79.245 79.1 78.905 78.712 78.515 78.332 78.175 77.975 77.84 77.705 77.612 77.485 77.38 77.287 77.132 77.04 76.967 76.877 76.787 76.687 76.615 76.515 76.417 76.317 76.212 76.1 76.007 75.927 75.837 75.74 75.635 75.55 75.472 75.402 75.322 75.2 75.08 74.975 75.037 75.817 75.407 74.895 75.127 74.772 75.437 75.495
83.132 82.975 82.832 82.635 87.545 86.825 82.25 82.457 86.09 88.415 88.88 87.535 84.695 82.867 84.55 80.805 80.607 80.437 80.257 80.12 79.995 79.845 79.687 79.517 79.36 79.212 79.04 78.872 78.66 78.457 78.26 78.082 77.89 77.722 77.587 77.47 77.367 77.267 77.19 77.067 76.9 76.775 76.742 76.652 76.56 76.502 76.43 76.32 76.24 76.145 76.04 75.91 75.8 75.72 75.642 75.542 75.427 75.365 75.277 75.19 75.132 75.03 74.9 74.8 74.937 75.045 74.985 76 76.285 74.947 74.987 75.787
82.852 82.712 82.6 82.425 82.277 87.755 88.237 82.545 83.205 86.415 87.682 84.372 87.127 84.96 81.487 80.542 80.37 80.21 80.06 79.957 79.81 79.63 79.467 79.31 79.14 78.975 78.805 78.615 78.375 78.197 78.015 77.825 77.652 77.482 77.33 77.217 77.132 77.04 76.935 76.822 76.71 76.57 76.505 76.432 76.38 76.302 76.215 76.142 76.045 75.935 75.85 75.702 75.61 75.535 75.437 75.337 75.225 75.162 75.085 75.007 74.937 74.852 74.75 74.612 74.555 74.705 74.905 74.887 74.867 74.442 75.342 75.477
82.602 82.42 82.325 82.215 82.107 83.317 83.985 85.6 84.547 86.225 87.902 86.662 83.162 81.557 80.527 80.322 80.175 80.005 79.882 79.74 79.597 79.41 79.222 79.077 78.892 78.722 78.57 78.34 78.115 77.892 77.742 77.555 77.397 77.212 77.087 76.967 76.855 76.78 76.712 76.592 76.48 76.38 76.285 76.225 76.167 76.105 76.032 75.907 75.84 75.755 75.66 75.53 75.41 75.327 75.235 75.137 75.06 74.962 74.89 74.832 74.747 74.657 74.562 74.422 74.335 74.475 75.065 75.302 74.57 74.977 75.237 75.04
82.402 82.182 82.077 81.97 81.857 81.76 81.637 82.065 83.165 85.062 82.712 84.477 80.695 80.51 80.35 80.145 79.972 79.797 79.672 79.537 79.362 79.18 78.98 78.812 78.647 78.482 78.282 78.04 77.825 77.632 77.467 77.282 77.11 76.975 76.842 76.705 76.617 76.522 76.445 76.382 76.27 76.202 76.08 76.005 75.945 75.887 75.827 75.707 75.625 75.55 75.452 75.335 75.235 75.132 75.027 74.925 74.86 74.772 74.682 74.592 74.542 74.437 74.362 74.225 74.162 74.195 74.757 74.505 74.71 74.235 74.507 74.377
82.252 81.985 81.845 81.695 81.58 81.507 81.385 81.242 81.025 80.965 80.825 80.635 80.485 80.345 80.177 79.962 79.82 79.61 79.445 79.275 79.095 78.927 78.727 78.562 78.437 78.177 77.952 77.735 77.525 77.337 77.17 77.017 76.855 76.737 76.605 76.485 76.397 76.29 76.225 76.145 76.067 75.97 75.89 75.805 75.747 75.687 75.622 75.505 75.405 75.335 75.247 75.15 75.032 74.922 74.852 74.74 74.667 74.595 74.485 74.412 74.357 74.27 74.157 74.045 73.975 73.9 73.867 73.867 73.78 73.65 73.7 73.485
81.997 81.782 81.59 81.465 81.322 81.252 81.11 80.972 80.77 80.655 80.562 80.407 80.305 80.192 80.022 79.815 79.64 79.395 79.195 79.007 78.832 78.642 78.442 78.275 78.042 77.827 77.632 77.42 77.252 77.087 76.917 76.765 76.615 76.487 76.377 76.267 76.152 76.047 75.97 75.902 75.85 75.76 75.68 75.585 75.547 75.467 75.4 75.315 75.212 75.137 75.035 74.95 74.86 74.752 74.64 74.55 74.485 74.417 74.3 74.215 74.137 74.075 73.957 73.852 73.797 73.717 73.645 73.56 73.502 73.437 73.36 73.287
81.707 81.5 81.3 81.167 81.117 81.027 80.895 80.757 80.575 80.497 80.45 80.267 80.09 79.927 79.74 79.552 79.335 79.132 78.93 78.712 78.512 78.3 78.09 77.925 77.745 77.545 77.362 77.16 76.985 76.795 76.655 76.525 76.35 76.22 76.135 76.015 75.907 75.805 75.727 75.672 75.587 75.522 75.457 75.365 75.31 75.242 75.187 75.102 75.01 74.91 74.84 74.76 74.635 74.545 74.42 74.337 74.265 74.202 74.09 74.01 73.932 73.857 73.785 73.637 73.61 73.542 73.44 73.365 73.287 73.26 73.212 73.135
81.457 81.242 81.057 80.93 80.865 80.785 80.71 80.57 80.477 80.382 80.282 80.165 79.98 79.67 79.442 79.272 79.025 78.835 78.63 78.405 78.155 77.98 77.782 77.6 77.42 77.252 77.077 76.87 76.705 76.542 76.397 76.282 76.13 75.987 75.887 75.77 75.662 75.592 75.5 75.45 75.38 75.305 75.237 75.162 75.07 75.02 74.95 74.885 74.802 74.705 74.622 74.522 74.427 74.337 74.242 74.14 74.055 73.96 73.885 73.825 73.73 73.65 73.58 73.46 73.405 73.332 73.24 73.14 73.12 73.085 73.03 72.975
81.157 80.95 80.742 80.565 80.552 80.515 80.445 80.335 80.272 80.162 80.037 79.912 79.667 79.36 79.16 78.962 78.765 78.525 78.282 78.012 77.802 77.645 77.47 77.262 77.075 76.912 76.772 76.62 76.45 76.305 76.16 76.015 75.885 75.747 75.625 75.517 75.442 75.355 75.272 75.202 75.137 75.097 75.035 74.932 74.835 74.78 74.722 74.645 74.58 74.485 74.412 74.302 74.242 74.142 74.045 73.935 73.817 73.735 73.665 73.607 73.53 73.417 73.352 73.25 73.172 73.097 73.045 72.975 72.932 72.882 72.835 72.77
80.802 80.587 80.4 80.265 80.245 80.235 80.172 80.095 79.977 79.845 79.727 79.522 79.297 79.022 78.812 78.62 78.325 78.047 77.832 77.67 77.48 77.295 77.12 76.93 76.77 76.622 76.49 76.332 76.202 76.055 75.897 75.782 75.657 75.507 75.375 75.28 75.21 75.127 75.062 74.977 74.93 74.857 74.79 74.717 74.637 74.55 74.507 74.44 74.372 74.285 74.187 74.097 74.005 73.925 73.825 73.705 73.617 73.552 73.45 73.402 73.34 73.247 73.135 73.04 72.977 72.94 72.872 72.802 72.74 72.695 72.65 72.575
80.512 80.352 80.187 80.067 79.975 79.932 79.887 79.785 79.65 79.455 79.315 79.062 78.782 78.53 78.37 78.102 77.792 77.58 77.44 77.262 77.1 76.957 76.807 76.647 76.477 76.347 76.177 76.032 75.892 75.767 75.632 75.532 75.382 75.237 75.167 75.062 74.992 74.91 74.847 74.762 74.695 74.645 74.572 74.485 74.445 74.35 74.292 74.222 74.15 74.057 73.972 73.89 73.79 73.697 73.602 73.505 73.41 73.317 73.252 73.195 73.125 73.037 72.925 72.882 72.832 72.762 72.695 72.64 72.572 72.492 72.447 72.37
80.33 80.167 79.977 79.827 79.71 79.6 79.5 79.37 79.205 79.06 78.88 78.607 78.39 78.19 78.015 77.685 77.432 77.245 77.1 76.927 76.78 76.667 76.507 76.375 76.22 76.072 75.902 75.782 75.637 75.512 75.367 75.235 75.095 74.997 74.905 74.852 74.755 74.667 74.605 74.515 74.46 74.382 74.315 74.252 74.21 74.137 74.087 74.012 73.932 73.855 73.772 73.655 73.587 73.495 73.387 73.285 73.187 73.092 73.055 72.977 72.902 72.835 72.775 72.72 72.657 72.592 72.512 72.457 72.39 72.317 72.24 72.18
80.077 79.822 79.625 79.44 79.292 79.122 79.04 78.937 78.815 78.65 78.44 78.262 78.142 77.977 77.672 77.372 77.2 77.035 76.83 76.67 76.527 76.362 76.225 76.077 75.94 75.795 75.657 75.54 75.41 75.277 75.082 74.952 74.81 74.747 74.665 74.617 74.517 74.437 74.36 74.28 74.192 74.122 74.067 74 73.982 73.91 73.835 73.777 73.717 73.635 73.54 73.442 73.352 73.277 73.19 73.085 72.975 72.882 72.83 72.77 72.717 72.62 72.55 72.51 72.457 72.377 72.317 72.247 72.195 72.14 72.06 71.985
79.575 79.325 79.177 78.985 78.855 78.685 78.592 78.552 78.435 78.31 78.162 78.067 77.92 77.645 77.372 77.177 77.017 76.847 76.637 76.435 76.27 76.105 75.965 75.802 75.677 75.542 75.432 75.317 75.2 75.04 74.905 74.737 74.62 74.515 74.392 74.335 74.275 74.19 74.115 74.05 73.962 73.892 73.822 73.78 73.757 73.7 73.652 73.567 73.5 73.412 73.325 73.235 73.147 73.062 72.99 72.9 72.785 72.692 72.63 72.56 72.502 72.38 72.342 72.315 72.24 72.197 72.127 72.065 71.997 71.94 71.84 71.782
78.98 78.84 78.72 78.645 78.585 78.527 78.442 78.347 78.2 78.067 77.962 77.847 77.685 77.4 77.172 77.005 76.835 76.592 76.395 76.177 75.985 75.83 75.667 75.547 75.42 75.287 75.16 75.035 74.96 74.822 74.662 74.55 74.42 74.335 74.217 74.102 74.017 73.96 73.892 73.815 73.745 73.662 73.597 73.572 73.517 73.477 73.44 73.347 73.28 73.202 73.11 73.02 72.927 72.86 72.795 72.705 72.625 72.507 72.435 72.385 72.322 72.215 72.165 72.115 72.052 71.98 71.905 71.85 71.782 71.717 71.645 71.59
78.705 78.565 78.465 78.47 78.405 78.352 78.255 78.097 77.997 77.895 77.837 77.712 77.485 77.247 77 76.772 76.557 76.33 76.117 75.897 75.717 75.572 75.44 75.295 75.167 75.04 74.917 74.825 74.727 74.597 74.465 74.367 74.285 74.197 74.057 73.927 73.815 73.732 73.675 73.587 73.505 73.437 73.382 73.362 73.322 73.292 73.275 73.175 73.092 72.975 72.915 72.822 72.735 72.665 72.597 72.532 72.43 72.342 72.267 72.187 72.142 72.052 71.985 71.91 71.845 71.772 71.71 71.635 71.562 71.5 71.45 71.407
78.547 78.475 78.387 78.345 78.247 78.175 78.015 77.907 77.805 77.75 77.65 77.445 77.197 76.962 76.737 76.515 76.287 76.075 75.83 75.64 75.48 75.332 75.172 75.052 74.932 74.797 74.7 74.607 74.485 74.402 74.272 74.182 74.077 73.982 73.847 73.777 73.637 73.527 73.455 73.302 73.237 73.192 73.16 73.14 73.13 73.112 73.08 72.982 72.865 72.762 72.705 72.602 72.54 72.475 72.402 72.31 72.26 72.177 72.09 72.015 71.942 71.852 71.787 71.682 71.617 71.57 71.502 71.425 71.367 71.317 71.267 71.185
78.447 78.365 78.277 78.195 78.107 78.007 77.84 77.747 77.64 77.502 77.35 77.14 76.922 76.672 76.462 76.26 76.052 75.812 75.64 75.455 75.267 75.105 74.93 74.812 74.71 74.6 74.467 74.372 74.267 74.215 74.095 73.972 73.872 73.782 73.662 73.572 73.48 73.335 73.205 73.077 73.027 72.96 72.957 72.922 72.965 72.905 72.835 72.757 72.65 72.557 72.472 72.412 72.367 72.307 72.232 72.162 72.092 72.012 71.905 71.825 71.745 71.635 71.567 71.485 71.422 71.382 71.325 71.237 71.177 71.12 71.025 70.952
78.265 78.177 78.115 78.095 77.992 77.847 77.68 77.495 77.352 77.177 76.997 76.83 76.632 76.407 76.182 75.97 75.8 75.617 75.452 75.255 75.062 74.87 74.717 74.597 74.482 74.367 74.232 74.16 74.055 73.967 73.895 73.765 73.665 73.565 73.462 73.375 73.247 73.13 73.05 72.925 72.855 72.792 72.785 72.76 72.742 72.692 72.635 72.545 72.465 72.377 72.307 72.23 72.172 72.112 72.042 71.967 71.885 71.787 71.697 71.617 71.527 71.42 71.37 71.31 71.24 71.17 71.102 71.035 70.967 70.902 70.815 70.737
