LIDAR-DSM-2M-TQ28ne/tq2786_DSM_2M.asc
ncols 500
nrows 500
xllcorner    527000
yllcorner    186000
cellsize     2
NODATA_value -9999
[rows 352 to 383 of 500, columns 216 to 287 of 500]
91.567 91.56 91.565 91.575 91.572 91.5 91.43 91.427 91.387 91.327 91.307 91.322 91.327 91.335 91.337 91.36 91.415 91.462 91.462 91.61 91.7 91.795 91.93 92.062 92.835 96.147 97.642 97.012 98.49 98.405 96.125 92.997 93.067 97.94 96.952 98.735 98.747 97.312 100.027 92.93 95.692 96.767 97.132 96.617 93.697 95.845 96.835 96.197 92.797 90.777 90.637 90.535 90.405 90.28 90.19 90.105 90.032 90.025 89.942 89.92 89.892 89.81 89.762 89.74 89.747 89.765 89.742 89.685 89.662 89.66 89.632 89.6
91.492 91.447 91.46 91.475 91.47 91.42 91.397 91.367 91.312 91.28 91.28 91.257 91.277 91.275 91.297 91.325 91.352 91.382 91.442 91.55 91.655 91.772 91.857 91.98 94.585 96.302 99.045 96.597 98.01 101.235 98.507 93.94 94.72 94.585 97.105 95.462 94.717 98.797 97.002 92.942 92.415 98.082 98.507 96.55 95.11 96.422 92.292 93.62 92.687 90.675 90.582 90.477 90.38 90.282 90.212 90.147 90.092 90.03 89.962 89.957 89.97 89.852 89.782 89.767 89.78 89.8 89.79 89.767 89.725 89.712 89.685 89.675
91.367 91.33 91.307 91.307 91.312 91.33 91.275 91.255 91.202 91.177 91.172 91.175 91.195 91.207 91.242 91.245 91.275 91.327 91.392 91.467 91.595 91.695 91.797 91.92 92.76 93.052 92.232 92.945 95.317 94.832 92.46 93.545 92.51 92.392 94.195 93.592 94.777 97.835 101.502 96.465 91.8 96.26 97.682 97.715 94.172 97.727 92.43 91.37 90.707 90.637 90.542 90.445 90.352 90.28 90.202 90.125 90.13 90.085 89.995 89.995 90.002 89.952 89.857 89.815 89.832 89.872 89.882 89.842 89.79 89.795 89.777 89.785
91.227 91.177 91.162 91.17 91.167 91.175 91.127 91.13 91.07 91.04 91.037 91.082 91.092 91.107 91.13 91.155 91.242 91.29 91.352 91.42 91.482 91.595 91.725 91.85 91.955 92.05 92.18 92.23 94.382 98.502 92.335 92.31 92.255 96.497 92.92 95.85 92.915 98.862 94.63 93.45 97.027 97.495 99.612 94.885 93.775 92.972 92.555 90.735 90.605 90.597 90.505 90.457 90.375 90.29 90.222 90.185 90.14 90.095 90.07 90.037 90.012 90.027 90.01 89.925 89.922 89.912 89.915 89.942 89.912 89.892 89.902 90.835
91.062 91.037 91.03 91.027 91.03 91.007 91.002 90.99 90.972 90.947 90.94 90.97 90.995 91.027 91.042 91.097 91.195 91.257 91.29 91.387 91.452 91.515 91.655 91.785 91.875 91.92 92.077 92.162 92.177 92.195 93.245 94.78 97.492 100.115 94.265 96.185 98.557 94.07 96.125 94.847 94.8 95.837 94.945 93.022 93.882 92.747 93.015 90.772 90.592 90.515 90.492 90.44 90.382 90.285 90.215 90.2 90.187 90.137 90.117 90.095 90.04 90.06 90.105 90.09 90.002 89.977 89.975 90 90.002 89.977 92.345 90.542
90.962 90.9 90.885 90.895 90.895 90.877 90.847 90.865 90.872 90.857 90.85 90.86 90.9 90.942 90.987 91.035 91.122 91.222 91.305 91.375 91.455 91.495 91.56 91.72 91.82 91.85 91.932 91.975 92.037 95.82 92.582 94.372 98.097 98.652 96.092 98.385 100.955 96.5 94.552 94.577 95.302 94.11 91.172 94.032 94.612 91.742 90.81 90.722 90.64 90.535 90.46 90.427 90.355 90.312 90.297 90.232 90.23 90.22 90.185 90.195 90.147 90.115 90.137 90.19 90.167 90.11 90.095 90.085 90.075 91.72 93.155 92.46
90.8 90.782 90.767 90.74 90.745 90.727 90.737 90.765 90.785 90.782 90.775 90.787 90.815 90.862 90.922 90.992 91.06 91.165 91.247 91.315 91.382 91.465 91.482 91.56 91.71 91.792 91.84 91.85 91.912 95.39 95.207 93.847 98.122 99.232 97.202 96.04 99.41 100.047 92.825 92.88 94.307 95.315 97.93 91.827 93.887 94.39 91.822 90.652 90.58 90.525 90.457 90.442 90.407 90.35 90.352 90.31 90.275 90.28 90.245 90.26 90.257 90.197 90.24 90.27 90.28 90.252 90.18 92.647 93.012 92.702 95.535 96.317
90.692 90.655 90.662 90.63 90.62 90.62 90.617 90.642 90.662 90.672 90.687 90.697 90.742 90.792 90.845 90.91 90.967 91.062 91.172 91.245 91.31 91.38 91.48 91.482 91.527 91.632 91.712 91.762 91.762 92.845 96.135 92.862 93.257 96.967 95.02 100.775 97.165 93.165 97.18 94.827 99.83 93.68 94.24 94.355 92.197 91.495 90.667 90.607 90.557 90.502 90.447 90.45 90.43 90.405 90.367 90.337 90.357 90.32 90.295 90.287 90.315 90.327 90.297 90.332 90.372 90.387 91.275 93.507 95.435 91.112 94.102 96.13
90.592 90.517 90.525 90.52 90.487 90.49 90.505 90.517 90.565 90.6 90.615 90.632 90.672 90.73 90.797 90.835 90.9 90.982 91.062 91.167 91.247 91.32 91.382 91.43 91.427 91.457 91.607 91.62 91.662 92.18 94.835 96.22 95.78 100.752 97.007 94.142 94.47 98.602 94.232 92.832 93.895 94.317 92.23 91.01 90.72 90.65 90.587 90.557 90.517 90.487 90.45 90.43 90.425 90.407 90.4 90.382 90.36 90.372 90.362 90.355 90.41 90.407 90.36 90.382 90.537 92.54 95.455 99.9 94.22 95.32 90.235 94.962
90.482 90.42 90.402 90.402 90.362 90.38 90.397 90.44 90.492 90.537 90.58 90.585 90.622 90.68 90.762 90.812 90.857 90.925 91.007 91.092 91.167 91.245 91.312 91.352 91.397 91.362 91.422 91.47 91.517 91.857 93.057 94.482 93.345 93.815 95.817 97.227 97.58 94.997 95.147 93.275 93.005 92.76 92.035 91.387 90.585 90.517 90.495 90.467 90.412 90.387 90.422 90.435 90.4 90.407 90.402 90.392 90.402 90.42 90.43 90.437 90.427 90.442 90.435 90.622 90.587 94.417 93.135 97.332 101.917 94.86 94.15 97.447
90.362 90.32 90.315 90.295 90.3 90.295 90.29 90.36 90.417 90.48 90.49 90.492 90.535 90.6 90.685 90.727 90.767 90.842 90.897 90.99 91.072 91.155 91.232 91.277 91.307 91.277 91.27 91.317 91.367 91.387 93.152 94.625 97.535 93.35 93.227 95.307 92.08 93.25 93.835 92.432 90.807 93.372 90.582 90.512 90.457 90.432 90.42 90.4 90.367 90.362 90.367 90.37 90.37 90.372 90.382 90.395 90.37 90.425 90.462 90.455 90.472 90.802 91.637 90.997 93.227 94.725 96.687 95.157 95.922 92.88 94.247 97.025
90.25 90.212 90.215 90.197 90.202 90.187 90.202 90.267 90.342 90.365 90.382 90.397 90.43 90.47 90.567 90.605 90.682 90.745 90.797 90.912 90.99 91.04 91.115 91.18 91.18 91.185 91.202 91.2 91.197 91.277 91.432 91.277 91.2 91.15 93.515 92.745 95.412 92.852 91.345 94.405 92.075 90.592 90.505 90.425 90.395 90.395 90.367 90.335 90.337 90.312 90.352 90.372 90.372 90.365 90.387 90.425 90.395 90.402 90.445 90.507 90.532 90.567 90.952 94.01 95.715 94.692 92.822 94.645 91.415 93.517 96.907 95.597
90.205 90.16 90.15 90.122 90.112 90.115 90.13 90.162 90.227 90.245 90.27 90.315 90.36 90.372 90.422 90.47 90.55 90.64 90.685 90.78 90.895 90.922 90.972 91.06 91.085 91.092 91.1 91.127 91.115 91.085 91.12 91.082 91.097 92.152 91.047 92.862 95.35 92.885 90.675 90.84 90.517 90.457 90.375 90.352 90.345 90.325 90.317 90.31 90.302 90.312 90.325 90.327 90.34 90.345 90.36 90.39 90.392 90.43 90.427 90.457 91.012 91.187 92.257 92.692 96.975 96.55 94.875 90.752 90.702 91.175 100.357 97.21
90.1 90.07 90.022 90.022 90.032 90.05 90.052 90.067 90.105 90.147 90.185 90.21 90.245 90.272 90.325 90.392 90.435 90.515 90.605 90.66 90.725 90.777 90.837 90.897 90.987 91.022 91.027 91.035 91.012 90.952 90.867 90.85 90.89 91.547 91.007 90.682 92.525 90.632 90.555 90.475 90.397 90.337 90.285 90.28 90.255 90.247 90.232 90.222 90.247 90.26 90.267 90.302 90.345 90.365 90.392 90.4 90.415 90.447 90.472 90.48 91.04 93.822 95.392 93.01 93.225 98.457 96.19 95.73 94.99 92.015 94.485 95.93
90.015 89.95 89.93 89.925 89.945 89.96 89.932 89.942 89.985 90.035 90.09 90.097 90.127 90.195 90.235 90.297 90.36 90.407 90.49 90.532 90.592 90.67 90.72 90.772 90.867 90.927 90.905 90.912 90.867 90.825 90.772 90.647 90.607 90.605 90.587 90.545 90.527 90.47 90.427 90.357 90.267 90.215 90.182 90.152 90.162 90.157 90.142 90.13 90.157 90.177 90.207 90.275 90.322 90.415 90.552 90.52 90.487 90.71 91.2 90.722 91.02 92.727 94.867 95.007 96.367 96.86 97.53 96.34 98.005 97.447 98.025 94.822
89.93 89.897 89.86 89.885 89.872 89.855 89.832 89.855 89.887 89.95 89.992 89.985 90.055 90.107 90.157 90.185 90.235 90.295 90.382 90.417 90.485 90.547 90.58 90.672 90.725 90.77 90.765 90.765 90.742 90.717 90.675 90.59 90.467 90.4 90.402 90.4 90.37 90.317 90.285 90.237 90.18 90.132 90.092 90.07 90.082 90.09 90.08 90.065 90.077 90.147 90.202 90.317 90.612 90.495 90.707 90.725 91.077 91.267 91.437 90.987 92.762 93.715 92.162 96.685 96.252 95.315 97.187 98.385 96.672 97.7 95.605 91.865
89.855 89.805 89.805 89.802 89.805 89.78 89.75 89.775 89.832 89.847 89.87 89.88 89.96 90.01 90.045 90.097 90.137 90.205 90.25 90.305 90.37 90.427 90.455 90.51 90.555 90.617 90.635 90.637 90.595 90.577 90.55 90.457 90.387 90.335 90.225 90.215 90.205 90.162 90.145 90.087 90.062 90.05 90.042 90.015 89.997 89.992 90 90.027 90.042 90.16 90.402 90.507 90.937 90.617 90.802 91.135 90.98 91.147 90.91 90.842 91.19 95.095 93.62 94.287 91.025 93.647 99.315 95.375 96.407 95.555 93.785 94.915
89.757 89.695 89.69 89.71 89.717 89.7 89.705 89.737 89.76 89.752 89.787 89.815 89.89 89.927 89.967 89.987 90.042 90.107 90.17 90.197 90.24 90.3 90.317 90.367 90.412 90.48 90.487 90.497 90.47 90.445 90.425 90.355 90.297 90.202 90.142 90.09 90.01 90.02 90.005 89.975 89.945 89.95 89.95 89.9 89.89 89.907 89.94 89.972 90.122 90.31 90.347 90.572 90.642 90.692 90.655 90.75 90.695 90.802 91.12 90.985 91.702 91.667 95.145 96.325 93.735 92.9 94.245 94.355 96.9 94.717 94.35 92.747
89.697 89.67 89.64 89.627 89.627 89.645 89.67 89.682 89.687 89.715 89.747 89.777 89.822 89.855 89.875 89.917 89.982 90.025 90.052 90.057 90.115 90.187 90.2 90.23 90.3 90.345 90.355 90.367 90.332 90.292 90.257 90.197 90.162 90.087 90.022 89.982 89.955 89.932 89.89 89.81 89.815 89.825 89.852 89.847 89.83 89.822 89.852 89.96 90.117 90.792 91.04 90.712 90.555 90.582 90.827 91.47 90.735 91.457 91.465 92.125 91.782 91.807 93.23 94.617 95.972 96.405 91.592 93.107 97.367 92.867 92.71 94.82
89.64 89.6 89.585 89.58 89.57 89.587 89.607 89.612 89.627 89.657 89.685 89.695 89.717 89.77 89.82 89.857 89.902 89.92 89.967 89.985 90.057 90.097 90.13 90.137 90.177 90.202 90.217 90.215 90.202 90.147 90.07 90.032 89.995 89.932 89.907 89.865 89.857 89.86 89.802 89.732 89.657 89.7 89.76 89.747 89.727 89.775 89.787 89.967 90.34 90.605 90.852 90.502 90.537 91.617 91.24 92.345 90.83 92.64 92.55 91.485 91.762 92.042 93.307 92.342 93.94 92.697 95.125 95.28 93.407 97.61 96.19 97.06
89.545 89.53 89.515 89.49 89.452 89.48 89.525 89.567 89.575 89.585 89.617 89.637 89.65 89.667 89.757 89.78 89.825 89.867 89.885 89.91 89.947 90.005 90.027 90.022 90.025 90.037 90.045 90.025 90.042 89.99 89.947 89.877 89.83 89.797 89.782 89.745 89.7 89.727 89.695 89.635 89.585 89.577 89.572 89.615 89.66 89.682 89.792 89.98 90.192 90.23 90.275 90.317 90.912 91.635 90.837 91.922 90.837 91.842 95.46 91.245 92.407 93.765 94.645 93.79 91.68 92.862 93.292 93.605 93.73 95.835 93.937 94.702
89.502 89.502 89.49 89.44 89.422 89.432 89.475 89.475 89.522 89.545 89.567 89.567 89.585 89.595 89.66 89.69 89.737 89.76 89.8 89.812 89.845 89.857 89.902 89.9 89.88 89.875 89.882 89.865 89.91 89.847 89.79 89.687 89.65 89.632 89.64 89.622 89.61 89.597 89.557 89.545 89.537 89.507 89.455 89.5 89.595 89.632 89.735 90.14 90.222 90.217 90.3 90.41 91.3 92.285 90.542 91.035 91.55 93.4 91.872 94.202 92.707 93.912 94.45 92.877 91.452 91.735 92.27 93.08 92.52 95.19 95.262 99.112
89.447 89.457 89.452 89.397 89.395 89.415 89.425 89.462 89.482 89.507 89.492 89.497 89.53 89.557 89.6 89.63 89.65 89.67 89.695 89.702 89.72 89.742 89.742 89.74 89.745 89.757 89.725 89.725 89.737 89.712 89.647 89.582 89.547 89.557 89.545 89.495 89.485 89.465 89.445 89.447 89.467 89.495 89.457 89.432 89.49 89.535 91.127 89.85 90.84 90.197 90.422 91.297 92.72 92.405 91.035 91.727 93.247 93.84 95.3 95.252 94.097 93.247 92.067 92.625 91.825 91.405 91.33 91.762 92.307 92.58 93.9 95.747
89.362 89.392 89.385 89.387 89.375 89.365 89.405 89.412 89.41 89.437 89.442 89.445 89.462 89.497 89.55 89.565 89.577 89.572 89.577 89.58 89.585 89.59 89.61 89.612 89.605 89.605 89.587 89.597 89.605 89.582 89.557 89.505 89.492 89.457 89.44 89.405 89.36 89.342 89.352 89.402 89.51 89.602 89.617 89.492 89.375 89.442 89.827 92.087 91.792 90.93 91.88 90.84 94.337 95.272 91.935 93.55 93.71 95.92 96.14 96.632 95.61 95.37 93.81 91.717 91.51 91.477 91.29 91.112 91.71 92.787 93.18 94.282
89.307 89.307 89.317 89.345 89.332 89.305 89.32 89.33 89.335 89.367 89.405 89.432 89.427 89.43 89.46 89.457 89.467 89.457 89.48 89.475 89.46 89.467 89.445 89.45 89.455 89.46 89.477 89.455 89.462 89.47 89.45 89.397 89.37 89.355 89.332 89.295 89.297 89.292 89.975 89.47 89.455 89.405 89.452 89.737 89.66 90.785 90.775 93.145 91.977 92.215 92.08 90.39 91.485 92.872 93.992 93.605 91.68 94.105 95.175 93.837 93.682 95.277 91.745 92.762 91.297 91.11 91.035 91.027 91.085 95.39 95.195 93.752
89.877 89.28 89.28 89.28 89.285 89.277 89.28 89.277 89.317 89.337 89.367 89.367 89.382 89.342 89.327 89.327 89.355 89.36 89.352 89.342 89.33 89.342 89.347 89.382 89.395 89.397 89.392 89.352 89.337 89.322 89.332 89.285 89.237 89.232 89.237 89.265 89.405 90.195 90.55 91.31 90.807 89.55 90.117 89.52 89.462 91.13 90.977 92.315 91.397 91.81 91.525 90.192 91.205 92.567 95.237 92.722 91.815 92.057 93.145 93.34 93.817 93.967 92.597 91.552 90.945 90.937 90.937 90.94 90.962 91.005 91.035 94.262
90.82 89.27 89.22 89.225 89.222 89.23 89.21 89.217 89.26 89.262 89.295 89.31 89.287 89.27 89.26 89.222 89.225 89.252 89.257 89.245 89.225 89.252 89.26 89.292 89.307 89.287 89.257 89.222 89.192 89.205 89.19 89.187 89.145 89.162 89.265 89.272 91.445 89.735 90.355 90 91.18 91.632 91.71 90.475 91.015 92.17 91.58 92.09 92.697 92.982 90.63 90.6 90.835 93.377 90.732 91.942 90.692 92.507 92.017 91.122 92.892 91.065 90.962 90.787 90.807 90.86 90.87 90.9 90.945 90.95 90.99 92.695
89.67 89.79 89.18 89.17 89.195 89.2 89.187 89.157 89.177 89.197 89.18 89.197 89.175 89.167 89.152 89.167 89.15 89.162 89.165 89.182 89.18 89.167 89.162 89.162 89.195 89.197 89.137 89.115 89.072 89.057 89.125 89.167 89.297 90.97 89.742 89.87 91.97 91.45 92.102 91.342 91.84 93.027 93.525 92.375 93.07 92.622 91.722 91.002 92.992 91.562 90.992 90.942 91.13 90.397 90.205 90.907 91.08 90.727 90.492 90.447 90.547 90.565 90.625 90.657 90.74 90.785 90.805 90.835 90.88 90.905 90.932 90.945
93.24 92.77 89.142 89.135 89.135 89.142 89.142 89.137 89.105 89.127 89.135 89.125 89.132 89.087 89.12 89.127 89.12 89.075 89.037 89.07 89.087 89.1 89.045 89.082 89.07 89.042 89.045 89.02 89.115 89.267 89.18 89.125 89.087 91.777 92.815 91.917 95.637 94.082 96.347 92.195 93.622 92.695 93.702 90.89 91.985 93.522 89.39 91.595 92.015 91.067 89.675 89.915 90.412 90.302 90.555 90.33 90.54 90.217 90.24 90.312 90.385 90.442 90.51 90.59 90.66 90.7 90.71 90.772 90.825 90.837 90.842 90.86
94.452 91.252 89.087 89.067 89.08 89.1 89.105 89.07 89.065 89.077 89.067 89.05 89.037 89.017 89.037 89.037 89.04 89.007 88.957 88.96 88.997 89.002 88.962 88.96 88.972 89.015 89.085 89.2 89.24 89.252 89.922 88.99 90.272 92.86 94.48 93.005 97.187 95.817 91.587 94.102 93.877 90.927 92.495 90.107 89.797 93.277 91.152 90.422 92.032 91.067 90.08 90.075 90.325 90.222 90.552 90.377 89.937 90.027 90.137 90.237 90.317 90.372 90.415 90.475 90.527 90.595 90.65 90.72 90.762 90.78 90.795 90.802
89.662 89.19 89.052 89.03 89.042 89.047 89.045 89.03 88.992 89.002 88.992 88.997 88.98 88.957 88.957 88.952 88.922 88.912 88.882 88.892 88.882 88.91 88.962 89.067 89.085 89.387 89.122 89.19 89.135 90.847 89.917 91.312 90.635 90.955 93.55 93.717 95.132 92.965 92.135 91.517 91.692 91.627 92.857 92.845 90.755 91.925 92.177 90.642 89.687 89.067 89.497 90.037 90.485 90.48 90.31 89.827 89.817 89.907 90.005 90.16 90.215 90.275 90.33 90.37 90.41 90.457 90.537 90.617 90.675 90.7 90.69 90.75
89.21 89.112 89.06 89.007 89.007 89.012 89.007 88.995 88.957 88.947 88.96 88.942 88.917 88.902 88.872 88.87 88.86 88.835 88.785 88.775 88.89 89.182 89.305 90.227 89.827 89.267 89.007 90.102 89.8 91.575 92 91.9 90.5 93.255 92.842 92.06 94.4 93.92 93.087 91.97 91.415 91.01 90.947 91.06 91.89 90.047 89.222 89.172 88.967 88.91 89.267 89.455 89.402 89.475 89.492 89.62 89.722 89.817 89.912 90.007 90.032 90.09 90.187 90.26 90.312 90.345 90.432 90.495 90.557 90.6 90.647 90.655
