LIDAR-DSM-2M-TQ28ne/tq2785_DSM_2M.asc
ncols 500
nrows 500
xllcorner    527000
yllcorner    185000
cellsize     2
NODATA_value -9999
[rows 320 to 351 of 500, columns 365 to 437 of 500]
54.77 52.582 53.177 52.75 52.062 52.1 53.305 59.87 59.792 59.432 57.535 56.052 55.177 55.532 55.61 56.092 52.685 51.497 51.78 51.272 51.735 50.727 51.75 52.015 55.402 55.705 55.582 55.54 53.12 55.447 58.205 59.77 59.8 59.885 52.36 49.637 49.752 49.675 49.24 49.05 49.705 48.81 48.802 48.8 48.735 48.817 48.907 49.742 50.22 50.63 50.29 50.317 50.297 50.282 52.1 58.532 58.452 58.447 58.482 57.197 58.52 58.507 58.302 57.412 55.537 52.255 49.292 48.54 48.37 48.312 52.237 53.332 50.072
52.172 52.447 52.552 52.785 52.192 52.33 54.295 59.882 60.615 59.875 58.445 56.592 54.777 55.54 55.58 56.165 54.96 52.502 53.862 51.032 50.86 50.64 50.64 50.96 54.937 55.967 55.637 55.687 54.925 56.092 57.852 59.902 60.845 59.855 55.48 50.007 49.505 49.9 49.212 49.91 49.195 48.73 48.755 48.757 48.725 48.762 48.85 49.372 49.89 50.42 50.315 50.295 50.29 50.282 50.282 56.102 58.465 58.487 58.495 58.56 58.262 56.14 55.037 54.105 51.72 48.902 48.43 48.365 49.575 50.687 51.14 50.055 52.452
52.475 52.615 52.39 52.512 52.252 52.34 53.19 59.05 59.857 59.77 58.452 56.72 54.622 55.555 55.9 56.257 56.3 52.312 52.612 51.18 50.935 50.447 50.737 50.467 53.617 56.115 55.675 55.7 55 53.932 57.522 58.987 59.78 59.85 56.535 49.58 49.457 49.445 49.865 49.33 49.842 49.542 48.745 48.695 48.735 49.475 48.812 49.115 49.522 50.23 50.342 50.315 50.257 50.202 49.97 53.415 58.522 58.567 56.45 54.535 51.15 49.807 49.755 48.725 48.735 48.42 48.34 48.285 48.352 50.577 50.327 51.375 50.005
52.507 52.672 52.575 52.887 53.237 52.07 52.075 55.975 59.82 59.802 58.992 57.412 55.832 55.302 55.89 55.802 55.675 51.71 50.697 50.99 51.887 50.72 51.815 51.095 52.392 56.012 55.72 55.645 55.272 53.22 56.415 58.76 59.785 59.835 59.552 50.992 49.695 50.24 49.472 49.702 50.037 51.007 48.722 48.712 48.717 48.732 48.707 48.787 49.342 49.615 50.49 50.605 50.22 50.24 50.162 50.822 56.692 54.367 50.737 49.89 48.635 48.58 48.86 48.462 52.837 49.362 48.26 50.872 49.497 48.185 49.305 51.85 51.055
52.525 52.68 52.04 52.077 52.837 52.08 52.035 55.395 59.622 60.61 59.972 58.23 55.702 54.94 55.567 55.722 55.972 52.927 51.09 51.207 51.47 50.637 50.525 51.112 51.757 54.832 55.687 55.575 55.565 54.387 54.972 58.48 59.917 60.385 59.885 52.94 49.877 49.485 49.372 50.562 48.842 51.462 49.762 48.7 48.702 48.685 49.477 48.765 50.007 52.04 51.71 54.365 51.957 50.53 49.297 48.782 50.822 50.66 48.657 48.622 48.527 48.477 49.762 51.202 51.817 48.165 48.117 48.587 49.205 49.247 48.352 48.787 49.51
53.872 53.325 53.672 52.68 53.4 52.127 52.087 52.18 57.625 59.807 59.735 57.957 56.622 54.807 55.632 55.572 55.685 54.76 51.56 51.247 51.207 51.33 51.012 50.665 50.847 53.962 56.082 56.005 55.487 53.855 53.17 57.78 59.822 59.912 59.842 55.715 49.465 49.432 49.385 49.6 49.207 48.795 48.767 48.757 48.717 48.685 49.105 48.852 51.367 54.765 53.457 55.437 53.475 50.757 49.895 48.767 48.752 48.707 48.632 48.575 48.442 48.357 48.657 49.62 50.92 50.15 50.912 49.787 50.447 50.812 49.015 46.797 48.015
54.277 54.102 53.487 52.33 52.317 52.127 52.047 52.082 59.47 59.8 59.747 58.677 57.25 55.125 55.575 55.485 55.617 55.385 51.77 51.445 50.73 51.14 50.095 50.9 51.662 52.57 56.162 56.35 55.58 55.257 52.805 57.197 59.937 59.752 59.82 58.355 50.127 49.385 49.745 49.852 49.28 51.127 50.285 48.802 48.702 48.667 48.652 48.605 49.985 55.152 51.222 52.672 50.78 49.562 48.785 48.74 48.73 48.67 48.605 48.497 48.457 48.4 49.41 48.515 48.44 48.257 45.84 47.157 44.422 41.767 42.195 40.222 39.835
54.3 52.127 52.37 51.5 50.127 51.172 52.082 52.085 57.582 60.145 60.437 59.437 57.842 55.402 55.052 55.545 55.795 56.08 52.27 50.842 51.215 48.61 48.37 50.68 51.577 51.922 55.987 56.592 55.872 55.63 54.132 56.9 57.875 59.832 60.182 58 51.13 49.825 50.027 49.847 49.722 50.93 51.567 49.545 48.707 48.677 48.655 48.592 49.44 48.875 51.347 51.35 49.082 48.822 48.78 48.732 48.71 48.662 48.882 47.462 47.147 46.01 45.935 48.297 44.842 47.282 42.112 40.077 39.942 39.405 39.347 39.232 39.067
55.04 53.167 53.157 51.775 49.787 50.38 52.135 52.57 54.017 59.867 59.747 59.787 57.43 56.497 54.945 55.512 55.857 56.175 53.435 51.8 51.252 49.827 49.265 50.682 50.48 50.942 54.745 55.91 56.257 55.637 54.615 54.025 58.425 59.892 60.127 59.907 52.765 49.665 50.325 49.645 50.41 50.197 50.735 49.142 48.695 48.697 48.672 48.62 48.63 48.767 50.295 49.27 48.627 48.897 47.375 47.285 44.987 43.932 41.975 41.015 42.115 39.68 39.505 45.902 39.425 39.282 39.17 39.03 38.817 38.715 38.585 38.565 38.475
54.94 53.34 53.04 52.715 50.347 49.922 51.775 52.085 52.88 59.945 59.795 59.745 58.632 56.757 54.5 55.43 56.102 56.575 54.475 50.67 50.857 50.47 50.452 50.802 51.552 50.687 53.29 56.21 56.682 56.772 55.025 52.62 57.615 59.817 59.77 59.8 55.467 49.775 51.13 49.787 49.432 50.162 49.157 49.367 49.11 48.685 48.695 48.665 48.627 48.737 50.017 43.89 42.662 41.297 40.232 40.092 39.672 39.47 39.272 39.237 39.112 38.937 38.85 38.737 38.62 38.595 38.547 38.53 38.48 38.47 38.487 38.555 38.485
54.73 54.797 52.475 52.165 50.475 49.835 51.56 52.087 52.12 57.84 60.005 60.17 59.29 57.32 55.147 55.552 55.725 56.075 56.05 50.67 50.667 50.512 50.765 51.452 50.935 51.255 52.48 56.537 57.215 56.347 55.477 53.51 56.055 59.132 60.105 60.135 58.405 53.452 50.532 49.332 50.177 53.497 50.275 49.365 49.2 48.66 48.695 48.677 48.62 48.692 49.352 42.36 39.287 39.212 39.155 39.07 38.887 38.722 38.695 38.632 38.545 38.58 38.587 38.567 38.585 38.58 38.572 38.54 38.555 38.48 38.45 38.487 38.407
54.73 55.085 52.497 52.065 50.477 49.825 50.93 52.082 52.377 56.2 60.055 59.915 59.37 57.552 55.41 55.325 55.59 55.812 56.067 52.945 51.152 50.795 51.997 50.572 50.46 50.485 50.525 56.085 56.012 56.125 55.832 53.232 55.082 58.905 60.105 60.062 59.605 51.81 49.275 49.5 50.252 53.072 50.755 49.195 48.647 48.662 48.717 48.71 48.692 49.047 48.737 42.63 38.737 38.66 38.632 38.655 38.597 38.645 38.652 38.687 38.62 38.6 38.615 38.575 38.58 38.552 38.542 38.525 38.54 38.555 38.562 38.54 38.552
54.755 55.105 53.507 53.262 52.6 50.09 51.035 52.115 52.127 54.53 59.857 59.782 59.785 57.582 56.035 54.892 55.905 56.825 56.187 54.805 50.492 50.632 50.777 50.46 50.497 50.915 50.782 54.827 56.41 56.107 56.392 54.277 55.745 57.225 59.515 59.715 59.447 53.435 49.19 49.337 50.195 50.645 49.117 48.785 48.675 48.63 48.657 48.707 48.667 49.242 48.752 47.86 38.78 38.662 38.647 38.655 38.64 38.68 38.65 38.61 38.63 38.622 38.625 38.63 38.612 38.57 38.642 38.665 38.647 38.61 38.702 38.795 38.91
55.137 54.927 54.012 52.775 52.39 52.295 52.162 52.257 52.137 52.757 58.987 60.117 60.107 58.715 57.742 55.505 56.182 57.165 56.41 55.077 50.602 50.807 50.38 48.912 49.307 51.085 52.235 53.99 56.19 55.592 55.547 54.905 53.855 57.41 59.097 59.695 59.7 55.39 50.022 49.845 49.147 48.82 48.797 48.785 48.712 48.602 48.647 48.68 48.665 48.625 48.702 48.827 41.827 38.647 38.697 38.712 38.795 38.84 38.862 38.92 38.9 38.932 38.947 39.092 38.782 38.852 38.86 38.88 38.852 38.747 38.797 39.005 39.08
54.67 54.78 54.66 52.115 53.08 52.57 53.175 52.38 52.51 52.907 57.677 60.027 59.905 59.295 57.19 55.377 55.657 56.23 56.765 56.1 51.497 50.762 50.455 48.622 48.725 50.35 50.42 51.29 55.787 56.405 56.455 55.625 52.707 55.465 55.172 53.63 52.16 50.067 48.8 48.847 48.86 48.837 48.892 51.145 48.782 48.98 48.647 48.712 48.715 48.725 49.682 48.705 46.96 39.317 39.395 39.855 39.59 39.505 39.555 39.68 39.3 39.787 39.815 39.29 39.105 39.082 38.937 38.705 38.73 38.65 38.82 38.985 39.02
54.67 54.642 54.822 52.68 53.532 52.192 52.267 52.42 52.137 52.152 54.895 59.85 59.765 59.775 59.372 56.537 54.77 56.13 56.945 56.24 53.245 50.742 50.415 48.962 48.115 51.202 51.167 50.522 55.32 57.54 57.515 56.475 51.87 50.73 49.905 48.87 48.827 48.83 48.845 48.875 48.845 48.745 48.88 51.67 50.707 49.67 48.602 48.655 48.705 48.687 49.132 48.912 49.217 42.29 40.187 39.975 40.267 40.105 40.317 39.615 39.44 39.49 39.302 39.135 38.892 38.922 38.852 38.645 38.597 38.462 38.47 38.542 38.425
54.607 55.095 55.312 54.157 52.582 52.335 52.935 52.852 52.132 52.297 52.125 59.89 60.307 60.017 58.992 56.202 54.697 55.61 55.59 55.795 54.385 51.117 50.51 48.967 48.287 51.932 55.077 50.935 50.402 50.152 53.227 52.897 51.047 50.142 49.335 48.847 48.857 48.822 48.805 49.17 48.755 48.672 49.205 49.355 50.112 50.862 48.582 48.615 48.63 48.642 48.612 49.145 48.692 45.91 39.94 39.887 39.835 39.877 39.695 39.787 39.595 39.322 39.077 38.912 38.7 38.542 38.475 38.38 38.342 38.327 38.32 38.36 38.39
55.175 55.237 54.87 54.117 52.172 52.487 51.545 51.527 51.29 52.695 52.322 58.6 60.272 60 58.672 55.907 54.905 55.68 56.022 56.485 55.665 51.327 50.502 50.715 51.5 51.135 54.315 55.105 48.945 48.967 50.197 49.252 48.84 48.767 48.805 48.765 48.937 49.687 48.74 49.79 50.062 48.647 48.712 51.125 51.762 49.387 48.61 48.605 48.632 48.65 48.645 49.565 48.762 48.242 40.27 39.57 39.407 39.55 39.462 39.352 39.072 38.782 38.56 38.382 38.425 38.422 38.45 38.44 38.352 38.33 38.33 38.35 38.305
55.162 54.62 54.862 55.33 52.207 52.675 50.84 49.785 51.195 52.247 52.092 57.42 59.827 59.785 58.565 56.217 55.317 55.28 56.575 55.832 52.592 49.76 49.182 52.457 48.675 48.702 50.925 52.85 49.315 48.817 49.312 49.615 48.827 48.677 48.645 49.737 49.545 48.717 48.677 48.902 49.555 48.645 49.305 50.05 46.705 48.537 48.64 48.587 48.627 48.672 48.685 48.74 48.702 48.822 42.03 38.91 38.887 38.75 38.515 38.517 38.47 38.465 38.472 38.445 38.407 38.38 38.362 38.355 38.322 38.25 38.237 38.142 38.16
54.882 55.35 55.21 55.057 53.02 52.082 51.77 49.957 50.42 52.082 52.077 56.08 59.867 59.37 58.125 55.555 52.877 54.732 55.135 52.275 49.462 49.34 53.5 50.41 51.212 50.232 51.21 51.24 50.627 48.73 49.347 48.9 49.347 49.722 48.97 49.292 49.062 49.29 49.66 51.47 52.222 49.525 50.367 46.52 38.917 39.562 48.65 48.61 48.595 48.617 48.64 48.705 49.517 48.657 45.97 38.49 38.472 38.477 38.45 38.375 38.382 38.4 38.407 38.367 38.332 38.252 38.235 38.21 38.145 38.135 38.127 38.17 38.172
54.777 54.672 54.622 54.905 53.26 52.282 52.07 50.355 50 50.925 52.772 52.897 56.557 52.955 50.95 51.597 51.685 51.965 51.647 51.465 49.475 49.305 49.557 49.457 49.535 50.3 51.485 51.67 50.93 48.687 48.747 48.762 48.777 48.79 48.817 51.52 52.362 49.852 46.095 46.925 51.182 50.632 50.345 44.557 38.78 38.62 47.135 48.64 48.547 48.597 48.63 48.615 48.802 48.57 48.445 41.18 38.42 38.427 38.422 38.402 38.337 38.282 38.242 38.192 38.197 38.18 38.227 38.257 38.277 38.287 38.352 38.545 38.957
54.38 55.462 55.147 54.855 54.95 52.46 51.79 50.157 49.957 50.16 50.665 50.235 50.205 50.142 50.08 50.15 50.177 49.707 49.685 50.27 49.975 49.262 49.185 49.082 49.577 49.55 48.85 48.79 48.75 48.727 48.757 48.99 48.985 48.885 48.987 49.89 52.515 48.217 41.182 39.76 48.045 49.895 49.22 46.987 39.545 38.582 41.772 48.657 48.58 48.612 48.577 48.612 48.772 49.367 48.59 44.485 38.337 38.307 38.275 38.237 38.265 38.22 38.3 38.275 38.372 38.457 38.587 38.945 40.002 42.87 43.66 45.047 46.29
54.085 55.307 55.34 54.48 54.36 51.975 51.147 50.215 50.16 50.227 50.282 50.25 50.225 50.11 49.972 49.84 50.462 50.005 49.595 50.325 49.437 49.245 49.447 49.58 48.975 48.945 48.927 49.725 50.73 50.095 51.007 48.055 43.235 47.21 50.66 51.002 51.99 48.607 38.975 38.545 43.15 49.22 49.065 49.212 40.902 38.577 40.85 48.407 48.59 48.542 48.617 48.607 48.627 49.28 48.522 48.715 38.332 38.355 38.385 38.472 39.807 39.065 40.055 43.382 43.9 45.792 46.277 49.065 48.252 48.602 48.425 48.392 48.217
54.222 55.237 54.915 52.905 50.762 50.63 50.817 50.527 50.362 50.367 50.377 50.24 50.955 50.782 49.982 49.872 49.802 49.642 49.557 52.635 49.592 50.285 50.932 51.345 50.007 49.602 50.795 49.667 49.117 49.83 50.227 46.21 38.857 40.367 49.252 51.367 51.275 44.93 38.652 38.667 39.19 48.36 49.087 49.155 41.127 38.482 38.475 46.627 48.632 48.592 48.59 48.61 48.557 48.685 48.852 48.615 44.927 43.292 43.787 45.505 46.762 48.077 48.57 48.762 48.657 48.427 48.362 48.385 48.377 48.32 48.262 48.25 48.215
52.562 53.692 53.437 51.995 50.857 50.962 50.755 50.567 50.517 50.472 51.01 50.287 50.412 50.895 52.495 50.905 50.67 50.942 49.935 52.007 51.11 52.085 51.482 52.222 47.43 41.395 43.565 49.295 50.147 49.625 49.827 43.832 38.742 38.722 47.98 49.465 49.392 44.97 38.605 38.62 38.582 46.097 49.117 49.09 44.09 38.43 38.422 42.81 48.147 49.147 48.717 48.552 48.557 48.465 49.71 49.132 49.217 49.17 48.85 48.542 48.502 48.477 48.485 48.427 48.397 48.37 48.295 48.307 48.297 48.28 48.197 48.167 48.66
51.522 51.467 51.28 51.027 50.885 50.807 50.76 50.697 50.632 50.537 52.852 50.682 52.67 54.282 53.245 52.327 53.552 53.02 50.85 51.555 53.247 53.965 52.79 52.892 47.647 38.852 38.742 43.052 49.26 49.225 48.677 39.032 38.707 38.675 42.882 49.135 49.15 48.27 38.475 38.475 38.452 45.627 50.207 49.96 49.01 38.672 38.707 38.747 46.242 48.695 49.01 48.56 48.53 48.49 49.177 48.757 49.037 49.942 49.192 48.545 48.54 48.49 48.47 48.4 48.497 49.51 49.552 48.342 48.307 48.215 48.142 49.742 48.925
51.795 51.955 51.432 51.03 51.002 50.897 50.825 50.732 50.63 52.552 54.692 51.73 52.967 53.51 51.745 53.03 53.287 50.892 44.005 40.472 42.39 50.462 50.18 49.765 46.125 38.722 38.75 40.237 47.417 49.25 49.21 43.175 38.625 38.58 41.045 49.575 50.097 49.837 41.392 38.622 38.667 43.905 50.7 50.47 50.417 45.202 39.415 41.455 47.495 48.602 48.83 48.722 48.537 48.485 48.52 49.162 48.635 50.38 48.89 48.585 48.487 48.48 48.5 48.87 48.407 49.95 49.757 48.625 48.257 48.217 48.482 49.785 49.207
51.57 51.212 51.34 55.355 50.947 52.34 50.78 50.74 51.065 51.87 54.242 52.06 48.127 48.655 50.225 52.08 52.735 51 40.862 39.01 39.047 48.677 49.355 49.317 45.76 38.72 38.725 38.685 44.78 49.23 49.627 45.02 38.517 38.525 40.697 50.005 52.095 51.63 46.02 39.327 39.242 44.87 49.757 49.042 48.865 49.347 49.657 53.47 56.585 50.56 48.725 49.185 48.497 48.452 48.445 48.87 49.312 50.53 49.027 49.457 49.165 50.942 49.717 48.482 49.902 51.582 52.017 49.655 50.057 49.275 48.117 49.005 48.432
51.255 51.197 54.232 54.05 52.975 53.6 51.99 52 51.855 52.5 55.55 49.627 39.69 39.47 46.277 49.562 49.755 48.5 39.612 38.82 38.8 46.137 49.325 49.287 47.36 38.672 38.59 38.557 44.91 50.15 51.295 49.842 38.687 38.77 39.345 48.407 50.205 49.947 49.545 47.22 48.467 50.32 50.12 51.06 52.79 55.772 59.805 60.767 60.755 54.62 48.615 49.01 48.602 48.452 48.425 48.435 48.372 48.862 50.485 48.462 49.207 51.325 51.307 48.557 48.43 51.337 50.835 50.535 49.905 48.36 48.115 48.07 48.035
52.54 51.392 54.17 53.485 51.977 50.902 50.932 51.642 51.387 53.805 52.612 51.295 41.972 38.932 40.005 49.375 49.365 48.677 41.07 38.76 38.74 42.11 48.955 49.315 49.435 39.622 38.587 38.637 43.485 51.517 51.692 50.132 43.38 42.512 47.625 52.245 49.99 49.387 49.037 49.047 49.85 49.37 50.22 52.757 54.295 57.215 61.09 60.85 60.985 60.247 48.605 49.157 49.157 48.467 48.42 48.395 48.39 48.417 48.462 48.477 50.082 50.81 49.342 48.937 48.827 48.405 48.26 48.23 48.205 48.21 48.142 48.065 48.017
52.96 51.742 54.267 51.532 52.227 50.832 51.005 52.125 51.722 52.295 51.51 50.68 39.47 38.825 39.22 49.392 49.332 49.427 43.972 38.627 38.605 38.605 47.792 49.675 49.872 47.227 38.867 38.85 43.512 51.045 50.447 50.005 51.867 51.682 50.41 50.877 49.22 49.595 49.065 48.977 49.522 49.697 49.212 51.862 50.597 52.327 60.2 60.877 60.897 60.797 53.435 48.555 49.062 48.485 48.495 48.44 48.375 48.387 48.425 48.472 49.16 49.67 49.57 48.47 49.215 48.295 48.28 48.232 48.192 48.147 48.095 48.017 48.01
51.41 51.195 51.16 51.045 51.01 50.882 50.787 51.387 50.68 50.617 50.545 50.775 39.665 38.777 38.74 43.555 50.092 50.96 46.7 38.712 38.775 38.827 46.215 50.595 50.865 51.397 45.127 46.29 49.297 50.122 50.822 49.435 50.705 50.687 49.727 50.267 49.207 49.332 49.547 49.18 51.837 53.92 50.145 50.765 49.667 49.12 55.865 60.512 60.84 60.47 58.832 48.567 49.187 48.692 48.452 48.455 48.397 48.35 48.365 48.435 48.56 49.797 50.042 48.322 48.29 48.262 48.217 48.21 48.165 48.132 48.087 48.23 48.732
