LIDAR-DSM-2M-TQ28ne/tq2787_DSM_2M.asc
ncols 500
nrows 500
xllcorner    527000
yllcorner    187000
cellsize     2
NODATA_value -9999
[rows 330 to 359 of 500, columns 67 to 133 of 500]
100.148 100.078 99.99 99.9 99.798 99.71 99.58 99.488 99.383 99.313 99.23 99.173 99.023 98.905 98.805 98.76 98.82 98.905 99.06 99.26 99.495 99.735 99.948 100.123 100.313 100.493 100.733 100.965 101.168 101.403 101.645 101.895 102.163 102.455 103.375 104.143 103.323 103.483 103.753 104.453 106.658 108.12 109.543 107.833 107.845 111.858 112.895 109.945 110.695 107.118 112.873 112.025 114.008 116.238 116.548 109.595 109.068 113.935 110.013 110.313 112.513 110.505 111.175 111.165 109.818 107.385 107.658
100.045 99.953 99.858 99.753 99.638 99.535 99.42 99.335 99.228 99.13 99.048 98.985 98.845 98.735 98.66 98.633 98.748 98.86 98.998 99.178 99.448 99.66 99.83 100.033 100.235 100.423 100.66 100.883 101.103 101.35 101.585 101.815 102.085 102.345 102.578 103.075 103.108 103.395 103.638 105.83 110.548 115.07 110.393 110.445 111.968 111.078 110.338 112.75 108.31 105.748 112.088 114.085 108.52 111.205 115.775 110.8 108.51 106.63 109.868 106.908 109.84 109.195 111.285 110.483 110.23 107.125 107.133
99.918 99.833 99.758 99.613 99.5 99.433 99.318 99.21 99.113 98.963 98.885 98.793 98.718 98.658 98.608 98.56 98.663 98.785 98.918 99.093 99.34 99.54 99.735 99.92 100.15 100.34 100.568 100.79 101.02 101.258 101.478 101.735 101.995 102.238 102.488 102.74 103.018 103.288 105.248 113.003 116.375 118.16 114.895 113.638 116.183 115.243 117.115 113.47 111.278 109.308 107.605 112.075 108.545 110.6 109.863 109.078 105.96 106.405 107.525 107.46 106.675 107.125 112.76 110.35 110.29 108.953 106.835
99.803 99.71 99.613 99.493 99.39 99.288 99.155 99.07 98.95 98.83 98.705 98.648 98.563 98.505 98.45 98.433 98.528 98.663 98.825 99.008 99.22 99.428 99.635 99.85 100.05 100.27 100.478 100.688 100.923 101.16 101.383 101.653 101.875 102.128 102.378 102.655 102.913 103.165 105.59 115.77 117.648 115.898 111.783 117.908 116.175 111.615 118.708 115.583 112.198 109.37 110.358 108.18 112.31 106.305 105.923 111.463 108.378 108.033 106.593 110.645 109.54 108.79 113.458 110.845 110.753 107.933 106.475
99.658 99.585 99.505 99.343 99.245 99.125 99.018 98.913 98.798 98.673 98.565 98.515 98.453 98.395 98.328 98.308 98.403 98.53 98.698 98.898 99.07 99.338 99.52 99.733 99.963 100.188 100.378 100.59 100.81 101.038 101.295 101.543 101.773 102.01 102.263 102.528 102.788 103.013 104.058 112.3 117.015 116.208 119.413 116.258 115.153 110.593 113.665 115.053 112.333 109.398 110.29 109.408 111.235 108.363 109.383 109.803 107.883 105.648 108.633 108.895 113.225 106.81 109.74 110.04 108.37 111.308 106.23
99.518 99.435 99.338 99.2 99.088 98.995 98.91 98.785 98.685 98.555 98.413 98.375 98.36 98.278 98.235 98.238 98.293 98.423 98.568 98.748 98.968 99.218 99.43 99.595 99.823 100.058 100.275 100.478 100.673 100.908 101.19 101.423 101.653 101.9 102.143 102.398 102.63 102.843 103 108.34 112.453 116.305 116.248 114.183 111.043 109 105.533 108.258 109.918 109.923 109.063 108.24 110.165 109.775 112.095 113.183 110.3 115.243 110.145 107.74 111.393 109.525 110.628 108.31 107.068 108.44 105.978
99.348 99.298 99.198 99.09 98.978 98.883 98.78 98.665 98.513 98.448 98.323 98.258 98.223 98.13 98.085 98.12 98.175 98.328 98.468 98.648 98.83 99.113 99.335 99.475 99.695 99.93 100.15 100.355 100.553 100.778 101.058 101.308 101.535 101.773 101.998 102.268 102.495 102.705 102.905 103.565 109.31 113.185 111.303 110.395 106.89 105.215 104.333 104.518 108.083 109.073 107.56 107.99 110.94 108.838 107.205 110.985 110.385 108.975 112.31 111.335 111.155 107.08 111.018 111.248 110.468 106.143 105.758
99.195 99.143 99.065 98.983 98.865 98.76 98.623 98.525 98.348 98.31 98.225 98.09 98.053 97.988 97.943 98 98.043 98.17 98.365 98.535 98.725 98.97 99.203 99.405 99.6 99.803 100.023 100.213 100.428 100.635 100.955 101.188 101.41 101.65 101.87 102.125 102.37 102.583 102.788 103.015 104.793 105.558 107.915 105.685 104.203 104.063 104.068 104.14 105.985 107.678 108.97 108.138 111.815 111.488 109.735 108.895 111.448 109.665 107.218 110.293 111.315 110.483 109.573 108.733 110.15 106.87 106.63
99.063 99.005 98.935 98.858 98.758 98.663 98.533 98.403 98.28 98.19 98.135 97.988 97.883 97.875 97.863 97.888 97.925 98.043 98.23 98.415 98.64 98.855 99.09 99.278 99.5 99.7 99.885 100.073 100.28 100.485 100.79 101.058 101.285 101.825 104.035 103.115 102.46 104.078 102.668 102.858 103.088 103.34 103.62 103.653 103.788 103.89 103.975 103.888 104.048 106.235 108.5 109.448 109.968 110.058 108.123 108.853 109.21 110.503 106.503 111.725 108.845 110.083 109.53 112.363 108.85 106.988 105.35
98.913 98.845 98.778 98.728 98.635 98.538 98.393 98.288 98.18 98.095 98.003 97.888 97.788 97.768 97.773 97.805 97.853 97.965 98.123 98.325 98.528 98.73 98.963 99.173 99.375 99.58 99.758 99.968 100.185 100.395 100.665 100.938 101.833 101.418 102.723 102.175 103.065 103.853 102.563 102.77 102.973 103.2 103.365 103.493 103.63 103.705 103.79 103.79 103.728 105.77 109.07 111.003 109.903 109.96 108 109.245 110.503 107.845 110.31 111.05 113.688 110.345 109.14 106.2 107.945 106.06 105.1
98.745 98.685 98.645 98.603 98.52 98.405 98.323 98.213 98.1 97.995 97.845 97.76 97.688 97.643 97.665 97.668 97.705 97.805 97.945 98.203 98.425 98.625 98.828 99.06 99.263 99.455 99.63 99.833 100.06 100.28 100.538 102.063 102.025 102.86 102.293 107.07 104.67 105.543 105.198 102.648 102.855 103.038 103.188 103.345 103.483 103.588 103.653 103.688 103.61 104.165 107.69 108.328 109.583 109.26 110.048 107.305 110.105 113.403 112.053 109.188 108.87 107.038 106.83 108.785 105.1 105.498 104.845
98.628 98.548 98.498 98.455 98.418 98.35 98.213 98.098 97.99 97.858 97.73 97.65 97.53 97.51 97.565 97.568 97.568 97.645 97.798 98.045 98.28 98.478 98.7 98.95 99.11 99.33 99.503 99.708 99.913 100.16 100.388 103.64 104.93 104.663 106.075 106.208 105.318 106.658 106.29 102.508 102.705 102.893 103.053 103.193 103.323 103.438 103.5 103.548 103.533 103.473 104.325 107.28 108.673 109.665 110.738 107.468 107.953 111.353 108.068 107.623 106.985 107.148 108.413 107.1 104.455 104.515 104.575
98.518 98.415 98.35 98.323 98.288 98.24 98.125 98.008 97.888 97.76 97.645 97.543 97.43 97.378 97.41 97.408 97.448 97.553 97.698 97.933 98.123 98.35 98.583 98.798 99.018 99.203 99.373 99.58 99.813 100.045 102.388 103.528 101.233 102.925 106.315 106.588 105.775 106.003 105.798 102.37 102.55 102.728 102.878 102.995 103.133 103.218 103.255 103.36 103.418 103.308 103.29 105.593 106.275 107.803 107.933 107.1 104.848 106.573 104.468 104.133 106.525 106.933 107.12 105.148 104.355 104.435 104.378
98.385 98.303 98.248 98.188 98.163 98.12 98.02 97.903 97.805 97.658 97.56 97.445 97.323 97.278 97.273 97.285 97.32 97.405 97.553 97.798 97.99 98.185 98.45 98.68 98.868 99.053 99.253 99.453 99.698 99.923 100.16 103.008 101.718 104.958 104.163 107.803 102.755 105.223 103.85 102.175 102.38 102.533 102.66 102.785 102.895 102.988 103.098 103.2 103.185 103.185 103.17 103.59 104.563 107.523 108.153 107.383 109.343 107.825 104.343 105.225 106.215 106.78 107.2 104.735 104.73 104.298 104.383
98.27 98.188 98.135 98.09 98.043 97.975 97.888 97.798 97.708 97.573 97.465 97.345 97.228 97.168 97.17 97.178 97.198 97.26 97.408 97.633 97.843 98.05 98.303 98.533 98.738 98.92 99.105 99.34 99.573 99.803 100.035 102.27 106.095 105.76 103.553 104.105 103.155 104.345 101.85 102.028 102.21 102.35 102.46 102.578 102.678 102.778 102.9 102.973 102.965 102.995 103.028 102.993 103.198 104.08 104.253 104.988 108.663 106.55 105.708 105.595 105.698 107.325 104.585 105.375 107.198 106.01 104.078
98.14 98.098 98.05 97.988 97.915 97.83 97.74 97.68 97.583 97.478 97.345 97.228 97.135 97.065 97.038 97.05 97.068 97.135 97.26 97.485 97.698 97.913 98.15 98.388 98.605 98.768 98.973 99.193 99.46 99.695 99.903 100.143 103.28 103.72 104.753 102.478 103.643 102.008 101.65 101.885 102.008 102.15 102.265 102.37 102.458 102.548 102.625 102.7 102.81 102.86 102.885 102.86 102.8 103.385 103.913 105.478 105.965 105.888 106.02 104.408 106.98 107.553 108.643 107.048 107.42 107.585 109.308
98.028 97.955 97.925 97.863 97.788 97.708 97.618 97.553 97.433 97.33 97.22 97.118 97.025 96.96 96.923 96.918 96.948 96.968 97.073 97.305 97.553 97.743 97.94 98.195 98.448 98.645 98.828 99.058 99.323 99.555 99.783 99.993 100.295 101.688 103.373 102.588 101.995 101.238 101.448 101.618 101.755 101.93 102.1 102.198 102.258 102.323 102.4 102.498 102.563 102.63 102.68 102.708 102.693 102.67 103.92 106.268 107.253 105.623 106.625 105.828 106.968 108.803 104.595 106.528 111.59 105.6 109.485
97.91 97.823 97.803 97.753 97.653 97.585 97.498 97.425 97.298 97.195 97.103 97 96.903 96.84 96.775 96.785 96.813 96.845 96.903 97.108 97.35 97.563 97.755 98.005 98.22 98.473 98.668 98.935 99.17 99.388 99.6 99.858 100.05 100.275 101.865 101.703 101.073 101.085 101.253 101.408 101.56 101.745 101.923 102.033 102.085 102.153 102.243 102.325 102.358 102.415 102.478 102.568 102.568 102.503 103.433 107.163 108.953 107.845 108.515 107.713 110.093 107.665 107.448 110.208 108.978 109.94 114.405
97.793 97.683 97.645 97.603 97.503 97.45 97.373 97.28 97.183 97.08 96.988 96.915 96.805 96.715 96.663 96.655 96.693 96.723 96.77 96.935 97.163 97.415 97.623 97.825 98.058 98.29 98.53 98.763 99.008 99.24 99.428 99.668 99.91 100.11 100.318 100.483 100.7 100.883 101.073 101.258 101.398 101.568 101.713 101.808 101.89 102.003 102.07 102.15 102.195 102.263 102.33 102.403 102.465 102.398 105.2 105.95 106.045 110.245 111.36 112.143 112.675 108.928 107.803 108.955 110.73 109.648 111.345
97.633 97.558 97.495 97.44 97.398 97.305 97.238 97.16 97.043 96.978 96.88 96.795 96.705 96.615 96.555 96.488 96.545 96.553 96.623 96.738 96.985 97.25 97.47 97.698 97.903 98.135 98.4 98.633 98.868 99.063 99.26 99.488 99.745 99.943 100.128 100.313 100.525 100.725 100.9 101.02 101.163 101.31 101.453 101.588 101.713 101.84 101.928 101.978 102.02 102.043 102.14 102.203 102.283 102.305 104.99 104.705 106.31 106.855 109.205 111.045 110.175 112.23 107.76 110.153 108.675 111.535 112.213
97.498 97.413 97.36 97.29 97.235 97.175 97.1 97.263 97.878 97.438 96.765 96.688 96.613 96.503 96.455 96.403 96.413 96.403 96.473 96.55 96.79 97.048 97.303 97.543 97.783 97.998 98.228 98.48 98.688 98.878 99.128 99.373 99.593 99.783 99.98 100.153 100.353 100.53 100.675 100.803 100.948 101.105 101.253 101.408 101.53 101.675 101.738 101.743 101.768 101.83 101.945 101.98 102.075 103.098 102.443 104.688 105.775 105.243 107.348 108.918 104.748 110.725 112.923 108.38 106.52 108.33 109.275
97.368 97.288 97.198 97.125 97.078 97.038 97.008 97.665 99.583 97.59 96.655 96.555 96.48 96.41 96.375 96.345 96.303 96.28 96.313 96.375 96.568 96.858 97.14 97.395 97.628 97.818 98.075 98.293 98.515 98.718 98.948 99.213 99.415 99.633 99.8 99.99 100.158 100.305 100.48 100.623 100.793 100.953 101.093 101.213 101.348 101.428 101.433 101.428 101.49 101.575 101.673 101.78 101.858 101.9 101.978 104.905 104.813 103.27 105.563 103.07 108.43 111.438 112.49 106.473 109.918 114.41 106.933
97.233 97.158 97.09 97.013 96.96 96.923 96.89 96.798 98.255 96.655 96.513 96.435 96.405 96.37 96.28 96.208 96.143 96.133 96.193 96.268 96.39 96.635 96.968 97.23 97.413 97.653 97.908 98.103 98.323 98.528 98.748 98.993 99.205 99.408 99.6 99.818 99.998 100.148 100.325 100.48 100.628 100.76 100.89 100.995 101.715 103.183 103.98 106.655 102.655 101.645 104.2 105.653 101.893 101.675 101.775 101.813 103.818 104.618 103.53 102.555 106.835 112.073 112.035 106.675 104.87 107.51 103.76
97.1 97.023 96.943 96.915 96.86 96.788 96.748 96.665 98.1 97.583 96.82 96.37 96.303 96.238 96.133 96.058 96.015 96.055 96.128 96.743 96.493 96.478 96.763 97.033 97.263 97.515 97.823 97.95 98.11 98.298 98.533 98.793 99.003 99.203 99.42 99.615 99.825 99.993 100.15 100.273 100.45 100.515 100.618 102.305 106.728 104.035 103.943 104.825 104.553 104.683 102.83 103.485 103.153 101.518 101.635 102.13 102.033 102.885 104.713 101.77 101.803 105.98 108.758 105.068 105.073 108.013 106.59
96.995 96.915 96.82 96.785 96.75 96.688 96.615 96.54 96.465 97.313 97.858 97.19 96.15 96.1 96.045 96.003 95.995 96.043 96.688 97.045 96.653 96.415 96.635 96.893 97.123 99.73 100.348 98.028 97.948 100.618 100.978 98.575 98.78 98.995 99.21 99.42 99.618 99.775 99.918 100.025 100.14 100.25 100.355 102.48 106.77 105.16 104.213 106.013 105.755 105.15 103.783 104.553 104.463 103.2 101.445 101.908 101.72 101.565 101.598 101.628 101.68 102.298 104.24 106.235 106.503 104.973 104.168
96.873 96.793 96.735 96.685 96.633 96.573 96.513 96.433 96.453 98.093 98.203 97.663 96.015 96 97.14 96.808 95.97 96.01 96.215 96.57 96.173 96.303 96.498 96.73 99.278 99.25 102.17 99.758 99.333 105.658 99.183 98.375 99.605 98.798 99.013 99.225 99.383 99.518 99.625 99.738 99.853 99.98 100.085 102.275 103.57 105.07 111.163 108.613 105.118 107.885 108.578 106.875 103.495 104.185 101.22 101.303 101.395 101.478 101.51 101.548 101.518 102.625 105.65 104.685 105.465 106.298 106.428
96.748 96.728 96.613 96.563 96.51 96.45 96.423 96.365 96.253 96.69 96.503 97.603 96.768 97.64 97.118 96.873 95.883 95.885 95.908 95.96 96.05 96.143 96.298 97.745 98.453 101.475 100.28 98.743 104.908 103.193 98.593 99.925 99.115 98.625 98.793 98.978 99.118 99.243 99.373 99.47 99.605 99.758 99.908 105.53 105.37 103.818 102.033 107.75 104.733 110.74 105.445 103.778 107.738 104.765 101.08 101.173 101.23 101.305 101.383 101.393 101.39 101.358 103.505 104.3 106.108 107.05 105.243
96.625 96.563 96.483 96.43 96.388 96.34 96.298 96.175 96.02 96.115 96.82 99.45 96.54 96.545 97.315 101.748 96.573 96.123 95.723 95.75 95.843 95.958 96.05 101.823 100.783 98.03 99.24 99.98 104.245 103.115 105.95 101.433 99.963 99.015 98.565 98.725 98.868 98.993 99.14 99.255 99.433 99.553 100.063 108.763 102.548 108.65 104.663 103.34 114.893 111.743 109.743 108.328 106.658 104.053 101.335 101.008 101.053 101.103 101.165 101.215 101.23 101.215 101.228 104.55 104.453 107.61 106.305
96.503 96.435 96.35 96.3 96.27 96.205 96.1 95.978 95.87 95.85 97.598 99.273 99.598 97.08 101.388 98.393 101.335 97.72 95.595 95.54 95.635 95.805 95.863 101.45 104.895 103.16 101.778 102.038 106.42 104.938 101.99 101.418 103.215 99.845 98.413 98.543 98.665 98.798 98.93 99.088 99.27 99.39 99.918 102.425 101.56 105.815 106.718 107.65 109.358 113.333 107.008 107.435 105.178 103.353 104.688 100.823 100.863 100.923 100.985 100.988 101.018 101.055 101.015 100.925 104.935 104.408 105.505
96.355 96.283 96.233 96.16 96.113 95.988 95.885 95.83 95.795 96.055 96.663 101.608 97.338 99.225 104.428 100.93 100.82 99.908 95.498 97.275 95.488 95.6 95.715 95.838 103.673 100.875 100.563 101.315 102.363 102.503 102.105 100.645 100.558 99.6 98.228 98.373 98.498 98.643 98.785 98.985 99.185 99.32 103.125 102.438 102.758 107.685 104.828 103.748 110.795 109.92 109.778 108.718 103.433 100.598 103.033 100.638 100.703 100.773 100.8 102.105 101.618 102.16 102.808 103.443 103.768 105.048 103.3
