LIDAR-DSM-2M-TQ28ne/tq2789_DSM_2M.asc
ncols 500
nrows 500
xllcorner    527000
yllcorner    189000
cellsize     2
NODATA_value -9999
[rows 186 to 216 of 500, columns 138 to 206 of 500]
103.475 100.602 103.122 102.307 100.612 98.02 97.59 96.947 97.192 96.71 96.012 95.777 95.907 96.082 95.817 96.532 95.977 95.817 95.869 95.877 95.872 95.822 96.184 95.807 96.887 96.292 95.792 95.807 95.879 96.107 96.977 97.837 96.634 98.877 100.124 102.822 99.332 102.977 104.329 104.709 104.909 104.919 104.184 104.719 104.979 104.304 104.227 105.309 103.154 101.447 97.759 102.244 103.644 104.382 101.644 97.459 96.637 101.302 102.637 101.674 99.332 96.374 96.982 96.812 98.899 98.379 97.232 96.894 97.079
102.085 99.375 98.495 96.935 97.6 96.182 96.332 96.135 96.042 95.87 96.362 95.725 96.589 96.277 95.824 95.827 95.824 95.824 95.894 95.817 95.734 95.924 96.149 95.894 95.869 96.054 96.014 96.774 96.852 97.707 96.734 101.657 103.392 103.642 103.922 104.282 102.244 102.362 104.857 104.559 104.304 103.807 103.459 100.224 101.854 102.209 102.202 104.784 103.022 102.727 97.244 101.014 103.037 103.249 101.504 96.824 96.942 96.622 97.399 98.097 96.587 96.437 96.502 97.452 96.554 97.099 97.172 96.749 96.784
96.405 96.48 96.855 96.382 96.597 95.757 95.945 96.502 96.115 96.007 96.035 95.77 95.842 95.839 95.822 95.892 96.264 96.624 96.694 95.707 95.752 95.874 96.589 97.002 97.267 96.557 98.309 98.994 101.589 103.534 100.192 99.852 104.319 104.699 104.344 104.799 104.819 102.562 103.754 103.377 103.417 102.809 101.337 96.969 99.642 101.809 102.147 100.932 98.814 98.412 97.772 99.442 102.519 101.897 97.984 96.394 97.054 96.652 97.137 98.092 97.084 96.272 96.434 97.287 96.699 96.662 96.957 96.897 97.194
95.942 95.932 95.835 95.752 95.72 95.7 95.947 96.085 95.842 95.872 95.842 95.805 96.089 96.437 96.237 96.527 95.997 96.057 95.992 97.192 96.604 96.782 96.584 98.117 98.579 100.157 103.449 103.462 103.917 104.234 104.587 100.229 105.257 105.324 104.447 103.682 103.292 98.277 99.232 101.537 103.089 102.917 101.424 96.707 98.727 101.362 102.149 100.144 95.707 96.687 97.607 96.897 99.447 98.862 97.134 96.384 96.567 97.047 96.482 98.722 97.664 96.382 96.377 96.849 96.659 96.629 96.939 97.579 97.314
95.952 96.465 96.66 95.952 95.785 95.817 95.83 95.83 95.842 95.94 96.55 96.2 98.884 98.507 95.792 95.817 96.944 97.204 96.827 96.262 99.084 100.039 101.972 103.377 103.052 100.812 104.264 104.569 104.947 104.737 105.227 97.659 104.734 105.339 104.707 102.812 101.694 96.604 96.597 100.159 102.784 104.144 102.337 96.837 97.652 100.442 102.092 97.519 95.364 96.179 97.192 96.772 97.059 96.497 96.894 96.379 96.374 97.487 96.459 96.527 96.769 96.454 96.529 96.742 96.834 96.697 96.824 98.049 97.727
96.452 96.047 95.915 95.85 95.847 95.832 95.887 96.4 96.452 95.837 96.05 95.782 95.929 97.639 96.672 96.174 97.457 98.972 99.254 100.889 103.372 103.499 103.947 104.239 104.702 98.602 103.952 104.297 104.224 104.219 104.904 101.009 99.484 101.499 104.567 103.199 102.189 97.407 96.699 98.287 102.509 103.262 102.597 98.609 97.094 96.859 96.514 96.472 95.577 96.037 96.424 96.989 96.469 96.487 97.374 96.437 96.399 97.529 96.879 96.459 96.997 96.749 96.584 96.652 96.879 97.337 98.314 98.739 97.924
95.867 95.835 95.822 95.822 95.79 95.742 95.762 96.04 95.785 95.82 96.385 97.095 96.864 96.589 99.809 99.247 100.232 103.394 103.629 98.059 104.347 104.619 104.817 104.544 104.214 100.609 101.597 103.147 103.089 104.667 104.189 97.097 96.384 99.172 104.344 104.139 102.457 99.174 96.627 96.827 101.897 101.052 100.004 96.892 96.357 96.979 96.309 96.324 96.522 96.359 96.037 96.904 96.477 96.467 96.904 96.672 96.442 97.117 97.474 96.489 96.889 97.182 97.024 97.447 97.227 97.824 98.202 99.339 97.164
95.83 95.775 95.76 95.725 95.737 95.79 95.857 96.222 96.2 96.175 97.387 99.08 99.672 97.464 102.399 103.657 104.092 104.354 104.669 102.959 103.307 104.217 103.907 103.452 103.109 100.854 98.382 99.927 102.444 104.019 104.572 98.079 96.744 96.532 101.997 103.129 102.797 100.819 96.467 97.164 97.007 96.759 97.012 96.362 96.317 96.399 96.372 96.359 96.842 96.597 96.529 97.579 97.104 96.534 96.672 97.669 96.729 97.097 98.097 97.617 98.029 98.927 98.059 96.672 96.622 97.459 97.507 98.027 97.544
95.832 95.735 95.725 95.745 96.19 96.407 96.97 98.395 99.632 100.497 102.617 103.36 103.629 99.359 103.067 104.757 105.042 104.632 104.219 101.399 99.684 102.817 102.804 103.037 102.227 98.334 98.004 97.662 101.922 103.987 102.774 99.157 96.912 96.567 100.242 100.744 98.604 96.404 96.467 97.424 96.572 96.582 96.952 96.342 96.317 97.134 96.412 96.377 96.517 96.844 96.859 97.077 97.377 96.697 97.122 97.717 98.072 97.837 98.817 98.322 99.054 98.927 97.452 96.797 96.667 97.339 97.187 96.842 98.059
95.785 95.845 95.777 95.887 96.605 98.325 101.602 102.407 103.46 103.677 104.177 104.542 104.687 101.842 102.659 105.004 105.002 103.854 103.027 102.037 97.119 96.957 102.202 103.052 102.469 99.447 97.039 98.647 100.297 102.669 101.187 99.794 96.839 96.534 96.434 96.307 96.772 96.584 96.572 96.857 96.809 96.447 97.132 98.917 96.584 96.382 96.682 96.427 96.454 96.872 96.822 98.542 99.684 98.044 98.072 97.687 97.747 98.147 97.164 97.037 97.624 97.569 98.562 97.559 96.649 96.909 96.902 96.772 98.424
96.922 96.252 97.73 99.767 98.645 101.952 102.807 104.165 104.965 104.797 104.917 104.692 104.409 103.229 98.542 102.962 103.204 103.354 102.489 99.397 96.474 96.452 101.389 103.267 103.324 100.259 96.392 96.804 97.987 98.599 97.969 96.427 96.307 97.904 96.312 96.274 96.487 96.619 96.267 96.344 96.584 96.422 96.982 101.299 98.662 96.459 96.799 96.579 96.524 96.654 98.119 99.314 98.887 97.987 96.737 97.447 96.757 97.482 97.189 96.724 97.304 98.524 99.544 99.737 96.754 96.827 97.019 96.759 98.294
98.77 101.01 101.422 103.962 102.917 103.062 104.67 104.957 105.592 104.352 104.137 103.987 103.152 101.719 97.154 96.777 101.844 103.117 102.822 100.477 96.377 96.217 99.472 102.557 101.537 99.134 96.222 96.592 96.349 96.864 97.537 96.404 96.264 96.994 96.734 96.264 96.309 97.204 96.244 96.354 97.354 96.622 96.762 100.594 100.634 96.789 96.999 96.974 97.109 96.864 98.184 98.682 98.289 96.767 96.822 97.569 96.842 97.542 98.047 96.704 97.387 98.347 98.609 98.284 96.702 96.757 97.119 96.927 98.667
101.752 102.707 102.702 103.41 104.135 100.91 104.205 104.097 103.632 102.802 102.427 101.947 101.332 99.987 97.539 96.632 100.832 102.779 103.807 101.532 96.824 96.487 96.557 99.572 98.934 97.129 97.134 96.862 96.519 97.294 97.852 96.902 96.257 96.547 96.897 96.282 96.302 96.627 96.307 96.409 98.589 97.402 97.689 100.219 101.489 98.667 97.734 97.347 96.487 96.462 96.874 96.659 96.599 96.824 96.887 96.659 96.847 97.062 98.187 96.959 96.752 97.922 96.977 98.377 96.754 96.889 97.939 98.374 98.914
99.332 101.85 101.62 102.612 98.722 96.875 101.267 102.517 98.297 98.492 101.027 101.312 101.324 100.129 96.484 96.172 97.772 102.472 102.982 101.062 96.744 96.474 96.382 98.622 98.887 96.612 96.134 96.334 96.427 97.272 97.087 97.334 96.309 96.302 97.627 96.459 96.722 97.312 97.364 97.754 99.357 98.892 98.019 98.369 101.104 98.974 97.179 96.662 96.474 96.474 96.609 96.557 96.562 97.447 96.822 96.592 97.604 96.684 97.192 97.667 96.737 97.137 97.532 99.277 97.814 98.724 102.714 103.252 102.437
98.942 100.63 101.042 101.415 96.585 96.307 99.462 101.342 98.982 97.532 100.232 100.232 98.84 96.94 96.07 96.215 97.627 99.14 97.172 96.847 96.297 96.937 96.677 96.882 96.82 97.5 96.147 96.107 96.502 97.515 97.7 98.037 96.985 96.342 96.617 97.815 97.712 98.685 97.72 98.302 99.585 98.037 96.725 97.27 98.232 96.742 96.712 96.79 96.627 96.467 96.48 96.637 96.59 96.782 96.575 96.787 97.217 96.752 96.972 97.175 96.785 99.685 101.029 101.739 98.489 98.334 102.792 103.939 102.747
99.39 100.227 100.787 101.48 97.74 96.095 98.257 101.435 99.437 96.382 96 95.895 96.305 95.99 96.122 96.202 96.545 96.22 96.735 97.052 96.18 96.745 96.595 96.152 96.172 97.21 96.76 96.54 96.592 97.67 99.242 100.977 99.582 98.517 98.632 98.585 97.72 99.007 98.182 96.73 99.265 98.132 96.802 97.182 97.315 96.695 96.697 96.675 96.742 96.527 96.492 96.822 96.62 96.66 96.71 96.612 97.21 97.232 97.85 98.065 98.785 102.907 103.454 102.544 99.469 97.524 103.164 104.227 103.044
99.28 99.872 101.09 101.895 99.572 96.027 96.972 96.822 95.922 95.94 96.22 96.2 96.225 96.33 96.165 96.185 97.097 96.227 96.325 97.72 96.232 96.252 96.767 96.215 96.192 96.242 97.902 96.98 96.575 98.777 100.735 101.002 101.465 98.137 98.282 100.08 97.767 97.14 98.462 96.58 96.55 96.655 96.745 96.685 96.93 97.787 97.032 96.69 96.732 96.532 96.537 96.722 96.655 96.647 96.787 97.275 101.035 103.322 102.3 98.547 97.545 102.57 103.857 102.867 100.264 97.219 101.864 105.389 104.577
99.137 99.197 101.78 102.05 101.322 96.66 96.057 96.075 96.447 96.542 96.922 96.2 96.345 96.54 96.15 96.182 97.395 96.657 96.17 97.945 96.707 96.34 96.945 96.967 96.192 96.242 97.61 98.522 98.435 99.865 100.855 100.525 99.812 99.46 97.19 99.662 98.687 97.912 99.442 97.81 96.525 96.982 97.34 96.675 96.687 97.485 97.197 96.697 97.182 96.822 96.592 96.582 100.987 100.967 96.867 98.035 102.735 103.89 102.752 99.885 97.502 101.855 105.132 103.319 101.189 100.997 105.647 106.167 105.489
98.907 98.927 100.765 101.277 101.78 97.065 96.052 97.047 97.407 96.977 97.052 96.435 96.2 96.687 96.302 96.18 96.46 97.05 96.185 98.06 98.077 96.245 97.127 97.377 97.985 96.707 97.757 98.215 98.182 98.785 99.41 96.562 97.565 99.072 97.855 98.657 97.82 96.462 96.49 96.602 96.562 96.65 97.247 96.625 96.655 96.87 96.817 96.855 99.53 101.367 99.582 96.887 101.01 102.625 97.942 96.955 101.525 103.402 104.617 102.285 98.295 102.827 105.777 104.332 104.044 104.619 106.089 106.127 106.129
98.96 98.96 100.6 101.747 102.145 100.002 96.005 96.62 96.317 96.317 96.34 96.81 96.255 96.58 96.48 96.16 97.09 97.165 96.302 96.542 96.98 97.142 96.532 97.31 98.26 97.59 98.68 97.835 96.522 98.275 98.505 96.477 97.14 99.245 97.52 98.77 97.3 96.635 96.497 96.685 96.622 96.815 97.58 97.425 97.11 96.8 97.47 98.27 102.315 103.042 102.177 97.445 100.247 102.9 99.45 96.95 100.877 103.047 105.062 105.777 104.572 106.092 106.069 105.707 105.327 105.622 106.504 105.614 105.197
99.107 99.222 99.537 101.737 102.075 101.057 96.49 96.05 96.335 96.595 97.31 97.187 96.29 96.555 96.712 97.645 97.132 97.407 97.495 98.582 99 98.927 97.252 97.075 97.567 97.382 99.32 97.935 96.592 96.69 97.597 96.865 96.492 97.1 98.877 97.147 98.047 97.67 96.497 96.552 96.845 97.13 98.457 100.15 100.845 97.567 96.912 96.645 100.71 103.237 102.437 99.555 97.922 103.062 102.342 99.012 101.19 103.765 105.232 106.045 106.027 106.325 106.062 105.897 105.524 105.132 104.772 104.294 103.237
99.622 99.435 99.387 101.005 102.032 102.025 97.547 96.035 96.752 98.765 98.78 98.245 97.497 96.792 97.322 98.105 97.962 97.692 98.15 100.015 99.347 97.807 96.912 96.467 96.547 96.445 97.312 97.755 97.392 96.44 96.712 97.232 96.555 98.035 97.287 96.84 96.782 96.857 97.292 98.437 97.287 97.805 102.627 103.527 102.615 98.237 96.722 96.82 100.567 102.335 102.245 100.392 101.537 104.82 105.917 104.732 104.685 105.052 105.672 106.002 105.87 105.915 105.154 104.694 104.357 104.057 102.349 99.827 98.189
99.107 99.075 99.122 100.33 102.075 102.192 99.165 96.02 96.457 98.825 98.87 98.895 98.595 98.337 97.435 98.642 98.045 96.48 97.135 96.372 97.162 96.817 96.442 96.465 96.552 96.482 96.38 97.27 98.41 96.65 96.535 97.525 96.45 96.752 97.015 98.25 96.785 96.637 99.38 102.597 98.897 96.985 102.582 104.012 104.54 103.235 96.672 97.105 99.447 102.787 103.477 103.815 104.197 104.36 105.995 106.007 106.342 105.727 105.47 105.13 104.655 104.347 104.074 102.172 99.534 99.302 98.327 99.307 96.769
99.227 99.205 99.07 98.262 101.49 102.162 100.782 96.23 96.087 98.04 99.712 101.18 98.8 97.555 96.997 96.987 97.017 96.432 98.1 96.35 96.317 97.272 96.44 96.44 96.772 96.535 96.452 96.47 98.282 97.737 96.825 97.767 97.155 97.825 100.567 101.702 100.17 96.65 98.595 102.565 100.222 97.112 101.442 103.13 104.727 103.517 102.282 98.42 103.545 104.207 104.662 104.937 105.197 105.532 105.787 105.417 105.205 104.65 104.247 102.172 101.917 98.932 98.092 96.884 96.647 97.579 97.154 96.784 96.654
100.95 99.082 99 97.447 100.965 102.24 102.19 97.137 96.072 97.13 102.61 102.895 100.632 97.032 96.427 97.11 96.395 96.377 97.157 96.982 96.292 96.745 96.567 96.45 96.455 96.605 96.69 96.585 97.96 98.632 97.502 97.357 96.802 99.46 103.012 103.865 103.392 96.59 97.637 101.977 102.99 97.175 101.442 103.077 104.935 105.572 105.572 101.345 103.365 105.207 105.442 105.382 105.042 104.4 104.022 104.25 103.975 100.885 100.14 96.775 96.745 97.077 96.884 97.157 96.799 96.369 96.372 96.384 96.862
101.565 99.35 98.997 98.042 98.782 101.947 101.612 99.442 96.072 96.6 101.695 102.982 101.987 96.815 96.362 97.09 96.877 96.375 96.392 98.065 96.345 96.36 96.78 96.447 96.65 98.485 97.437 98.952 100.21 101.582 100.765 96.73 99.045 100.122 102.667 104.217 104.075 99.132 97.197 101.352 103.12 99.982 103.57 103.97 104.597 105.5 105.255 102.687 100.082 104.902 104.562 104.47 103.95 102.785 99.135 99.487 98.075 97.062 97.035 96.575 96.41 96.355 96.334 96.339 96.502 96.427 96.469 96.529 96.547
97.65 98.735 98.067 96.887 96.485 100.24 101.015 101.17 96.412 96.172 100.502 102.88 102.67 97.56 96.38 96.415 97.077 96.377 96.372 98.37 96.72 96.575 97.09 98.007 98.402 97.93 97.787 101.315 102.982 103.817 102.302 96.692 98.977 97.572 102.365 103.532 105.067 103.247 103.905 103.757 104.112 103.05 104.525 104.952 105.115 104.992 104.662 104.17 97.712 104.03 102.672 98.935 98.515 97.91 96.717 96.645 96.575 96.587 96.332 96.36 97.02 96.57 96.372 96.454 96.489 96.517 96.544 96.572 96.574
97.197 96.472 97.085 97.665 98.615 99.707 100.795 101.53 99.605 100.922 102 102.735 102.905 99.962 96.362 96.395 96.842 96.597 96.42 97.757 97.345 98.547 100.535 102.265 101.72 97.577 98.66 99.177 102.622 103.187 102.58 99.88 97.99 98.952 102.557 103.485 105.237 105.547 105.417 104.912 105.187 105.137 104.245 104.562 104.255 103.57 103.55 102.77 96.807 98.635 96.857 96.607 96.592 96.405 96.375 96.242 96.237 96.965 97.117 96.487 96.5 96.472 96.474 96.512 96.522 96.467 96.444 97.009 97.014
100.46 101.587 99.012 98.885 98.76 99.705 100.06 99.935 100.975 102.772 102.115 103.022 102.94 101.635 96.282 96.42 97.205 98.065 99.315 96.582 97.747 100.085 102.65 103.692 102.452 99.127 98.705 98.437 102.327 103.24 102.93 101.692 102.81 103.037 104.125 104.532 105.292 105.247 105.395 105.545 104.707 104.382 102.322 103.592 102.897 100.31 97.425 97.585 96.365 96.755 96.71 96.357 96.262 96.59 96.282 96.267 96.29 96.357 96.412 96.447 96.435 96.465 96.549 96.717 96.534 96.359 96.372 96.459 96.522
102.105 102.25 101.605 99.755 99.252 99.41 98.91 99.135 100.772 102.93 102.715 102.482 102.392 101.267 97.392 97.895 100.457 101.92 102.287 98.805 98.385 98.545 102.397 103.225 102.697 100.717 98.362 100.16 102.797 103.42 103.785 104.085 104.67 103.7 105.21 105.262 105.085 104.42 104.317 104.012 103.917 102.942 98.012 98.322 98.747 97.567 96.715 96.205 96.205 96.22 96.152 96.15 96.877 96.947 96.405 96.357 96.39 96.437 96.43 96.53 97.105 96.732 97.819 97.012 96.469 96.552 97.557 97.407 96.867
104.802 104.445 104.777 100.28 101.03 99.885 98.407 99.292 99.732 102.265 102.087 102.132 102.042 99.915 98.542 98.037 102.285 103.655 102.727 100.467 97.66 97.692 101.355 102.875 102.985 103.002 103.427 103.912 104.095 104.465 104.872 105.12 105.195 104.492 104.932 104.307 103.952 103.187 102.695 101.237 99.062 97.655 96.34 96.722 96.932 96.242 96.092 96.827 97.247 96.53 96.245 96.245 96.28 96.32 96.325 96.355 96.74 96.977 96.72 96.362 96.65 96.655 99.309 96.724 96.867 96.874 98.052 99.257 100.962
