LIDAR-DSM-2M-TQ28ne/tq2787_DSM_2M.asc
ncols 500
nrows 500
xllcorner    527000
yllcorner    187000
cellsize     2
NODATA_value -9999
[rows 60 to 89 of 500, columns 268 to 334 of 500]
105.695 104.105 105.243 108.145 105.233 104.89 108.583 109.778 106.64 104.61 103.403 103.388 103.458 103.258 103.215 103.203 103.318 103.278 107.315 110.953 108.885 108.3 105.908 103.998 104.503 103.243 104.855 103.425 102.17 102.363 103.333 102.503 101.855 101.923 101.978 101.953 101.848 101.843 101.88 103.393 101.835 101.663 101.595 101.523 102.063 103.998 105.858 105.943 106.03 108.503 109.38 109.908 108.29 105.055 101.968 101.088 101.005 101.273 101.378 102.78 102.33 103.588 103.673 102.813 101.335 101.618 101.685
104.913 104.103 108.505 107.45 104.66 107.798 108.425 111.113 111.848 105.918 103.93 105.7 105.538 103.373 103.255 103.29 103.275 103.543 109.838 111.918 112.308 112.718 110.523 107.78 103.953 104.318 104.695 104.073 102.468 102.135 102.433 101.93 101.908 101.98 101.973 101.93 101.863 101.885 102.95 102.545 101.785 101.585 101.565 101.468 101.415 103.913 104.965 104.69 103.94 104.528 107.23 108.178 106.495 104.493 101.353 101.04 101.283 101.34 101.323 101.318 101.28 101.748 101.22 101.268 101.298 101.348 101.505
104.088 104.055 107.078 108.705 104.495 108.263 110.515 111.833 109.97 106.505 107.885 109.468 108.988 105.835 103.303 103.46 103.36 107.565 110.628 112.183 113.128 112.07 110.64 107.553 102.805 102.735 103.49 104 104.97 102.608 102.023 101.88 101.985 102.053 101.975 101.88 101.855 102.148 102.955 102.313 101.865 101.555 101.54 101.455 102.563 105.433 105.843 105.23 104.408 104.15 102.288 102.245 102.645 101.473 101.075 101.108 101.353 101.363 101.355 101.348 101.315 101.298 101.295 101.313 101.303 101.36 101.37
104.148 104.075 107.74 112.06 108.615 113.933 116.51 113.785 106.278 106.455 113.28 112.21 111.383 107.083 104.593 103.533 104.59 110.303 111.648 112.95 112.765 111.12 110.24 107.105 102.968 102.613 102.575 103.305 103.503 102.913 101.93 101.938 102.028 102.068 101.923 101.888 101.94 103.208 102.255 106.09 101.968 101.595 101.568 101.513 102.135 104.983 104.983 105.74 103.233 102.878 103.98 103.183 101.393 101.258 101.253 101.333 101.385 101.405 101.38 101.345 101.358 101.355 101.345 101.348 101.368 101.36 101.358
104.078 104.028 109.428 109.27 106.558 112.983 113.588 109.138 111.04 108.363 113.143 111.283 111.358 107.283 105.795 103.803 107.668 111.235 112.358 113.215 112.05 110.743 107.218 104.68 102.758 102.61 102.428 102.29 102.445 102.223 101.925 102.038 102.093 102.003 101.898 101.925 102.345 103.113 102.053 102.353 101.65 101.61 101.613 101.81 102.005 107.758 106.67 104.958 104.298 104.535 103.633 103.3 103.973 102.955 103.74 102.788 101.958 102.095 101.43 101.403 101.405 101.39 101.385 101.393 101.388 101.378 101.38
104.113 104.073 107.328 112.873 109.083 111.913 110.638 108.55 108.915 110.308 107.553 110.028 108.728 107.273 105.438 104.84 105.74 107.87 112.248 112.67 111.223 109.505 104.738 102.9 102.775 102.75 102.805 103.273 102.35 101.998 102.008 102.08 102.08 102.01 101.958 102.098 103.49 102.333 101.89 101.693 101.658 101.675 101.618 102.878 107.69 110.833 110.675 107.853 105.913 105.77 105.085 103.86 103.153 102.855 103.51 103.665 103.445 102.598 101.513 101.51 101.458 101.4 101.41 101.443 101.433 101.4 101.425
104.19 104.055 104.06 111.175 110.06 110.913 112.108 113.065 111.245 106.593 107.698 107.885 103.56 105.083 106.65 106.398 105.418 104.915 106.25 109.505 110.6 109.273 103.805 102.883 102.818 102.833 102.955 103.115 102.103 101.993 102.078 102.125 102.053 101.948 101.958 101.965 102.283 101.873 101.79 101.725 101.673 101.71 102.403 105.61 109.873 111.358 112.265 111.555 110.048 108.325 105.188 105.138 103.193 102.268 104.008 103.088 102.88 103.895 103.065 102.165 101.85 101.425 101.435 101.445 101.455 101.443 101.5
104.963 105.34 104.455 108.795 111.808 108.63 109.76 108.413 112.265 109.655 104.965 104.748 103.56 104.1 107.098 109.228 107.755 105.373 103.568 104.863 104.98 105.343 103.33 102.803 102.753 102.865 103.558 102.468 102.085 102.063 102.153 102.1 101.99 101.973 102.43 103.618 102.29 101.88 101.763 101.805 101.9 102.89 106.338 109.045 110.663 112.033 112.753 111.948 110.59 108.27 102.878 103.278 102.318 101.958 103.618 104.295 103.56 102.715 103.185 102.43 101.663 101.608 101.475 101.493 101.5 101.503 102.4
104.903 105.768 106.473 104.808 112.5 110.523 112.16 107.585 111.458 104.843 103.515 103.5 103.765 104.918 109.293 111.605 111.128 108.12 104.645 103.72 103.585 104.91 103.248 102.77 102.57 102.57 102.898 102.173 102.058 102.15 102.175 102.083 101.98 102.035 102.658 104.835 104.513 103.033 103.893 102.59 103.848 108.578 109.345 110.188 111.505 112.828 112.405 111.095 110.098 105.738 101.798 101.193 101.225 101.393 101.37 101.968 102.123 102.483 103.2 102.823 103.898 102.283 101.573 102.548 104.91 105.905 105.4
104.423 104.91 106.015 105.173 108.745 109.315 107.67 104.67 106.718 103.75 103.508 103.498 103.635 106.988 110.6 112.205 113.213 112.78 110.305 107.843 105.44 104.053 103.748 104 103.06 102.37 102.223 102.108 102.113 102.193 102.205 102.033 102.008 102.46 103.15 103.218 105.433 104.868 105.448 104.08 106.42 110.45 110.663 111.028 112.368 112.795 111.58 110.343 107.948 101.985 101.178 101.163 101.208 101.7 101.86 101.673 101.625 103.225 102.803 103.663 103.69 103.225 105.66 105.693 104.458 107.43 106.88
104.393 104.398 105.99 104.53 104.58 108.963 105.448 105.64 106.388 103.933 103.52 103.498 105.905 109.468 111.37 112.643 113.11 112.26 110.805 108.223 104.625 103.615 103.753 103.348 103.878 103.473 102.175 102.105 102.215 102.198 102.118 102.043 102.073 102.12 102.223 104.528 107.228 107.703 105.385 104.148 104.82 108.435 110.37 111.515 112.193 112.115 111.253 108.463 104.273 101.193 101.185 101.4 101.26 101.7 102.043 101.94 101.895 101.79 102.168 103.288 103.11 103.4 108.255 108.793 108.278 106.758 108.59
104.388 104.363 104.353 104.338 104.218 104.438 104.743 105.145 104.75 104.015 104.603 105.078 108.188 111.495 112.408 113.143 112.378 110.88 108.518 106.36 103.61 102.92 103.213 102.763 102.843 102.495 102.16 102.2 102.24 102.163 102.1 102.093 102.17 102.125 102.073 104.505 106.375 105.573 102.68 105.053 104.955 104.96 107 109.643 110.36 111.21 110.723 106.54 101.97 101.57 101.235 101.22 101.308 101.703 101.933 101.935 101.963 101.948 101.933 101.958 102.088 102.495 107.535 105.038 107.388 106.445 109.113
104.41 104.425 104.485 104.66 104.46 104.04 104.76 104.845 105.075 105.078 106.01 106.753 108.433 110.935 112.933 113.115 112.08 109.963 105.358 104.06 103.65 103.4 103.038 102.825 102.405 102.213 102.16 102.273 102.265 102.165 102.093 102.178 103.105 102.418 102.065 102.08 102.003 101.953 104.4 106.995 106.61 105.56 104.735 104.668 108.22 109.255 108.575 106.518 103.65 101.855 101.675 101.735 102.09 101.945 101.938 101.953 101.97 101.975 102.005 102.04 102.033 102.133 107.205 109.273 108.1 107.918 108.068
104.44 104.418 104.39 104.703 104.438 103.863 104.01 104.208 104.35 104.683 104.578 105.318 106.28 107.55 109.733 112.218 111.788 107.968 103.405 103.158 103.44 104.463 103.433 103.478 102.38 102.183 102.28 102.298 102.238 102.155 102.163 102.555 102.97 102.208 102.123 102.13 102.045 102.385 104.168 106.753 106.88 107.113 106.23 105.225 105.09 104.413 105.74 105.515 102.495 101.758 101.783 101.948 102.045 101.905 101.938 101.978 101.978 101.988 102.03 102.07 102.095 102.118 102.758 104.353 108.398 109.588 109.535
104.443 104.595 104.633 104.39 104.103 103.838 104.223 103.928 103.815 104.055 103.878 104.975 104.098 106.223 107.023 107.753 107.695 104.463 103.15 103.125 103.363 104.428 104.39 103.313 102.278 102.215 102.285 102.305 102.21 102.168 102.255 103.365 102.555 102.95 102.153 102.318 102.53 102.058 103.685 109.698 109.068 107.723 107.335 106.828 105.885 104.653 103.53 103.145 101.798 101.748 101.768 102.015 101.953 101.943 101.965 101.998 102.003 102.048 102.058 102.098 102.11 102.148 102.313 103.99 109.078 111.27 109.085
104.728 104.838 104.513 104.14 104.045 103.783 103.733 103.733 106.19 106.58 106.233 107.3 106.373 105.385 105.74 105.983 104.228 103.623 103.075 102.995 103.648 103.223 104.483 102.395 102.245 102.3 102.355 102.31 102.16 102.225 102.328 104.263 105.105 103.958 103.003 102.148 102.588 103.15 109.513 111.055 111.258 109.835 108.433 107.395 106.95 104.453 102.04 102.78 102.8 102.043 101.89 101.915 101.94 101.95 101.978 102.01 102.04 102.068 102.085 102.123 102.138 102.165 103.013 103.835 108.328 106.94 112.07
104.518 104.445 104.475 104.278 103.958 103.78 103.748 104.775 106.775 107.84 110.433 110.038 109.28 107.19 104.298 103.98 105.763 106.34 105.84 102.888 104.198 103.178 102.81 102.303 102.288 102.355 102.403 102.288 102.23 102.29 102.538 104.613 104.953 104.645 102.13 102.255 103.523 106.515 110.06 111.62 112.225 111.078 109.61 105.713 105.563 103.148 101.993 102.32 105.3 103.978 102.393 102.318 101.96 101.988 101.985 102.013 102.045 102.08 102.103 102.143 102.183 102.215 102.24 102.275 102.973 105.728 107.598
104.468 104.7 104.568 104.213 103.778 103.945 104.218 106.748 107.053 109.375 111.843 111.69 111.645 108.61 104.878 103.555 106.875 106.815 106.483 107.603 105.603 102.588 102.413 102.253 102.355 102.39 102.348 102.233 102.345 102.743 102.653 104.85 106.368 103.648 102.153 104.433 107.835 109.535 111.03 112.458 111.75 110.22 106.023 102.723 102.39 102.01 102.385 102.388 103.115 104.765 103.128 103.27 102.96 102.728 102.033 102.055 102.053 102.07 102.138 102.148 102.18 102.23 102.258 102.343 102.34 102.408 102.638
105.175 104.463 104.463 104.08 103.818 103.753 104.985 107.075 107.695 110.345 111.878 112.905 112.128 110.693 104.625 104.063 107.738 106.633 104.038 107.06 105.283 102.61 102.398 102.335 102.425 102.378 102.338 102.323 102.93 104.275 103.428 104.858 105.865 102.708 103.745 108.725 109.598 110.43 111.96 112.315 111.07 109.825 103.338 102.145 101.92 102.17 101.908 102.168 102.188 102.17 102.855 104.76 104.173 103.25 102.485 102.123 102.138 102.145 102.153 102.175 102.213 102.238 102.265 102.313 102.333 102.525 102.885
105.575 104.628 104.675 104.278 103.978 104.113 106.363 107.483 109.513 111.225 112.668 112.905 112.253 109.94 103.86 104.118 106.718 103.605 103.72 105.085 104.743 102.46 102.35 102.423 102.433 102.403 102.28 102.408 103.258 104.615 105.05 105 103.06 102.793 105.848 110.233 110.68 111.368 112.353 111.398 110.068 107.295 101.988 101.9 101.875 101.863 101.868 101.898 101.973 102.313 102.713 102.393 102.763 103.885 103.375 103.488 102.685 102.205 102.228 102.213 102.24 102.28 102.288 102.32 102.373 102.603 103.425
107.688 106.495 106.87 105.198 103.925 105.355 106.88 108.215 111.4 112.085 113.035 112.358 110.913 107.935 104.863 103.425 103.303 103.11 104.115 106.36 102.99 102.388 102.393 102.513 102.503 102.395 102.328 102.435 102.463 102.458 104.185 104.733 104.583 103.17 103.498 107.173 109.575 110.56 111.438 110.5 107.013 103.263 102.125 101.953 101.878 101.88 101.918 101.915 101.935 101.925 102.148 102.648 102.445 103.56 105.693 107.738 105.873 102.845 103.233 102.31 102.318 102.338 102.325 102.36 102.493 102.9 103.038
106.008 107.233 106.16 105.258 105.173 106.58 106.333 108.04 110.293 111.615 111.988 112.323 108.753 106.25 104.835 103.36 103.273 103.423 104.198 104.553 102.495 102.393 102.465 102.543 102.46 102.375 102.425 103.068 102.44 102.425 103.005 102.668 103.995 103.768 103.455 102.253 104.315 107.775 110.125 109.563 104.25 102.04 102.343 101.875 101.893 101.92 101.935 101.965 101.958 101.983 102.013 102.063 102.38 102.758 104.213 106.41 106.268 104.053 107.465 106.053 102.388 102.418 102.403 102.515 102.915 102.983 103.178
105.475 107.143 107.658 106.985 106.353 105.383 105.883 106.893 107.745 111.428 110.563 110.295 106.725 103.853 103.553 103.313 103.225 103.705 104.47 102.628 102.455 102.47 102.53 102.55 102.465 102.45 103.135 104.508 102.433 102.395 102.59 103.215 105.803 105.71 103.865 102.573 102.643 103.02 106.198 108.128 102.038 101.878 101.88 101.875 101.93 101.928 101.943 101.97 101.965 102.01 102.06 102.023 102.055 102.195 102.915 104.165 103.155 103.543 106.35 104.665 103.418 102.628 102.733 103.273 103.113 103.235 103.32
104.475 104.72 106.198 110.29 108.608 106.805 105.865 104.79 106.345 107.068 107.52 106.78 103.923 104.595 103.535 103.298 103.188 103.455 103.39 102.553 102.49 102.548 102.585 102.51 102.438 102.558 103.643 103.033 102.46 102.42 102.338 102.5 107.513 109.238 107.785 105.988 104.268 103.428 102.868 103.84 102.258 101.903 101.995 101.918 101.953 101.975 101.965 101.985 101.988 102.013 102.04 102.065 102.06 102.083 102.09 102.42 103.428 103.07 103.268 103.438 103.283 105.343 106.818 106.465 104.793 103.358 103.435
104.268 104.215 109.303 111.68 111.36 109.993 108.56 106.005 105.423 104.953 105.158 103.948 104.56 103.87 103.405 103.213 103.293 103.835 102.745 102.478 102.533 102.588 102.605 102.54 102.545 103.035 103.753 102.59 102.473 102.43 102.38 103.7 108.768 108.815 108.675 107.835 102.663 102.315 104.095 106.845 105.518 103.993 102.318 101.95 101.955 101.98 101.98 102.005 101.993 102.028 102.045 102.048 102.053 102.09 102.118 102.243 102.83 102.9 102.993 103.185 103.153 103.85 107.575 107.9 106.91 104.255 103.458
104.233 104.213 108.538 110.26 111.503 111.93 111.233 110.235 108.373 105.643 104.255 104.373 103.798 103.745 103.248 103.148 103.543 103.313 102.618 102.52 102.583 102.65 102.615 102.55 102.603 104.538 103.045 102.955 102.49 102.425 102.69 107.423 109.14 108.205 107.705 105.793 103.358 102.303 102.338 103.573 106.598 106.855 105.085 102.973 101.998 102.635 102.463 102.008 102.018 102.043 102.063 102.088 102.105 102.135 102.143 102.4 102.813 102.718 102.725 102.933 105.09 105.795 106.458 105.83 107.618 110.26 106.005
104.365 104.233 106.833 107.798 109.123 110.96 112.31 112.283 110.825 110.093 105.728 104.81 104.575 103.738 103.265 102.993 102.92 102.685 102.545 102.593 102.65 102.625 102.573 102.598 103.41 103.963 103 103.388 102.495 102.433 104.505 109.283 109.433 108.39 107.613 104.795 104.655 102.853 102.333 102.36 102.725 105.17 106.728 106.688 104.778 103.37 102.543 102.03 102.04 102.065 102.065 102.088 102.135 102.218 102.28 102.825 102.783 102.693 102.728 102.878 104.433 110.268 108.935 105.7 108.343 111.298 107.508
104.2 105.02 107.148 107.305 109.605 111.27 113.148 113.688 112.948 112.268 109.075 104.908 104.783 104.005 103.825 103.588 102.883 102.61 102.568 102.643 102.645 102.578 102.618 102.69 104.128 103.043 103 102.898 102.985 102.565 107.255 109.508 110.183 109.665 108.94 106.193 105.99 105.265 103.048 102.365 102.38 102.48 103.805 105.76 106.12 103.068 103.35 102.215 102.06 102.078 102.09 102.113 102.155 102.18 102.7 102.82 102.695 102.728 102.843 102.83 103.365 108.125 111.36 108.948 106.903 107.155 105.658
104.623 106.745 107.2 108.395 110.735 112.85 113.898 112.798 112.325 113.11 106.23 106.175 105.858 103.255 103.62 104.593 102.935 102.578 102.658 102.69 102.67 102.585 102.68 103.333 103.72 102.673 102.593 103.328 102.918 102.805 106.453 109.078 109.968 109.553 110.13 109.155 108.378 108.27 107.695 104.255 102.57 102.495 102.383 102.875 105.005 106.23 104.963 106.36 102.653 102.238 102.113 102.148 102.173 102.42 102.85 102.77 102.678 102.793 103.905 102.978 104.128 110.323 108.498 109.095 107.475 106.755 105.918
105.285 107.518 107.32 109.595 111.218 112.128 113.038 112.403 110.705 109.905 105.223 104.303 103.955 103.778 103.03 102.815 102.658 102.633 102.708 102.75 102.678 102.625 102.84 103.843 102.838 102.658 102.59 103.055 102.468 103.17 107.283 109.803 109.815 109.013 110.073 109.53 109.288 108.625 108.348 107.18 104.343 102.723 102.568 103.353 105.635 106.903 107.99 104.643 103.603 103.455 102.625 102.238 102.255 103.958 102.973 102.913 102.805 102.813 104.963 104.678 106.265 107.86 107.285 108.205 107.345 105.833 106.278
