LIDAR-DSM-2M-TQ28ne/tq2785_DSM_2M.asc
ncols 500
nrows 500
xllcorner    527000
yllcorner    185000
cellsize     2
NODATA_value -9999
[rows 64 to 95 of 500, columns 219 to 291 of 500]
80.652 80.14 79.647 80.93 83.14 89.405 89.19 86.56 86.572 89.447 87.405 81.792 79.927 81.25 80.567 80.052 80.167 79.562 79.55 79.502 79.64 80.995 80.732 82.422 88.902 90.42 91.305 90.272 90.792 90.615 87.355 78.757 78.632 79.115 78.055 78.055 78.612 77.94 79.77 79.837 80.837 80.13 77.877 77.55 77.945 78.892 79.052 78.552 75.585 73.015 73.032 73.12 74.73 73.665 74.505 72.867 75.767 75.912 74.6 74.907 74.25 73.802 72.755 71.247 73.865 73.707 69.84 68.892 68.79 68.657 68.57 74.95 80.4
81.127 81.8 79.85 80.47 87.682 90.322 91.05 90.037 87.877 83.36 80.675 80.552 79.99 79.947 79.625 79.745 79.572 79.477 79.432 79.462 80.105 79.992 81.545 90.18 90.42 91.585 91.025 90.345 91.202 87.375 83.635 80.905 77.592 77.785 77.882 78.187 77.417 80.22 79.467 81.532 81.497 78.82 77.9 77.907 78.267 79.242 78.85 78.34 74.41 73.267 73.362 73.152 76.212 75.61 74.827 74.005 73.487 73.702 75.58 73.52 72.675 71.61 71.045 71.565 71.487 71.88 69.807 69.18 68.93 68.832 69.65 72.585 78.46
79.555 80.25 81.645 83.877 89.7 90.875 91.082 91.08 90.117 81.432 79.927 80.517 80.127 79.28 79.217 79.31 79.36 79.337 79.297 79.425 80.035 79.875 82.555 89.175 90.89 92.377 91.847 91.852 90.58 86.022 83.477 81.192 77.305 77.31 77.025 76.925 77.095 83.42 84.785 79.607 80.25 79.527 77.682 78.022 78.61 79.147 78.665 74.765 73.725 73.127 74.285 74.037 74.957 76.165 75.112 74.487 72.587 74.045 73.43 72.225 72.242 71.68 70.282 70.225 70.085 69.96 69.85 69.73 69.92 71.262 70.75 69.455 74.622
81.812 81.812 80.77 88.57 91.337 91.11 91.107 90.69 88.787 83.287 80.04 80.195 79.642 79.097 79.155 79.215 79.317 79.442 79.282 79.875 80.02 80.487 82.38 89.66 91.605 92.795 92.537 91.407 88.67 83.652 83.352 78.56 77.277 76.93 76.637 76.455 76.242 81.58 83.32 83.055 81.257 78.135 77.62 76.407 78.905 78.955 78.297 72.885 72.942 72.947 74.252 75.95 75.815 76.645 74.96 73.205 73.922 74.79 75.112 71.532 72.232 72.095 70.455 70.22 70.125 70.19 70.872 70.45 69.547 70.932 68.68 68.537 71.015
81.622 82.542 86.32 89.812 90.417 90.355 91.142 90.162 88.272 81.34 79.457 79.605 79.037 78.962 79.115 79.162 79.752 79.587 79.345 79.41 79.485 79.84 83.062 90.507 92.527 92.8 91.1 89.6 83.787 82.257 80.572 78.405 77.382 76.64 76.477 76.267 76.017 81.122 82.39 79.345 80.345 77.17 77.71 77.955 79.222 78.75 76.922 72.805 72.842 72.875 74.025 75.507 76.617 75.072 73.247 73.597 75.245 75.962 76.187 74.075 71.037 72.612 72.047 70.205 71.81 70.942 70.68 69.272 69.107 68.92 68.622 68.56 69.325
79.872 83.402 88.782 90.555 89.677 90.115 90.347 89.615 85.585 80.022 79.465 79.345 78.945 78.967 79.03 79.24 79.747 79.297 80.542 79.602 79.702 79.777 87.797 88.982 89.96 92.35 90.777 87.137 82.575 79.87 77.867 77.587 77.747 76.957 76.35 76.06 75.81 76.235 76.982 78.257 77.462 77.39 76.722 77.757 79.09 78.58 76.795 73.562 72.95 72.91 73.035 73.325 73.71 73.052 74.557 75.565 76.202 76.167 75.855 74.662 71.657 71.752 72.55 73.927 75.44 70.675 72.79 69.287 69.155 69.415 70.12 69.887 70.05
79.77 84.815 89.622 90.055 89.7 90.497 90.432 89.68 81.83 79.78 79.08 78.84 78.837 78.917 78.95 80.092 79.95 80.305 79.607 79.172 85.745 86.8 90.912 92.455 90.215 89.665 87.695 80.62 80.835 78.962 77.565 77.12 76.525 76.845 76.665 76.142 75.685 75.415 76.657 75.06 75.555 75.715 75.58 75.412 76.565 77.782 75.717 73.735 72.937 72.992 73.71 73.315 73.29 74.582 75.61 76.182 76.092 75.767 73.977 71.647 70.847 73.332 76.32 76.722 75.215 74.075 73.08 69.222 68.972 69.127 71.152 69.325 68.127
78.912 84.965 89.855 89.52 90.357 89.892 88.462 85.267 79.422 80.327 79.04 78.68 78.77 78.837 78.995 79.275 78.982 79.987 78.44 84.017 90.977 90.257 91.955 92.84 92.692 89.785 82.562 79.987 78.575 77.34 77.107 76.665 76.285 76.145 76.552 76.307 76.11 77.225 75.222 75.082 75.647 74.737 74.775 75.322 74.697 75.435 75.357 73.342 73.017 73.907 73.257 73.055 75.297 75.915 76.27 76.037 75.707 74.242 70.792 69.88 72.17 74.705 77.677 76.485 77.45 75.917 72.687 69.135 69.007 68.777 68.612 68.045 67.815
84.672 91.77 89.297 87.222 89.592 87.875 82.92 78.977 79.165 79.217 78.897 78.885 78.7 78.807 79.497 78.815 78.92 77.79 79.107 89.237 90.355 91.595 92.795 92.825 91.597 89.95 82.735 79.322 78.397 77.497 76.897 76.445 76.355 76.162 75.975 77.617 77.92 81.132 75.537 75.797 75.062 74.675 75.312 74.905 74.275 74.447 73.785 72.987 73.907 72.762 72.867 74.84 75.985 76.287 75.96 75.65 74.38 70.385 69.972 70.01 70.572 73.232 77.505 76.112 74.617 76.8 76.49 69.355 69.607 68.357 67.972 67.82 67.725
89.135 92.242 91.675 91.76 88.195 81.175 85.672 79.042 79.262 78.57 79.377 78.685 78.627 78.775 79.092 78.707 78.475 78.307 86.605 90.482 91.65 92.59 92.925 92.667 90.735 86.552 80.12 79.462 80.055 79.535 77.905 77.345 76.092 76.057 77.127 75.685 76.342 77.602 76.407 75.887 75.105 75.017 75.82 74.157 74.275 73.567 73.492 73.992 72.885 74.302 74.63 76.112 76.195 75.892 75.077 73.69 73.047 70.335 70.117 70.232 71.59 74.035 75.71 75.817 77.572 77.877 74.895 72.565 68.972 67.987 67.925 67.84 67.772
91.705 91.915 91.5 92.085 91.687 85.78 80.795 79.565 78.912 78.515 78.75 78.487 79.047 79.565 78.602 79.16 78.817 82.082 89.745 91.045 91.522 91.182 92.59 91.962 89.8 81.055 79.447 77.922 79.3 77.145 77.032 78.907 77.307 75.897 75.515 75.315 75.575 75.632 75.397 75.042 75.447 75.377 74.955 74.16 73.545 73.527 73.292 73.135 73.855 75.687 76.265 76.135 75.792 73.377 71.857 70.49 70.477 71.562 71.64 70.285 70.967 72.897 76.665 76.935 74.707 75.58 74.822 71.7 68.08 68.012 68.442 68.942 68.922
92.377 91.66 91.787 92.017 91.06 80.847 78.727 78.85 78.44 78.64 78.367 78.382 79.27 78.772 79.107 78.902 78.32 80.74 88.26 90.73 91.007 90.187 91.217 91.212 83.062 77.235 77.467 77.65 76.527 75.927 76.315 76.162 78.562 78.682 77.065 76.517 75.49 75.632 75.47 75.067 75.812 74.922 74.147 73.522 73.46 73.075 73.25 74.555 75.71 76.31 76.06 75.725 74.23 70.695 69.905 70.34 70.64 70.842 71.722 70.332 70.222 74.847 72.092 74.58 74.282 75.757 73.332 73.062 68.15 68.507 68.917 68.82 67.192
92.14 91.96 92.357 91.402 82.595 79.255 79.345 78.617 78.777 78.602 78.332 78.8 78.502 78.507 79.02 78.755 78.352 80.867 90.182 91.392 90.287 90.76 90.872 84.81 78.155 78.365 79.437 79.392 77.312 76.16 76.735 76.972 77.745 79.237 77.395 76.227 77.15 75.795 76.325 75.042 76.145 74.045 73.442 73.52 73.37 73.592 75.26 75.887 76.312 75.977 75.65 74.372 72.875 72.875 69.97 70.125 70.255 70.39 71.82 70.82 70.567 70.192 70.035 71.282 71.755 73.215 71.222 68.952 68.67 69.02 68.517 67.382 67.007
91.532 91.997 92.41 88.647 78.715 78.84 79.317 78.257 78.44 78.225 78.335 78.862 78.46 78.787 78.427 78.705 79.102 79.762 88.485 90.22 90.407 91.37 89.417 81.52 78.11 77.412 78.32 79.44 79.167 77.71 78.335 79.357 78.127 77.307 76.535 77.332 80.34 77.772 74.957 75.115 75.032 73.53 73.482 73.537 73.57 74.612 76.085 76.282 75.927 75.582 71.887 72.252 74.335 74.065 71.097 70.302 70.252 70.272 70.83 71.742 71.155 70.407 70.122 72.425 72.107 70.627 68.997 70.177 69.252 67.425 67.275 67.547 67.42
91.602 92.21 90.715 80.455 79.042 78.89 78.047 78.625 78.2 78.137 79.015 79.817 78.485 78.85 78.507 81.975 83.977 88.382 87.435 87.785 90.872 90.497 83.08 77.175 78.857 77.282 77.747 77.347 79.08 77.917 78.65 79.157 77.34 75.107 74.667 77.195 79.495 77.66 76.185 80.882 76.602 74.852 73.497 73.68 74.442 74.422 75.462 75.882 75.107 72.502 72.217 72.205 73.08 75.075 74.302 70.512 70.262 70.217 70.197 70.597 71.302 70.28 71.817 72.07 72.68 71.165 69.587 69.037 69.285 67.93 67.225 67.212 66.797
91.94 91.977 84.735 77.882 78.46 78.087 78.19 78.185 78.045 78.182 78.112 78.492 78.812 78.45 82.697 87.922 87.372 89.865 91.49 90.88 86.22 84.702 78.26 77.172 77.17 77.255 76.935 76.19 75.775 76.89 78.967 80.262 77.172 76.042 75.257 76.782 78.46 78.01 80.625 80.02 77.07 74.57 73.54 74.415 74.657 74.025 73.655 75.155 73.135 70.332 72.51 72.222 70.815 73.382 73.537 70.932 70.267 70.197 70.26 70.3 70.517 75.867 79.807 76.967 72.7 72.092 69.667 69.105 70.522 69.145 67.31 67.507 67.667
91.442 88.012 77.917 77.79 78.487 78.875 78.837 77.92 77.992 78.91 78.087 78.777 78.57 79.74 87.047 89.342 89.315 91.057 91.587 91.5 89.207 79.75 77.867 77.682 77.3 77.82 76.565 75.852 75.93 75.927 77.805 79.715 77.137 77.202 77.717 81.845 82.262 82.165 78.727 79.9 78.117 77.065 73.577 74.27 74.26 74.06 73.247 72.56 71.342 70.21 72.217 71.22 70.392 70.465 72.127 71.555 70.517 70.16 70.077 70.007 70.587 76.22 77.51 74.92 71.567 70.59 71.177 70.92 70.135 67.94 68.175 67.297 66.992
82.015 80.57 77.727 78.127 78.132 78.407 77.895 77.807 77.917 78.08 78.372 78.527 78.302 82.615 87.4 89.305 90.212 91.532 91.59 90.715 87.145 80.112 76.855 76.872 77.49 77.242 76.067 75.87 75.912 75.775 75.76 75.827 76.567 76.57 77.22 76.015 83.287 82.657 78.547 79.345 79.512 76.447 74.512 74.657 73.965 73.802 73.255 71.767 70.15 70.17 70.712 70.615 70.4 70.37 70.435 71.555 70.645 70.087 70.015 69.95 70.045 70.672 72.13 72.032 70.905 70.082 71.6 73.16 70.707 68.01 67.185 67.002 66.695
84.545 77.81 78.167 77.9 78.04 78.48 77.752 77.717 77.705 77.875 78.142 78.115 80.477 89.142 89.025 89.485 90.132 91.63 91.605 89.447 82.762 82.01 76.82 76.065 76.155 76.93 77.145 76.075 76.865 75.302 74.555 74.602 74.362 74.267 76.037 76.535 78.047 83.702 77.905 76.402 75.962 73.625 73.537 74.757 73.595 73.887 73.28 71.76 70.137 70.135 70.57 71.132 71.6 71.667 71.562 71.107 70.652 70.132 70.222 71.252 71.662 70.445 71.422 71.487 70.56 70.54 70.555 69.555 68.397 67.015 66.882 66.927 66.892
78.137 77.615 77.87 77.467 77.615 77.775 77.69 78.247 77.72 78.082 78.257 78.072 80.207 87.325 88.882 89.37 88.727 90.147 90.425 85.015 82.267 81.185 76.072 76.08 75.935 75.92 77.675 77.082 76.695 75.585 74.397 74.375 74.317 74.267 74.145 76.4 76.86 78.915 78.147 76.425 74.612 74.392 74.447 76.982 72.777 73.442 71.905 72.93 72.142 71.005 71.345 73.23 73.352 72.962 73.295 70.807 70.625 71.017 71.97 71.09 71.935 71.262 70.65 70.897 69.64 69.815 68.575 67.81 67.445 67.202 67.292 67.742 68.062
77.702 77.87 77.692 78.035 77.732 77.557 77.675 78.232 77.835 77.962 77.86 78.047 80.74 88.36 89.44 88.76 88.757 89.337 86.73 81.482 81.232 76.14 75.992 75.9 75.827 75.725 75.602 75.515 76.355 75.627 75.515 79.2 74.287 74.19 74.152 76.542 77.7 79.047 75.772 74.57 72.667 72.222 75.247 77 73.387 72.422 70.26 73.21 71.11 69.622 69.51 69.667 71.305 69.812 70.985 71.422 70.587 69.732 69.732 68.66 69.855 69.317 72.967 71.86 68.062 67.572 67.997 66.982 66.607 66.557 66.915 67.46 67.227
77.747 77.487 77.282 77.572 77.437 77.437 77.427 77.53 77.91 78.052 77.707 79.897 83.057 88.172 89.227 88.56 89.362 88.222 83.2 78.81 79.127 77.02 76.107 75.827 75.83 75.652 75.65 75.352 75.19 75.762 78.375 80.275 74.26 75.065 75.067 75.857 74.965 75.462 73.87 72.142 70.49 70.585 71.955 71.402 70.627 70.16 70.055 70.977 71.222 68.972 68.877 68.992 71.112 70.37 69.06 69.69 69.365 68.777 67.742 67.787 68.242 69.2 69.182 72.34 68.317 67.947 67.875 66.642 66.425 66.37 67.115 67.847 66.11
78.042 77.322 77.232 77.327 77.355 77.327 77.4 78.407 78.047 77.427 82.9 87.547 87.562 87.842 87.832 89.165 89.17 85.537 81.685 81.395 77.695 76.77 76.552 76.407 75.865 75.572 75.465 75.947 75.075 75.07 74.607 74.132 76.47 78.91 76.542 76.455 76.085 72.465 73.645 71.522 70.465 70.472 70.6 70.777 70.095 70.015 69.942 70.277 70.312 68.887 68.77 68.672 69.312 68.662 68.195 68.305 68.372 68.317 67.482 68.057 67.552 68.337 69.005 68.935 67.322 68.192 67.035 66.412 66.287 66.247 66.422 67.23 66.152
78.512 78.407 77.175 77.247 77.325 77.475 77.47 78.957 77.665 81.927 87.262 88.915 90.712 90.602 87.137 87.87 84.007 78.515 80.332 78.925 76.437 76.45 75.812 75.877 80.722 81.867 76.337 75.182 77.037 74.992 74.1 74.695 75.395 79.275 76.93 75.485 75.247 72.262 73.165 71.007 70.372 70.36 70.415 70.45 70.015 69.942 69.892 70.635 70.702 68.857 68.667 68.625 68.72 68.252 68.487 68.147 68.137 68.582 67.41 67.4 67.682 68.165 67.482 67.477 67.14 68.522 67.737 66.85 66.187 66.245 69.135 67.247 66.035
77.285 77.53 77.127 77.167 79.935 77.457 78.275 78.362 78.342 85.27 88.405 89.945 90.957 91.137 90.177 84.165 76.672 77.057 76.49 77.345 76.177 75.752 75.63 76.335 82.582 81.35 80.187 75.572 76.367 74.297 74.615 75.712 72.795 72.377 72.552 73.982 74.157 71.975 72.742 71.497 70.14 70.112 70.54 70.95 69.92 69.88 69.777 70.167 69.227 68.657 68.592 68.692 68.727 68.34 68.31 68.025 68.24 68.535 67.522 67.287 67.667 67.83 67.345 66.987 66.972 66.83 67.375 66.42 66.165 66.182 67.53 66.97 66.092
77.595 77.432 77.057 77.04 78.335 77.86 78.302 76.817 83.02 88.307 89.672 90.897 90.997 90.6 86.262 76.202 75.832 76.632 77.68 76.315 75.905 75.652 75.585 76.095 78.817 80.212 79.422 76.682 74.855 73.392 74.215 75.415 73.607 71.57 71.96 73.39 72.745 71.77 72.377 70.91 71.012 70.422 70.057 70.907 69.837 70.115 70.055 69.775 69.28 68.595 68.517 68.462 69.16 68.397 68.187 68.04 68.307 67.815 67.307 67.18 67.187 67.54 67.987 66.925 66.92 67.712 67.517 66.255 66.155 66.152 67.24 66.6 65.98
76.92 76.912 76.96 77.45 77.057 77.515 77.24 81.787 87.935 88.105 88.947 90.68 91.175 88.527 80.41 75.802 75.802 75.917 77.292 77.932 77.52 76.122 75.705 75.155 75.117 75.25 74.87 74.375 73.577 73.27 73.862 75.45 73.947 71.407 71.39 71.945 72.342 71.537 72.83 72.325 72.41 72.072 69.847 70.39 69.78 69.81 69.735 69.932 69.952 68.512 68.455 68.385 69.282 68.325 68.222 67.977 68.19 68.075 67.205 67.092 67.37 67.86 67.03 67.03 68.07 67.822 67.387 66.195 66.255 66.135 67.057 67.295 66.015
76.827 76.84 77.415 77.22 77.41 77.217 78.34 84.297 88.09 88.185 88.355 88.312 89.532 84.11 77.505 76.11 76.262 76.08 75.542 76.872 79.825 78.467 76.367 75.437 75.45 77.012 75.317 73.395 73.202 73.177 74.277 73.247 72.812 72.917 72.752 73.007 72.402 71.332 73.002 72.56 72.432 72.397 70.36 69.882 69.957 69.94 70.08 70.152 69.26 68.485 68.415 68.705 69.142 68.242 68.892 68.172 67.98 67.407 67.065 67.017 67.1 67.682 69.14 68.912 69.75 67.562 66.485 66.022 66.042 66.067 67.997 66 66.547
76.685 76.76 76.892 76.877 77.077 76.72 79.465 87.792 88.095 88.505 88.187 88.122 88.16 77.93 76.98 76.872 75.97 75.687 75.6 78.305 81.342 80.55 79.452 75.995 78.395 77.4 74.272 72.917 72.865 73.397 75.057 72.322 74.157 74.442 74.28 74.147 71.955 71.192 72.15 72.52 72.48 72.232 69.775 69.755 71.18 72.155 70.185 70.285 69.14 70.565 69.285 68.532 69.047 69.295 71.54 71.987 69.04 67.555 68.587 69.715 68.08 67.37 68.637 68.325 69.86 68.572 66.36 67.512 67.145 66.217 66.345 65.85 66.645
76.597 77.445 77.047 76.915 76.752 78.187 83.617 85.492 87.592 87.502 88.325 88.1 84.637 76.53 76.035 77.307 78.07 75.947 75.722 77.46 79.447 80.737 78.612 76.182 82.095 77.547 72.94 72.172 72.097 72.065 72.55 71.645 74.407 74.485 74.272 74.272 72.965 71.007 71.942 72.242 72.402 71.505 71.68 71 70.56 72.36 69.907 69.887 70.007 71.505 69.335 68.52 69.397 69.887 72.157 72.095 69.14 67.217 68.22 70.067 68.09 67.775 68.522 69.032 69.825 69.547 67.517 68.362 68.105 66.045 65.912 66.047 67.382
76.535 77.015 77.19 78.15 76.24 82.017 88.907 89.395 86.495 86.157 88.07 87.345 78.437 76.012 75.72 75.622 76.132 75.812 76.317 75.267 75.79 76.785 77.145 75.677 74.39 72.737 78.73 80.38 79.86 80.207 79.255 71.54 78.502 78.567 77.77 74.74 73.292 70.827 72.22 75.152 75.32 75.925 74.967 74.347 73.742 76.17 75.797 70.402 69.56 73.005 72.027 71.257 72.115 72.647 75.085 74.955 71.985 67.752 71.422 71.227 70.605 70.797 71.232 71.04 71.34 71.627 67.65 69.375 69.547 69.202 70.017 70.235 69.835
77.125 76.712 78.117 77.23 79.437 89.877 89.887 90.1 88.567 86.927 86.65 78.75 76.852 75.752 75.582 75.495 75.355 75.212 75.207 75.577 76.39 79.875 79.705 74.757 73.24 75.81 81.857 82.675 81.605 83.49 82.847 72.75 83.717 83.617 84.102 83.817 77.895 70.7 71.165 78.325 80.392 81.137 81.017 79.402 80.992 80.522 80.387 73.702 71.792 78.952 78.975 78.31 79.172 79.665 79.902 79.17 74.107 71.96 77.345 76.907 77.39 77.815 77.557 77.487 76.98 77.502 67.01 75.002 76.712 76.757 76.617 77.322 76.605
