LIDAR-DSM-2M-TQ28ne/tq2788_DSM_2M.asc
ncols 500
nrows 500
xllcorner    527000
yllcorner    188000
cellsize     2
NODATA_value -9999
[rows 32 to 63 of 500, columns 72 to 143 of 500]
73.548 73.575 73.578 73.528 74.24 76.343 77.33 76.13 76.295 74.47 74.78 75.76 77.09 77.138 76.8 77.273 77.463 77.453 77.653 77.873 77.415 77.145 75.073 74.425 74.82 74.195 74.155 74.15 74.09 76.695 74.023 73.968 73.94 76.095 79.868 79.823 80.833 79.55 78.785 79.355 82.21 76.24 74.495 77.995 77.895 78.99 78.26 76.41 74.98 73.853 73.79 73.673 73.863 74.01 73.975 74.048 74.25 74.265 74.305 74.37 74.508 74.485 74.51 74.673 74.703 74.743 74.755 74.87 74.978 75.15 75.56 75.648
73.418 73.493 73.568 73.513 73.495 73.983 75.885 76.618 75.595 73.73 73.97 75.298 78.008 77.268 75.513 77.655 77.613 77.34 77.363 77.605 77.33 76.7 76.723 75.225 74.238 74.163 74.143 74.118 78.955 78.685 77.173 75.793 73.968 76.48 82.47 80.745 77.423 79.898 78.865 78.495 80.83 79.323 80.248 76.948 76.838 77.968 75.33 75.203 73.783 73.72 73.653 73.705 73.808 74.068 73.878 74.058 74.238 74.318 74.333 74.388 74.473 74.47 74.615 74.605 74.693 74.773 74.798 74.88 75.068 76.375 76.715 75.87
73.405 73.383 73.465 73.44 73.48 73.485 73.778 76.253 76.775 73.765 73.98 74.808 77.565 78.448 78.01 77.418 77.943 77.953 77.335 77.28 77.26 77.673 76.788 78.325 76.513 74.233 74.13 78.128 78.81 77.338 78.248 78.693 76.305 76.365 80.28 79.68 79.455 79.743 78.993 78.32 81.285 78.7 78.35 78.795 77.715 75.375 76.408 76.908 74.71 73.998 73.655 73.645 73.73 74.225 74.205 74.063 74.18 74.308 74.368 74.428 74.56 74.738 74.59 74.68 74.723 74.785 74.97 75.2 75.235 75.92 77.588 76.813
74.005 73.34 73.363 73.423 73.443 73.435 73.39 73.443 74.2 73.485 73.818 73.683 75.32 77.903 78.73 78.868 77.448 77.318 77.248 77.31 76.348 75.255 80.445 82.665 82.045 75.178 75.838 77.183 80.908 77.015 78.998 78.893 77.248 76.535 78.493 76.948 82.248 79.808 79.208 78.455 79.12 76.935 76.57 76.6 75.64 74.725 73.768 75.25 75.048 76.058 73.723 73.675 73.648 73.835 73.983 74.028 74.145 74.323 74.408 74.413 74.515 74.58 74.62 74.72 74.88 74.99 75.2 75.26 75.425 75.375 75.598 76.705
73.725 73.525 73.308 73.308 73.37 73.44 73.393 73.33 73.353 74.725 76.443 74.635 73.768 74.275 78.185 77.523 77.73 77.173 77.268 76.54 73.188 73.378 75.795 80.85 85.145 78.883 79.145 78.963 77.75 77.133 76.058 77.473 78.158 75.505 75.308 79.34 79.21 79.273 76.833 77.625 79.575 75.988 75.988 77.01 75.728 74.218 74.19 75.825 75.983 75.313 74.983 73.685 73.765 73.873 73.93 74.058 74.228 74.243 74.35 74.44 74.52 74.58 74.658 74.84 75.01 75.04 75.185 75.275 75.385 75.608 76.735 77.668
73.245 73.45 73.663 73.275 73.245 73.353 73.39 73.363 73.26 73.565 75.85 74.103 73.46 74.87 77.29 75.938 77.063 76.61 76.145 73.638 73.258 73.025 73.5 78.753 79.875 81.055 80.575 81.723 77.538 78.703 81.238 77.818 76.613 76.563 75.623 78.923 79.563 77.633 80.048 80.68 76.815 76.37 74.255 73.583 73.435 73.805 73.878 75.56 74.518 75.358 74.385 73.865 73.835 73.888 73.978 74.178 74.138 74.205 74.405 74.483 74.483 74.608 74.803 74.908 75.078 75.185 75.133 75.238 75.365 75.473 75.743 76.103
73.078 73.203 73.375 73.34 73.223 73.225 73.305 73.318 73.305 73.248 73.278 73.345 73.513 74.025 74.555 72.825 76.43 76.113 73.295 73.278 73.25 73.253 73.075 74.593 77.488 78.585 79.213 79.273 80.405 78.35 78.833 76.693 77.985 76.053 74.788 77.02 80.58 82.205 78.693 80.623 76.895 73.373 73.398 73.368 73.38 73.435 73.98 73.885 73.608 73.705 74.765 77.21 75.5 74.923 74.02 74.095 74.153 74.578 74.453 74.435 74.608 74.793 74.793 74.915 74.955 75.025 75.11 75.193 75.36 75.625 75.865 76.048
73.035 72.978 73.18 73.71 73.49 73.16 73.205 73.288 73.303 73.25 73.205 73.203 73.278 73.485 74.305 74.015 73.018 73.19 73.248 73.275 73.23 73.24 73.303 73.105 73.67 73.475 75.313 76.835 75.493 74.843 77.07 75.255 75.713 76.395 74.233 80.503 82.715 79.61 74.05 74.678 73.318 73.328 73.37 73.365 74.765 74.273 73.585 73.515 73.633 73.995 75.178 79.133 77.648 76.9 74.12 74.11 74.203 74.355 74.385 74.728 74.653 74.753 74.8 74.91 74.935 75.005 75.128 75.263 75.408 75.645 75.755 75.903
72.788 72.828 72.988 73.083 73.23 73.203 73.143 73.145 73.248 73.24 73.223 73.145 73.178 75.39 78.763 75.498 74.14 73.033 73.135 73.845 73.6 73.263 73.27 73.258 73.373 73.528 73.77 73.858 74.47 76.053 76.82 76.96 76.173 75.978 76.503 81.233 78.23 74.788 73.26 73.295 73.3 73.31 73.328 75.183 77.218 74.84 74.6 74.79 74.17 74.328 73.883 76.155 77.898 78.4 76.865 75.143 74.753 74.365 74.523 74.665 74.658 74.875 74.965 74.888 74.928 74.975 75.198 75.358 75.45 75.578 75.825 75.918
72.588 72.603 72.708 72.84 72.988 73.408 73.32 73.12 73.125 73.225 73.21 73.168 73.118 73.168 76.403 76.645 74.978 74.313 73.17 73.133 73.508 73.25 73.31 73.288 73.99 73.985 73.878 73.805 74.218 74.328 79.4 78.955 77.593 77.91 81.44 80.558 74.093 73.44 73.228 73.25 73.273 73.285 73.333 75.538 74.4 74.055 73.565 74.245 74.808 73.625 74.165 74.003 77.12 74.785 76.5 75.768 74.768 75.445 74.993 74.458 74.743 75.15 74.923 74.915 74.99 75.063 75.175 75.32 75.435 75.613 75.755 75.883
72.458 73.58 72.448 72.573 73.22 73.03 73.363 73.57 73.128 73.11 73.153 73.168 73.13 73.078 76.583 78.12 76.913 74.843 73.91 73.163 73.155 73.295 73.325 73.25 73.708 73.875 73.798 74.248 74.573 74.115 77.953 78.475 77.343 77.928 78.023 74.265 73.235 73.155 73.213 73.295 73.353 74.653 75.78 73.408 73.39 73.415 73.353 73.668 73.855 74.24 73.933 73.83 74.513 74.078 74.838 75.8 75.71 75.073 76.59 74.568 74.808 74.963 74.913 75.055 75.075 75.108 75.23 75.363 75.513 75.553 75.663 75.845
74.493 78.075 74.223 72.438 74.21 75.628 73.703 73.518 73.223 73.095 73.108 73.17 73.148 73.085 74.165 75.303 75.115 76.803 74.375 73.988 73.3 74.288 73.285 73.063 74.573 73.835 74.355 74.523 73.878 74.118 74.443 75.4 75.495 75.535 73.27 73.54 73.203 73.28 73.475 73.733 73.975 74.273 73.673 73.303 73.313 73.333 73.793 73.763 74.428 73.98 73.83 73.87 73.938 73.978 74.343 75.74 76.4 75.413 79.223 77.245 75.215 74.915 76.058 75.653 75.095 75.168 75.303 75.393 75.523 75.568 75.773 75.913
78.518 79.908 78.85 73.793 75.463 74.943 73.005 73.913 73.57 73.475 73.063 73.088 73.11 73.135 73.068 73.058 74.813 78.285 77.628 79.88 76.523 76.685 73.523 73.168 77.058 78.445 78.283 75.5 74.155 73.79 74.708 75.845 77.233 75.278 73.26 73.273 73.225 74.338 73.895 74.885 74.718 74.108 73.5 73.33 73.33 73.358 74.455 74.47 73.68 73.75 74.57 75.82 74.308 74.08 75.6 76.245 74.775 76.715 79.185 79.17 75.885 75.45 76.4 75.638 75.195 75.32 75.313 75.353 75.53 75.698 75.768 76.288
80.403 80.913 80.44 78.558 78.683 77.788 72.653 72.838 73.248 73.583 73.188 73.053 73.033 73.088 73.09 73.083 73.063 76.085 80.503 79.298 78.22 77.188 74.833 74.118 75.333 80.183 78.213 75.645 73.765 74.623 75.92 79.588 80.403 77.968 75.165 73.273 73.518 73.893 74.583 74.785 73.468 73.265 73.28 73.303 73.325 74.803 76.06 74.933 73.735 74.115 75.308 79.88 73.95 77.248 77.745 75.07 74.58 75.253 75.833 76.038 77.213 77.31 75.555 75.135 75.238 75.38 75.375 75.495 75.623 75.758 76.09 78
80.97 81.008 80.918 80.153 80.41 79.688 77.148 73.298 73.83 73.225 73.318 73.63 73.023 73.008 73.08 73.068 73.043 75.515 79.97 80.59 79.383 78.563 79.898 77.733 76.658 74.585 73.683 73.85 74.175 77.465 80.365 81.448 81.13 79.263 76.88 74.54 73.315 75.438 73.993 73.383 73.553 73.34 73.283 73.685 74.445 73.843 74.165 74.063 73.93 77.66 77.04 78.668 76.128 76.93 75.993 74.638 74.968 75.613 74.608 75.108 78.183 76.845 77.188 75.665 75.24 75.325 75.468 75.635 75.715 75.84 76.01 77.408
81.018 81.073 81.008 80.938 80.963 80.243 78.868 76.753 75.7 74.47 73.45 74.185 73.778 72.983 72.993 73.07 73.08 73.568 78.328 75.803 79.283 76.005 76.833 77.77 74.813 73.473 73.753 74.11 76.15 80.35 81.438 82.055 81.863 80.618 78.255 76.558 73.735 73.305 73.32 73.295 73.235 73.24 74.193 75.255 75.16 73.725 73.795 73.87 74.083 77.088 79.488 78.62 76.305 75.098 74.033 74.495 74.8 75.313 74.665 74.97 75.168 75.563 76.36 76.815 75.478 75.405 75.568 75.7 75.845 75.885 76.028 76
80.993 81.05 81.02 80.908 80.463 79.193 76.86 76.078 75.938 75.688 75.068 73.153 74.035 74.408 72.973 72.955 73.053 73.058 73.28 75.495 76.445 76.715 74.735 76.47 74.818 73.38 73.908 76.22 80.005 81.645 82.075 82.138 81.97 81.023 78.718 75.335 76.543 73.828 73.228 73.245 73.255 73.555 75.188 75.703 74.01 73.453 73.468 73.768 74.913 77.308 76.92 75.095 77.145 73.988 74.095 74.048 74.71 75.155 74.883 74.813 74.855 74.97 75.068 76.933 77.048 76.148 75.64 75.805 75.955 75.885 75.938 76.113
80.26 81.003 80.943 80.388 79.098 74.458 75.52 75.868 76.098 75.933 75.693 74.453 73.273 73.898 73.868 72.98 72.963 73.03 73.07 73.018 73.36 74.553 73.468 74.55 74.243 73.71 73.538 73.95 78.28 81.135 82.033 81.848 80.925 78.185 77.135 79.778 80.43 76.768 73.283 73.273 73.278 74.118 74.088 74.278 73.543 73.47 73.468 73.573 76.435 78.825 76.163 74.303 74.233 73.97 74.058 74.115 75.703 75.233 74.845 74.788 74.888 74.965 75.038 75.408 76.323 76.328 76.3 75.913 75.858 75.925 76.06 76.2
77.998 80.258 80.2 78.563 73.54 72.838 74.34 75.64 75.915 76.103 75.95 75.698 74.408 73.345 74.198 73.605 72.968 72.95 73.023 73.048 73.008 72.94 73.02 77.063 76.653 73.235 74.105 75.49 74.203 79.478 81.275 80.943 77.175 76.303 79.715 81.115 81.755 80.288 76.868 73.818 74.055 73.733 73.53 73.493 73.44 73.44 73.448 73.968 77.483 75.525 73.805 73.885 73.92 74.005 74.045 74.193 74.958 74.748 74.715 74.788 74.875 74.995 75.15 75.423 75.833 76.465 75.968 75.868 76.14 76.07 76.07 76.183
75.238 78.405 78.395 73.108 72.695 72.398 72.765 73.558 75.658 75.938 76.115 75.905 75.66 73.508 73.29 74.245 74.415 72.95 72.948 73.02 73.038 72.985 72.98 74.18 74.073 73.268 73.23 73.51 73.198 74.608 79.903 77.08 75.593 79.038 81.068 82.125 81.945 81.813 80.518 77.17 73.578 73.873 73.583 73.398 73.445 73.595 73.878 74.27 75.94 73.758 73.825 73.883 73.938 74.025 74.168 75.07 74.873 74.663 74.733 74.803 74.873 74.973 75.233 75.355 75.67 76.19 75.845 75.89 77.228 77.273 76.568 76.32
74.37 74.978 73.415 72.355 72.358 72.375 72.8 72.853 73.653 75.653 75.923 76.073 73.998 72.88 73.01 73.438 75.74 73.795 72.943 72.965 72.998 73.048 73.013 72.973 73.068 73.553 73.445 73.2 73.72 73.218 74.433 74.14 76.845 80.89 81.82 81.43 80.693 81.723 82.19 80.575 79.348 73.935 75.053 74.403 73.393 73.873 74.128 73.643 73.695 73.77 73.815 73.875 73.933 74.243 74.955 74.633 74.598 74.675 74.743 74.805 74.855 75.535 75.308 76.295 79.52 77.933 75.713 76.053 77.253 77.748 79.505 77.333
77.213 74.725 72.513 72.435 72.455 72.715 72.795 72.788 72.815 73.62 75.658 74.435 73.165 72.815 72.94 73.108 73.238 73.655 73.305 72.925 72.968 73.008 73.068 73.005 73.038 73.363 73.348 73.313 73.338 75.198 73.463 74.105 76.523 78.943 80.713 79.78 78.363 80.458 81.908 81.98 81.623 77.975 76.47 76.503 74.538 73.918 73.705 73.625 73.713 73.753 73.825 73.888 74.68 75.065 74.878 74.54 74.593 74.65 74.71 74.79 75.215 75.33 75.295 76.07 78.75 76.733 75.588 76.01 76.235 76.458 77.28 78.975
79.15 73.123 72.43 72.948 72.675 72.77 72.765 72.763 72.773 72.863 73.11 72.828 72.833 72.843 72.935 72.99 73.098 73.555 74.243 73.028 72.935 72.95 73.045 73.058 73.03 72.993 73.063 73.42 73.95 73.485 73.75 73.66 74.288 73.61 77.96 77.003 76.44 77.415 80.393 81.78 82.1 80.568 77.848 76.195 73.965 73.843 73.725 73.76 73.86 74.053 75.075 75.035 75.35 74.755 74.473 74.508 74.573 74.63 74.778 75.043 75.29 75.695 75.428 75.36 75.473 75.52 75.885 75.965 76.238 76.373 76.275 77.168
76.025 72.14 72.158 73.693 75.495 75.12 73.753 72.753 72.758 72.805 72.835 72.795 72.86 72.905 72.918 72.97 73.058 73.163 73.04 73.55 73.228 72.925 72.973 73.033 73.073 73.018 72.998 73.35 73.258 73.583 73.27 73.683 73.393 73.37 73.425 75.76 76.233 77.42 80.063 81.415 82.085 81.13 79.79 75.915 78.1 74.74 75.295 76.403 76.53 75.61 78.425 76.55 74.438 74.42 74.453 74.485 74.555 74.613 75.345 75.51 74.888 75.428 75.138 75.385 75.713 76.098 75.755 75.958 76.085 76.165 76.793 78.93
72.778 72.15 72.183 79.43 80.828 81.42 79.175 74.01 72.768 72.8 72.86 72.855 72.915 72.938 73.68 74.413 73.755 73.16 73.133 73.35 73.523 72.993 72.948 73 73.03 73.063 73.178 73.86 73.16 73.75 74.078 73.225 73.253 73.328 73.44 73.888 75.963 79.963 81.295 82.038 81.138 78.823 77.675 80.058 80.848 78.04 75.653 77.035 76.998 75.78 77.35 75.09 74.4 74.403 74.418 74.465 74.495 75.5 76.57 74.943 74.833 74.9 75.658 76.575 76.893 75.913 75.743 75.903 76.013 76.163 76.58 78.53
72.29 72.48 72.61 80.09 82.47 82.86 83.068 80.103 72.725 72.765 72.8 72.815 72.89 75.348 78.225 76.903 75.425 73.538 73.175 74.16 73.59 73.413 73.005 74.405 74.568 73.355 73.1 73.773 73.733 73.083 73.248 73.258 73.235 73.453 73.64 74.348 73.538 78.355 80.875 81.155 78.98 76.908 79.568 81.13 81.953 81.028 79.158 77.363 76.463 74.91 74.88 75.128 74.47 74.593 74.413 74.805 74.865 76.405 75.37 74.773 74.798 74.87 75.703 76.538 75.71 75.545 75.645 75.838 75.995 76.19 76.398 77.803
72.145 72.158 72.203 76.235 80.323 83.138 84.96 84.255 76.255 72.723 72.785 72.825 72.815 75.07 77.373 77.423 76.95 75.808 73.625 74.148 73.35 73.295 73.798 74.46 75.548 73.275 73.09 73.125 73.118 73.045 73.065 73.15 73.295 73.545 73.45 73.46 73.443 74.295 80.85 80.318 76.753 79.26 80.73 80.823 81.748 81.918 80.88 78.02 74.848 77.675 77.433 74.97 74.728 74.813 74.7 75.4 75.433 75.268 74.623 74.748 74.79 75.465 76.6 75.603 75.415 75.56 75.613 75.738 76.183 76.243 76.66 77.045
74.223 72.153 72.858 77.968 83.905 84.313 85.45 83.983 80.69 73.348 73.773 72.823 72.823 73.038 74.915 76.96 76.5 73.898 73.953 73.238 72.963 73.24 73.268 73.913 73.7 73.045 73.045 73.08 73.085 73.113 73.083 73.078 73.175 73.238 73.313 73.38 73.463 73.44 74.975 76.36 75.333 80.4 80.79 81.165 81.963 81.383 79.73 76.25 82.225 82.528 78.073 77.138 75.05 74.683 75.373 75.943 75.08 74.668 74.688 74.723 74.788 75.16 75.15 75.295 75.433 75.518 75.58 75.658 76.168 76.595 76.605 76.663
72.09 72.18 73.985 79.83 82.338 86.058 86.74 80.13 76.72 75.765 73.18 75.263 72.998 72.878 73.513 75.09 74.033 72.985 74.455 74.695 73.108 73.025 73.073 73.1 73.535 73.68 73.135 73.043 73.1 73.148 73.11 73.058 73.085 73.18 73.393 73.575 74.418 73.628 75.43 74.428 75.303 79.023 81.008 80.645 81.02 80.033 75.103 82.195 83.043 83.093 81.22 78.28 76.905 76.385 76.188 76.478 75.705 74.673 74.68 74.885 74.843 75.015 75.115 75.225 75.408 75.498 75.573 75.62 76.11 76.16 76.575 77.028
72.355 72.15 72.293 76.035 83.223 86.033 84.428 76.485 74.938 78.728 81.323 78.695 73.745 73.65 74.205 72.97 73.02 73.453 75.615 79.008 77.018 74.18 73.055 73.108 73.13 74.938 73.65 73.098 73.075 73.098 73.138 73.13 73.133 73.103 73.18 73.363 73.58 74.71 74.92 74.645 74.568 77.228 80.565 78.328 78.83 75.915 79.93 82.438 83.098 82.313 81.805 80.49 77.97 76.243 75.088 74.483 74.863 74.713 75.018 76.3 75.048 75.02 75.11 75.175 75.31 75.465 75.57 75.813 76.118 75.935 76.05 76.508
72.42 72.365 72.768 72.828 75.728 75.48 78.038 77.658 76.348 78.955 81.43 81.553 74.245 73.73 74.915 72.935 73.008 75.15 78.478 80.713 80.03 74.83 73.078 73.085 74.558 76.18 74.785 74.998 76.425 74.028 73.123 73.19 73.178 73.155 73.108 73.22 73.503 73.728 73.368 73.55 73.513 73.55 74.353 74.77 75.113 78.955 81.79 82.18 82.373 81.108 81.415 81.995 79.755 78.165 76.888 74.923 74.528 74.81 76.638 76.138 75 75.008 75.083 75.165 75.245 75.358 75.865 76 75.84 75.875 75.978 76.083
72.345 72.735 72.785 72.828 73.598 73.113 75.295 77.313 75.385 76.045 79.238 77.643 73.075 73.218 72.935 73.168 74.335 76.935 80.56 80.585 78.768 73.78 73.09 73.185 74.793 76.743 73.69 78.248 80.103 79.228 73.533 73.173 73.205 73.198 73.175 73.148 73.173 73.27 74.553 73.928 73.53 73.513 74.12 74.74 74.208 76.918 81.218 79.7 81.145 78.418 79.42 81.515 81.725 80.52 78.038 76.703 74.873 74.64 75.525 74.89 75.105 75.003 75.065 75.145 75.205 75.495 76.118 75.823 75.823 75.858 75.953 76.283
