LIDAR-DSM-2M-TQ28ne/tq2785_DSM_2M.asc
ncols 500
nrows 500
xllcorner    527000
yllcorner    185000
cellsize     2
NODATA_value -9999
[rows 384 to 415 of 500, columns 73 to 145 of 500]
75.753 75.768 75.77 75.725 75.815 75.998 76.518 84.138 82.808 89.473 97.565 97.623 92.745 81.388 80.753 80.288 79.835 79.865 79.83 78.695 76.925 78.848 78.928 78.615 76.485 75.253 75.215 75.147 75.06 74.997 74.892 74.792 74.752 74.73 74.702 74.607 74.51 74.387 75.005 76.035 78.595 77.795 74.882 77.172 77.287 77.892 79.94 81.982 81.872 82.647 84.277 85.585 85.807 84.545 82.62 78.397 75.315 76.947 77.04 76.732 73.695 72.902 75.652 80.08 77.587 81.142 79.247 75.587 74.645 74.732 77.157 77.037 74.862
75.74 75.753 75.708 75.765 76.093 76.57 81.235 91.72 93.17 90.15 95.843 97.603 95.278 82.975 80.775 80.748 80.385 79.898 79.078 76.785 78.863 78.96 78.975 79.963 77.7 75.255 75.208 75.167 75.592 75.087 74.952 74.765 74.682 74.652 74.605 74.57 74.49 74.412 74.332 74.322 77.057 77.915 79.072 77.77 81.317 80.947 75.917 81.58 82.752 84.265 85.6 85.99 85.985 85.64 84.615 83.297 79.17 82.225 80.365 75.515 72.897 72.38 72.297 80.18 78.475 78.96 75.972 77.01 76.995 74.26 73.91 75.197 72.772
75.695 75.65 75.683 75.77 75.923 80.68 93.168 93.15 93.133 93.15 92.063 93.338 85.595 79.828 80.668 80.735 80.788 79.473 77.75 78.905 78.955 79.01 79.915 80.51 79.223 75.205 75.158 75.137 75.63 75.432 74.957 74.862 74.687 74.605 74.582 74.825 74.527 74.39 74.322 74.28 81.522 79.482 80.2 79.645 83.895 80.772 75.35 79.725 83.552 85.145 85.982 86.017 85.995 85.875 85.725 84.972 83.282 81.89 79.235 75.505 72.835 72.317 74.045 76.647 75.485 80.795 81.305 79.13 72.055 71.945 75.812 74.772 72.047
75.613 75.65 75.735 75.858 79.64 93.205 91.488 91.118 93.13 93.155 93.133 92.443 86.638 81.135 79.868 80.623 80.77 79.3 78.708 78.96 79.18 80.068 80.565 80.52 80.438 79.098 76 78.452 76.922 75.202 75.037 74.887 74.742 74.587 74.722 75.242 74.45 74.42 74.352 74.245 77.717 81.465 74.287 79.787 81.66 85.262 75.092 75.905 81.737 83.775 85.247 86.952 85.895 85.87 85.482 84.112 82.055 80.172 78.075 81.522 76.39 73.185 72.6 76.63 77.452 73.5 76.585 73.612 72.09 72.125 71.82 72.15 71.63
75.61 75.695 75.853 80.71 90.85 93.138 90.775 93.108 93.098 93.108 93.135 93.133 91.733 80.368 79.73 78.573 78.975 78.878 78.94 79.025 80.235 80.495 80.498 80.54 80.508 80.495 79.508 80.512 80.55 77.002 74.952 74.972 75.132 74.665 74.517 74.697 74.445 74.385 74.305 74.267 75.41 78.67 76.267 80.365 79.497 80.7 74.83 75.535 74.85 82.437 83.725 85.15 85.765 85.472 84.162 81.702 80.38 78.947 81.732 81.842 78.34 75.285 74.25 74.35 75.232 74.995 73.117 72.615 72.195 72.275 72.26 71.872 71.352
75.678 75.778 77.275 87.885 93.143 93.133 93.108 93.108 93.12 93.103 93.118 93.125 93.128 87.835 79.425 77.518 78.49 78.965 78.98 80.158 80.538 80.48 80.48 80.528 80.55 80.528 80.493 80.462 80.505 80.232 75.945 74.875 75.392 74.852 74.59 74.467 74.422 74.315 74.287 74.292 75.192 78.015 80.495 82.07 79.952 77.305 77.067 74.732 74.505 78.345 81.265 83.787 84.97 84.097 82.942 78.957 79.897 82.48 83.427 83.172 79.202 75.802 75.35 74.027 74.337 72.92 72.765 72.7 72.647 72.725 71.717 71.547 71.382
76.195 75.805 75.83 80.785 92.295 93.125 93.115 93.118 93.103 93.108 93.088 93.11 93.11 93.135 86.35 79.56 77.345 78.225 78.873 77.225 80.518 80.49 80.48 80.495 80.54 80.57 80.543 80.485 80.477 80.52 79.015 74.945 74.852 75.465 74.79 74.372 74.32 74.31 74.275 74.24 74.125 75.427 77.762 74.877 75.002 73.942 73.932 74.777 75.687 75.245 75.982 80.887 83.355 83.287 80.54 81.13 82.567 83.54 84.875 83.77 82.15 77.825 73.975 75.612 73.237 73.052 72.73 72.82 72.535 71.85 71.69 71.512 71.397
76.613 75.908 75.923 76.22 83.643 92.19 93.128 93.11 93.12 93.103 93.07 93.088 93.098 93.123 93.135 86.438 77.19 76.373 76.07 75.248 75.955 80.538 80.515 80.49 80.51 80.545 80.57 80.535 80.5 80.507 80.522 80.42 74.97 74.787 74.932 74.427 74.3 74.252 74.195 74.227 74.137 74.062 73.987 73.877 73.792 73.845 73.86 74.882 74.53 74.865 74.417 76.037 79.202 79.162 81.565 81.97 83.6 85.05 85.345 84.997 83.502 82.365 77.857 80.407 78.39 73.907 73.342 72.412 71.977 71.835 71.685 71.582 71.432
77.245 76.228 75.998 76.065 76.598 79.213 90.593 93.105 93.113 93.108 93.105 93.125 93.078 93.113 93.105 93.15 86.708 77.325 75.8 75.24 75.238 77.61 80.198 80.488 80.475 80.518 80.558 80.547 80.532 80.49 80.475 80.53 77.685 74.687 74.585 74.5 74.322 74.185 74.142 74.182 74.107 74.022 74.002 73.847 73.752 73.712 73.772 73.832 73.867 74.372 74.965 74.03 76.255 76.77 81.517 83.195 84.785 85.24 85.245 85.277 84.985 84.275 82.602 81.707 79.655 73.407 72.305 72.135 71.957 71.85 71.74 71.605 71.92
76.498 76.453 76.078 76.05 76.14 76.863 80.238 91.103 93.128 93.1 93.113 93.1 93.06 93.088 93.083 93.113 93.155 88.23 76.18 75.603 75.263 78.58 78.69 80.168 80.515 80.483 80.525 80.537 80.537 80.515 79.997 78.362 75.795 74.697 74.602 74.5 75.955 75.377 74.197 74.112 74.052 74.017 73.985 73.897 73.822 73.74 73.73 73.702 73.675 73.835 74.455 74.382 75.09 74.94 80.255 82.58 83.75 85.177 85.34 85.245 85.237 84.22 82.582 79.302 75.835 72.815 72.275 72.147 72.002 71.875 72.287 71.772 71.735
76.305 76.083 76.123 76.11 76.233 76.423 76.81 78.553 88.013 92.845 93.103 93.115 93.095 93.073 93.075 93.108 93.11 93.113 87.375 76.095 78.223 79.088 79.258 78.21 80.378 80.51 80.495 80.515 80.527 79.15 77.452 76.16 74.81 74.71 74.655 75.192 77.362 77.425 75.362 74.115 73.99 73.982 73.93 73.9 73.792 73.735 73.637 73.54 73.57 73.58 73.85 74.815 74.132 73.73 73.887 78.392 82.532 84.485 85.187 85.297 84.322 82.737 81.315 75.022 72.73 72.355 72.237 72.145 72.032 72.182 74.445 72.5 72.292
76.123 76.11 76.138 76.108 76.12 76.368 77.05 76.255 78.13 90.105 93.125 93.123 93.095 93.07 93.063 93.09 93.115 93.11 93.125 88.215 76.853 78.855 79.08 77.95 79.305 80.53 80.485 80.487 80.052 78.615 75.525 74.852 74.857 75.005 76.467 76.17 79.395 77.36 76.047 74.467 73.932 73.892 73.917 73.837 73.8 73.705 73.615 73.55 73.435 73.51 74.08 75.185 73.74 73.595 73.707 74.447 78.365 82.672 83.672 84.202 82.83 80.937 74.512 72.66 72.43 72.367 72.247 72.187 72.182 72.162 72.945 72.12 72.06
76.098 76.115 76.113 76.093 76.095 76.128 76.213 76.148 76.14 78.1 88.585 93.108 93.095 93.093 93.08 93.06 93.078 93.123 93.125 93.135 88.183 77.54 79.003 79.088 78.31 78.828 80.528 80.325 78.68 75.29 74.892 74.852 74.852 77.33 77.792 79.455 78.72 78.197 76.707 74.07 73.95 73.877 73.837 73.807 73.77 73.68 73.617 73.532 73.455 73.375 73.437 74.04 74.302 73.537 73.612 73.79 74.395 79.567 82.407 82.52 80.887 73.442 72.64 72.517 72.452 72.37 72.305 72.355 72.3 72.34 73.04 73.022 71.98
76.113 77.095 76.3 76.14 76.103 76.098 76.128 76.13 76.13 76.125 80.288 90.36 93.125 93.105 93.105 93.085 93.085 93.1 93.125 93.125 93.158 88.39 80.725 79.14 78.49 76.013 78.17 76.365 74.942 74.927 74.902 74.877 74.93 77.94 77.952 79.467 79.682 79.482 76.48 73.937 73.935 73.88 73.775 73.727 73.717 73.657 73.665 73.5 73.44 73.322 73.297 73.33 73.33 73.397 73.505 73.66 73.787 75.165 79.962 80.852 73.597 72.77 72.582 72.485 72.442 72.375 72.417 72.425 72.907 75.002 75.505 74.647 73.035
76.575 76.765 76.74 76.185 76.108 76.13 76.12 76.128 76.103 76.813 76.76 77.533 90.618 93.135 93.125 93.12 93.11 93.098 93.11 93.123 93.123 93.17 88.403 78.075 75.998 75.16 75.233 75.03 74.957 74.975 74.922 74.955 75.517 77.165 81.757 79.82 80.122 77.835 73.892 73.892 73.91 73.837 73.867 73.752 73.68 73.657 73.585 73.477 73.385 73.325 73.205 73.232 73.222 73.367 73.722 73.582 73.622 74.157 74.83 74.78 73.3 73.752 72.512 72.472 72.435 72.487 72.492 72.51 76.5 79.752 78.142 75.207 75.007
76.45 76.545 76.35 76.325 76.528 76.1 76.088 76.09 76.115 76.525 77.343 76.743 79.203 90.018 93.143 93.118 93.128 93.095 93.11 93.098 93.11 93.128 93.165 92.208 77.113 75.173 75.08 75.035 75.035 77.042 75.722 75.657 76.017 75.86 76.612 77.367 76.152 76.192 73.847 73.907 73.847 73.865 73.832 73.83 73.67 73.552 73.565 73.45 73.395 73.322 73.227 73.15 73.172 73.142 74.147 74.225 74.007 73.902 73.92 72.96 72.632 72.537 72.517 72.427 72.525 72.54 72.53 75.412 80.287 80.612 77.732 75.215 75.012
77.09 76.31 76.153 77.14 76.943 76.605 76.155 76.098 76.085 76.125 76.498 76.788 76.913 79.288 86.028 93.14 93.133 93.113 93.093 93.108 93.09 93.12 93.123 93.28 90.465 77.905 75.453 75.072 75.002 76.192 77.885 76.79 75.177 75.407 75.75 76.292 74.78 73.837 73.832 73.867 73.84 74.14 73.975 73.86 73.905 73.555 73.485 73.397 73.385 73.297 73.24 73.142 73.062 73.032 73.15 74.565 74.245 73.51 72.892 72.657 72.57 72.505 72.465 73.46 72.602 73.07 76.525 80.242 80.607 79.307 78.377 75.777 75.417
76.378 76.113 76.798 76.38 77.535 76.438 76.585 76.095 76.068 76.115 76.113 76.325 76.613 76.093 78.558 90.315 93.128 93.128 93.135 93.088 93.105 93.125 93.12 93.143 93.19 84.533 76.79 77.68 77.972 78.267 77.747 77.252 75.095 74.765 75.427 74.052 74.065 73.787 73.777 73.842 75.765 74.357 74.112 74.105 73.75 73.56 73.432 73.345 73.282 73.225 73.23 73.125 73.002 72.932 72.945 72.977 73.347 72.912 72.702 72.612 72.562 72.502 72.577 72.6 72.772 76.152 81.095 81.975 81.205 79.757 79.005 77.855 75.737
76.128 76.723 76.663 76.135 76.395 77.268 76.855 76.283 76.195 76.135 76.09 76.085 76.075 76.08 77.04 81.75 91.855 93.13 93.135 93.143 93.25 93.275 93.213 93.165 87.428 77.658 76.248 76.957 79.235 78.81 76.82 77.362 74.83 74.495 73.657 73.742 73.725 73.712 73.79 77.64 76.937 76.472 74.932 74.005 73.762 73.597 73.392 73.33 73.257 73.21 73.167 73.095 73.027 72.942 72.85 72.872 72.795 72.732 72.687 72.567 72.522 72.565 72.547 72.697 77.312 80.025 82.047 83.627 82.877 81.882 80.13 78.77 78.215
76.12 76.118 76.133 76.565 77.035 76.528 76.945 77.103 76.695 76.115 76.04 76.06 76.113 76.06 77.94 80.273 86.243 92.985 93.15 93.205 93.38 93.215 93.3 86.648 76.74 76.453 79.76 78.737 78.222 77.767 76.28 77.55 74.832 73.66 73.612 73.67 73.937 74.932 77.032 79.032 77.657 77.165 76.212 73.97 73.775 73.867 73.615 73.3 73.217 73.197 73.102 73.09 73.01 72.887 72.82 72.722 72.652 72.662 72.605 72.575 72.56 72.552 72.54 73.937 80.157 81.585 81.61 83.24 84.202 83.637 81.562 80.13 79.505
76.115 76.128 76.398 76.778 77.17 76.528 76.333 76.838 77.098 76.693 76.098 76.103 76.103 76.095 76.843 80.008 89.378 90.528 93.113 93.238 93.3 93.293 88.223 73.555 73.72 78.895 80.385 78.242 82.422 78.96 75.567 77.887 75.28 73.577 73.607 73.625 73.632 77.277 78.162 78.21 77.56 76.74 75.61 74.065 73.882 74.17 74.125 73.37 73.205 73.125 73.07 73.047 72.96 72.902 72.835 72.705 72.632 72.572 72.577 72.6 72.527 72.612 72.742 72.65 77.412 80.35 80.335 81.94 84.41 84.197 82.805 81.265 80.812
76.193 76.103 76.12 76.335 76.533 76.18 76.53 76.618 77.013 76.968 76.52 76.075 76.098 76.113 76.113 80.893 97.59 97.625 95.58 92.353 93.245 90.523 74.643 74.17 77.308 78.205 77.44 79.63 80.047 77.007 74.682 73.82 73.512 73.537 73.567 73.622 74.255 77.297 79.052 78.662 78.022 75.802 74.372 74.905 74.78 73.857 73.972 73.435 73.192 73.057 72.955 72.99 72.935 72.877 72.79 72.695 72.625 72.507 72.492 72.5 72.675 72.785 72.53 72.47 72.69 74.23 74.44 79.515 81.825 83.315 83.127 81.587 79.52
76.793 76.123 76.12 76.103 76.165 76.538 77.083 76.235 76.533 76.99 76.91 76.718 76.085 76.135 76.13 78.468 93.678 97.56 97.615 87.588 85.398 75.793 76.26 75.96 75.883 79.233 80.028 82.137 80.462 76.562 73.457 73.377 73.48 73.557 73.49 74.155 74.59 74.972 77.82 78.322 75.815 74.37 74.667 78.29 83.352 75.395 73.775 73.65 73.24 73.082 72.975 72.987 72.907 72.815 72.757 72.702 72.64 72.507 72.427 72.417 72.39 73.445 73.345 72.577 72.425 73.202 73.72 75.767 80.775 81.805 81.597 80.635 77.002
76.153 76.383 76.333 76.128 76.153 76.248 76.21 76.495 76.805 76.635 77.265 76.953 76.133 76.123 76.12 75.92 82.233 93.533 97.633 86.583 75.775 76.02 76.945 78.28 77.12 81.478 82.993 80.962 77.82 74.7 73.305 73.38 73.462 73.467 74.047 74.61 74.697 74.507 75.585 74.402 74.435 75.005 83.712 89.98 90.177 82.282 76.062 74.057 73.41 73.145 72.99 72.852 72.8 72.757 72.76 72.682 72.607 72.487 72.4 72.332 72.285 72.32 72.58 72.432 73.167 73.375 72.68 75.4 80.507 81.307 78.902 76.255 78.84
76.765 77.92 76.228 76.128 76.125 76.133 76.193 76.833 77.125 76.855 76.405 76.77 76.178 76.128 76.08 75.885 75.61 75.758 85.69 76.798 75.078 77.29 77.41 79.598 76.79 78.655 75.175 77.467 75.14 73.157 73.257 73.355 73.38 74.082 74.597 74.615 74.602 74.36 74.357 74.442 74.582 80.127 90.14 90.597 90.892 90.185 84.897 77.347 74.085 73.4 73.06 72.912 72.765 72.71 72.692 72.617 72.605 72.527 72.387 72.32 72.207 72.217 72.212 72.987 73.545 72.452 72.605 72.627 78.815 78.737 77.822 78.63 80.757
77.65 76.72 76.138 77.118 76.265 76.125 76.133 76.155 76.795 76.368 76.195 76.183 76.31 76.165 76.053 75.908 75.61 75.558 76.305 76.735 75.055 76.935 77.91 77.66 78.035 77.95 74.175 73.352 73.087 73.247 73.267 73.255 73.982 74.597 74.622 74.755 74.37 74.357 74.392 74.735 79.332 88.157 90.555 91.465 91.747 90.927 90.412 84.42 74.73 74.057 73.497 73.045 72.84 72.725 72.63 72.547 72.545 72.512 72.43 72.315 72.2 72.112 72.125 72.095 72.255 72.637 72.52 72.602 73.12 74.145 78.62 80.5 81.215
75.005 76.69 77.433 77.065 76.875 76.17 76.158 76.113 76.135 76.17 77.013 76.888 77.85 76.27 76.09 75.955 75.713 77.653 79.168 78.845 76.448 78.043 77.725 76.093 75.435 76.248 73.345 73.047 73.07 73.127 73.227 73.832 74.52 74.857 74.427 74.372 74.382 74.395 74.425 78.882 88.232 89.962 91.442 92.65 92.672 91.857 91.02 90.2 84.265 77.955 73.382 73.16 73.202 72.785 72.657 72.48 72.467 72.42 72.41 72.362 72.227 72.105 72.027 72.005 71.99 72.492 72.585 73.012 73.335 72.137 76.942 80.507 80.065
73.878 74.618 76.385 76.62 76.353 76.12 76.088 76.06 76.08 76.433 76.408 77.93 76.753 76.125 76.065 76.05 77.443 79.933 77.85 78.768 79.735 76.413 77.01 75.315 74.813 73.053 72.978 73.047 73.095 73.13 73.642 74.507 74.56 74.457 74.357 74.402 77.02 80.697 76.737 92.85 92.93 90.625 91.492 92.502 93.212 92.775 91.907 91.017 90.287 86.892 73.252 73.13 73.042 73.872 72.67 72.507 72.367 72.367 72.342 72.33 72.222 72.1 71.982 71.935 71.942 71.882 72.727 73.47 72.165 71.755 72.045 74.297 73.942
73.913 74.38 77.648 75.975 76.135 76.633 76.513 76.09 76.045 76.113 76.1 76.205 76.093 76.11 76.105 76.998 79.363 80.563 78.968 79.135 80.105 78.025 77.44 74.813 72.913 72.868 72.92 72.995 73.037 73.61 74.415 74.53 74.592 74.405 74.475 75.315 81.64 84.58 85.777 95.025 93.555 89.842 90.552 91.485 92.415 93.187 92.842 91.952 91.045 90.227 88.397 73.075 73.542 72.925 72.625 72.52 72.35 72.255 72.212 72.17 72.185 72.102 72.047 71.865 71.807 71.817 71.77 72.855 71.995 71.685 71.715 71.755 71.865
73.008 73.583 81.845 85.325 77.898 76.795 77.058 76.988 76.718 76.035 76.065 76.125 76.143 76.14 76.38 76.96 77.56 78.553 80.773 79.758 77.845 78.028 76.83 73.27 72.738 72.853 72.87 72.907 73.507 74.41 74.605 74.695 74.392 74.427 75.095 80.012 81.955 83.662 84.2 88.53 88.905 86.255 89.425 90.485 91.542 92.377 93.09 92.145 91.192 90.35 85.942 74.607 72.977 72.695 72.602 72.517 72.395 72.28 72.145 72.155 72.14 72.117 72.045 71.877 71.802 71.72 71.715 71.7 72.172 71.712 71.805 71.825 71.807
74.233 80.045 85.628 86.6 85.295 78.863 77.44 78.17 77.07 76.085 76.11 76.125 76.14 76.238 78.795 78.683 80.03 78.165 75.28 78.708 78.013 77.933 75.848 72.973 72.748 72.768 72.8 73.31 74.357 74.455 74.97 74.762 74.382 74.435 79.895 82.687 83.455 84.117 84.312 84.48 84.81 85.165 86.912 89.685 90.535 91.435 91.907 91.242 90.342 85.197 74.445 72.872 72.802 72.715 72.592 72.462 72.402 72.302 72.207 72.06 72.04 71.987 71.962 71.925 71.81 71.695 71.645 71.645 71.627 72.012 72.29 72.232 71.645
83.673 86.64 87.25 87.203 86.438 81.855 78.01 76.938 76.083 76.19 76.088 76.43 77.063 76.153 76.663 80.77 78.955 78.278 78.33 77.073 78.19 78.583 75.71 72.588 72.658 72.693 73.19 74.285 75.06 75.537 75.41 74.057 74.227 75.267 81.437 82.73 83.082 83.755 84.327 84.732 85.377 86.08 85.645 87.285 89.675 90.492 91.107 90.395 89.795 79.155 72.89 72.9 72.77 72.687 72.602 72.505 72.53 73.345 73.087 72.235 71.95 71.935 71.907 71.905 71.805 71.68 71.56 71.565 71.547 71.58 71.812 71.852 71.962
