LIDAR-DSM-2M-TQ28ne/tq2789_DSM_2M.asc
ncols 500
nrows 500
xllcorner    527000
yllcorner    189000
cellsize     2
NODATA_value -9999
[rows 93 to 123 of 500, columns 345 to 413 of 500]
94.464 94.144 94.151 96.906 97.131 96.731 96.959 95.756 94.216 94.214 94.209 94.954 94.869 95.746 95.581 95.421 95.744 95.781 94.974 95.541 95.204 96.211 99.184 100.949 101.371 101.731 102.281 102.579 102.144 96.649 95.026 95.051 98.509 95.771 96.236 95.031 94.966 95.021 95.051 95.044 95.054 95.374 95.354 95.731 96.734 96.366 96.184 95.749 96.649 98.684 98.606 98.561 98.476 98.386 97.874 97.931 95.844 95.904 95.451 95.424 95.381 95.349 95.359 95.294 95.304 95.304 95.311 95.349 102.684
94.144 94.146 94.149 95.439 96.301 95.916 95.856 94.639 95.839 94.489 94.596 95.449 94.854 94.964 94.514 94.496 95.419 94.581 94.456 95.519 95.434 96.444 99.499 102.856 103.366 103.661 103.696 102.846 102.169 97.914 95.121 95.061 95.376 95.331 95.114 95.119 95.069 95.119 95.159 95.161 95.171 95.276 95.396 95.531 95.616 95.661 95.901 100.649 101.031 102.186 103.051 102.204 102.169 101.891 98.861 97.309 95.871 95.711 95.521 95.414 95.429 95.409 95.361 95.346 95.351 95.356 95.341 96.866 101.834
94.174 94.174 94.181 96.314 98.534 99.666 98.679 99.791 96.344 94.236 94.271 94.306 94.314 94.314 94.339 94.336 94.441 94.321 94.364 94.989 96.999 98.181 100.721 102.981 104.466 105.221 104.291 102.604 99.859 95.349 95.809 95.484 95.241 96.216 95.749 95.816 95.181 95.236 95.279 95.286 95.259 95.431 96.454 95.601 96.281 96.309 96.141 101.836 103.751 103.936 104.601 104.711 104.831 103.039 99.419 97.149 96.099 95.796 95.536 95.474 95.449 95.429 95.411 95.394 95.424 95.449 95.441 98.901 102.909
94.204 94.219 94.199 94.544 97.544 101.894 102.459 100.174 99.441 94.309 94.294 94.281 94.316 94.326 94.321 94.316 94.339 94.576 94.359 94.809 96.431 98.199 100.229 102.694 104.344 105.689 104.894 103.589 100.281 96.876 95.944 95.704 95.656 96.039 95.616 95.381 95.294 95.324 95.364 95.374 95.341 95.644 97.089 95.639 95.781 95.974 96.091 102.244 102.876 103.864 105.479 105.611 105.014 102.881 99.219 97.251 96.106 95.806 95.579 95.499 95.486 95.491 95.476 95.479 95.486 95.501 98.051 99.306 104.346
94.236 94.226 94.231 94.246 94.454 103.071 104.206 99.566 95.736 94.326 94.331 94.309 94.344 94.369 94.391 94.399 94.421 94.421 96.014 97.261 97.371 98.649 98.336 102.754 104.849 106.151 105.486 103.799 101.154 97.731 96.101 95.564 96.039 95.959 95.684 95.609 95.389 95.421 95.471 95.506 95.461 95.516 97.289 96.274 96.066 96.366 96.606 96.916 100.866 104.161 105.839 106.176 105.116 102.899 99.541 97.359 97.361 97.141 96.816 96.614 95.924 95.696 95.711 95.539 95.981 95.566 96.119 97.234 102.379
95.441 94.266 94.269 94.274 94.484 98.926 99.126 97.696 95.751 94.441 94.366 94.386 94.399 94.504 94.941 95.634 96.166 95.659 98.001 96.504 98.086 97.001 97.619 103.171 104.824 105.679 105.424 104.041 103.084 101.899 97.229 95.639 95.671 95.856 95.894 95.739 95.491 95.494 95.576 95.574 96.286 95.611 96.246 96.336 96.504 96.806 96.739 97.031 102.244 105.381 106.451 106.516 105.276 103.079 99.496 99.316 97.706 97.956 98.471 98.344 97.824 97.519 97.566 96.909 96.851 96.814 96.816 99.086 98.081
94.976 94.266 94.299 94.296 94.296 94.609 96.084 96.311 95.446 94.956 100.869 100.819 95.089 96.951 97.076 97.704 96.896 94.936 96.351 96.731 96.029 95.541 96.569 101.791 103.984 104.319 104.131 103.804 103.439 102.641 97.601 95.691 95.786 95.926 95.986 95.854 95.601 95.576 95.649 95.664 96.844 95.749 96.079 96.546 96.421 96.606 96.186 98.919 103.159 104.751 106.146 106.274 105.084 104.069 99.534 99.484 96.719 96.579 96.369 97.326 97.201 97.171 97.079 97.556 97.351 96.529 97.654 98.484 99.896
94.301 94.289 94.294 94.314 94.299 94.494 96.046 95.851 96.249 98.134 106.294 105.856 96.036 95.776 95.399 94.829 94.951 94.696 94.649 94.824 95.509 95.506 95.574 99.961 102.901 102.681 102.264 101.931 101.574 99.689 97.401 95.781 95.766 95.969 95.984 95.961 95.734 95.716 95.724 95.706 96.306 96.459 96.349 96.051 96.079 96.109 96.319 102.544 104.076 104.574 105.194 105.234 104.661 103.104 99.679 99.489 97.559 96.456 96.741 96.146 96.124 96.121 96.131 96.124 96.134 96.304 96.646 97.499 97.984
95.556 94.311 94.314 94.364 94.794 97.609 96.194 95.841 95.239 95.066 100.271 98.546 94.986 94.744 94.721 94.719 94.724 94.696 94.699 94.874 95.509 95.489 96.489 99.419 99.004 98.261 99.129 99.031 99.086 98.454 95.776 95.779 95.786 95.894 95.956 96.154 95.814 95.766 95.799 95.794 95.806 95.834 95.956 95.976 96.089 96.284 96.146 101.974 103.424 103.626 104.851 105.011 103.829 102.674 99.594 99.454 98.381 96.436 96.116 96.186 96.191 96.186 96.196 96.186 96.191 96.446 96.136 96.124 96.144
98.414 99.694 99.646 102.716 98.066 97.424 99.376 96.791 95.266 94.699 94.811 94.729 94.736 94.846 95.921 95.291 95.656 95.549 94.711 95.584 96.071 95.439 96.199 98.756 96.409 96.769 98.889 98.949 98.976 98.711 95.779 97.086 97.586 96.156 95.916 95.916 95.901 95.841 95.924 95.871 95.851 95.911 95.936 96.014 96.391 96.911 96.219 98.294 96.921 99.061 99.406 99.331 99.394 99.876 99.444 99.459 98.674 96.426 98.156 96.201 96.241 96.251 96.261 96.264 96.261 96.679 96.151 96.174 96.176
104.461 105.384 104.171 105.421 100.286 100.449 100.701 96.701 96.654 94.691 94.699 95.666 98.641 98.479 98.774 97.709 98.606 98.069 96.169 97.569 97.876 96.281 96.956 98.841 98.181 98.704 98.311 98.241 98.166 98.344 98.819 99.801 99.841 98.514 97.369 98.396 95.996 95.936 95.974 95.964 95.916 95.989 96.906 97.274 97.376 97.726 99.451 98.199 96.924 98.551 99.214 99.184 99.161 99.226 98.484 98.531 98.341 96.566 96.814 96.274 96.279 96.274 96.294 96.296 96.299 96.471 96.431 96.204 96.549
103.394 106.449 105.841 105.489 105.234 99.891 104.341 98.229 96.819 96.101 95.869 95.936 99.686 98.774 98.496 98.494 99.606 97.209 96.626 98.066 98.689 98.209 100.649 98.961 95.994 95.606 95.436 95.896 96.734 98.084 98.746 98.996 98.424 98.524 97.899 99.061 96.061 96.004 96.071 96.059 96.029 96.084 96.274 96.249 96.286 96.274 96.566 96.911 96.509 96.614 97.744 98.089 98.001 97.734 96.664 97.366 97.626 99.584 98.559 97.706 97.556 97.051 96.866 96.821 96.481 96.904 96.379 96.539 96.951
101.891 104.726 104.819 102.879 102.821 101.086 104.281 100.909 98.661 95.274 95.729 96.299 97.711 98.976 100.954 99.426 96.634 97.539 96.131 97.109 97.119 100.801 102.549 100.286 98.134 95.536 95.271 95.461 95.559 96.254 96.489 96.394 97.399 96.631 97.674 99.466 96.146 96.094 96.104 96.126 96.121 96.159 96.796 96.291 96.199 96.241 96.271 96.299 96.324 96.324 96.471 98.089 98.624 96.461 99.251 99.186 97.824 97.209 98.251 98.024 97.871 97.844 97.506 98.229 98.346 98.639 99.841 98.309 96.704
98.224 102.194 105.579 101.486 99.654 98.094 102.709 104.304 101.839 97.601 95.161 95.819 100.254 99.591 98.411 98.061 98.464 96.961 96.621 99.429 99.711 100.731 97.361 100.836 97.574 95.269 95.269 95.314 95.549 95.781 95.756 96.351 96.056 95.721 96.066 98.586 96.469 96.159 96.206 96.196 96.181 96.249 96.959 96.459 96.231 96.281 96.324 96.341 96.316 96.306 96.456 99.124 102.479 101.776 100.961 102.011 100.649 97.339 96.874 96.619 96.791 97.914 96.779 98.561 96.799 98.596 97.886 97.944 96.949
98.486 101.416 103.359 102.914 99.094 101.154 101.589 102.044 98.424 99.926 95.376 95.256 96.574 98.876 100.894 99.291 96.211 96.694 95.946 97.339 99.171 103.566 102.689 102.426 98.466 95.614 95.946 95.529 95.761 95.944 95.684 95.711 95.729 95.761 95.939 98.874 97.244 96.221 96.296 96.309 96.291 96.306 96.354 96.381 96.294 96.379 96.401 96.381 96.341 96.661 97.164 97.409 100.569 101.154 99.916 98.891 97.281 96.676 96.689 96.689 98.174 100.656 102.599 101.354 98.154 96.979 97.566 96.936 97.221
95.766 97.076 96.961 99.244 97.529 100.996 102.599 100.281 98.456 96.549 95.396 95.316 95.436 95.604 95.486 95.594 95.364 95.431 96.376 98.551 101.326 102.074 99.914 97.891 96.916 95.946 95.956 95.794 95.944 96.386 95.741 95.769 95.781 95.811 96.006 97.234 97.219 96.261 96.341 96.384 96.359 96.404 96.919 96.544 96.349 96.386 96.376 96.384 96.391 101.799 98.581 96.799 97.711 96.606 97.864 97.891 97.366 96.819 96.684 96.681 96.704 100.946 101.419 98.281 96.801 97.394 97.321 97.001 98.409
95.366 95.399 95.121 97.821 96.781 98.199 98.126 101.439 99.634 96.091 97.536 97.611 95.469 95.634 95.461 95.454 95.454 95.476 95.794 97.394 98.114 96.751 97.571 99.029 97.944 95.621 95.614 95.839 96.184 97.224 95.824 95.869 95.874 96.421 96.456 97.891 96.374 96.371 96.406 96.436 96.414 97.179 96.984 96.601 96.411 96.429 96.414 96.436 98.514 101.174 100.199 96.551 96.596 96.566 96.601 96.714 97.129 96.771 96.706 96.711 100.024 101.631 100.839 100.204 98.264 96.819 97.226 97.999 99.246
95.416 95.529 95.229 95.489 100.509 97.896 98.659 98.916 97.001 99.534 99.219 98.164 95.516 96.576 95.541 95.571 95.561 95.546 96.086 95.564 96.489 97.704 99.089 97.414 96.291 95.656 95.676 95.746 96.054 97.909 98.174 97.336 96.726 96.919 96.776 97.946 96.434 96.434 96.486 96.489 96.486 96.809 97.644 96.586 96.486 96.489 96.486 96.511 97.796 100.379 98.726 96.911 96.646 96.616 96.674 97.339 98.256 96.749 96.761 96.756 98.559 98.991 98.926 98.516 96.871 97.621 97.409 98.429 98.756
95.449 95.731 95.504 95.349 95.396 95.464 95.469 97.266 97.301 96.181 96.809 96.751 95.644 96.396 95.619 95.689 95.676 95.656 96.466 95.811 95.561 95.709 95.824 96.924 96.059 95.761 95.806 95.849 96.656 98.736 99.809 100.804 100.251 100.839 98.344 96.769 96.564 96.461 96.526 96.569 96.539 96.584 96.829 96.676 96.561 96.571 96.536 96.561 96.564 96.669 97.191 96.961 96.674 96.691 96.724 97.324 97.036 96.821 96.809 96.811 96.931 98.444 97.646 96.924 96.939 99.869 97.386 97.474 97.101
95.531 95.539 95.594 95.471 95.549 95.604 95.561 96.464 96.931 95.789 95.646 95.679 95.679 96.039 95.874 95.764 95.761 95.744 96.344 95.971 95.674 95.771 95.834 97.901 96.699 95.836 95.874 95.961 97.166 98.416 98.271 100.654 101.536 101.099 98.061 96.684 96.606 96.526 96.571 96.636 96.611 96.641 96.779 96.914 96.706 96.669 96.644 96.636 96.639 96.769 97.411 96.744 96.744 96.751 96.756 96.936 96.981 96.889 96.876 96.851 96.981 98.744 97.386 96.976 97.601 99.201 97.709 97.796 97.089
95.664 95.651 96.066 95.624 95.699 95.686 95.664 96.431 97.316 95.894 95.719 95.761 95.784 96.206 95.829 95.886 95.881 95.864 96.774 96.324 95.791 95.749 95.764 98.144 96.781 96.306 96.159 96.496 96.789 101.676 105.234 104.904 100.646 97.939 97.284 96.814 96.671 96.616 96.666 96.676 96.669 96.689 96.886 97.931 97.429 97.136 97.439 97.221 97.666 97.074 97.514 96.816 97.389 96.789 96.851 97.311 97.334 97.441 97.529 96.966 98.156 97.241 97.026 97.081 97.609 97.731 98.111 98.601 97.164
95.774 95.759 96.541 97.221 95.756 95.761 95.761 96.326 96.981 95.919 95.811 95.841 95.884 96.499 96.111 95.989 95.989 96.146 97.081 96.666 95.949 96.059 96.236 99.971 98.561 97.391 97.361 97.334 98.131 103.021 106.001 105.149 101.661 97.041 97.174 98.201 96.819 96.681 96.741 96.759 97.354 97.236 97.126 99.076 97.551 97.271 100.039 100.689 100.449 97.574 97.301 97.299 97.051 97.066 97.159 98.129 97.596 97.911 97.494 97.206 97.679 97.094 97.091 97.086 97.126 97.356 97.599 98.366 97.194
95.876 95.891 98.329 98.624 95.811 95.804 96.196 95.876 96.351 95.906 95.904 95.959 96.759 100.019 98.209 96.364 96.731 96.889 96.789 96.544 97.151 97.201 97.256 98.606 97.864 98.451 98.364 98.081 98.371 102.811 105.989 105.176 102.246 97.281 97.781 98.181 96.911 96.751 96.786 96.816 97.196 97.199 96.979 97.979 98.161 97.684 100.799 100.876 100.759 97.669 97.489 97.554 97.429 97.151 97.484 98.076 97.954 97.679 97.544 97.666 98.759 98.026 97.124 97.116 98.294 98.496 97.631 98.359 97.239
96.156 96.234 96.796 96.061 96.051 96.556 98.456 97.034 99.031 96.079 96.261 96.279 97.679 99.616 98.836 97.606 97.746 98.304 98.179 98.156 99.776 100.991 97.249 97.391 98.454 97.831 98.051 97.969 97.606 102.336 105.999 105.266 102.921 97.244 97.521 98.354 97.284 96.794 96.826 96.856 96.841 96.854 97.106 98.209 99.581 100.829 104.189 104.274 103.769 100.724 100.176 100.471 100.064 99.581 97.801 98.331 101.176 100.481 98.859 97.746 98.359 97.684 97.196 97.219 100.354 100.079 98.141 97.309 97.316
96.834 96.694 97.166 96.636 96.474 96.501 97.211 96.889 99.121 96.724 98.161 98.534 97.999 97.569 99.724 101.624 103.919 102.289 102.326 102.561 103.181 104.109 99.139 98.259 99.471 101.084 101.066 100.561 99.309 102.381 105.616 105.246 101.779 97.536 97.044 97.019 96.921 96.846 96.916 96.901 96.899 96.919 97.111 98.001 98.406 99.681 105.461 105.714 103.374 100.656 100.846 100.841 100.819 100.814 98.806 99.386 100.216 99.359 100.729 100.609 98.324 98.079 97.271 97.544 99.656 98.114 97.344 97.351 97.381
98.529 96.969 97.066 96.909 98.874 98.924 99.829 100.526 101.254 102.324 102.311 102.879 103.476 99.204 99.491 101.684 104.599 104.974 105.114 105.251 105.321 104.514 99.229 98.309 100.141 105.994 105.536 103.929 102.349 104.544 105.466 105.016 102.294 98.821 97.251 96.999 96.954 96.914 96.961 96.994 96.964 96.999 97.161 97.656 98.214 100.689 106.186 105.709 104.491 104.111 103.694 103.629 103.336 102.349 99.946 100.051 101.841 101.346 101.409 101.114 99.704 98.571 98.196 97.609 97.771 97.514 97.826 97.769 97.799
103.459 99.476 97.716 97.031 102.774 103.711 103.911 104.134 104.406 104.629 104.811 104.849 104.379 99.624 99.354 100.689 104.726 106.399 107.054 107.001 106.366 104.684 100.581 97.216 99.946 105.999 105.541 104.741 105.949 105.941 105.699 103.776 100.136 98.711 97.021 97.314 97.279 96.989 97.056 97.051 97.036 97.069 97.171 97.409 97.276 101.439 106.169 106.509 106.291 105.611 105.939 105.984 104.989 104.614 99.899 102.934 104.986 105.299 105.116 104.276 103.464 103.734 102.746 101.496 99.201 98.049 100.449 98.859 98.926
104.236 101.796 97.211 96.931 102.929 104.774 105.184 105.976 106.354 106.251 105.906 104.359 103.471 100.219 98.339 101.046 104.551 105.346 105.201 105.069 104.994 104.724 101.761 99.221 98.959 105.826 105.689 105.651 105.771 105.211 103.821 101.566 98.211 97.126 97.046 97.479 97.321 98.149 97.121 97.126 97.126 97.086 97.249 97.369 97.719 103.169 105.951 106.869 107.259 107.319 107.304 105.991 104.136 103.651 98.479 104.654 106.449 106.829 106.721 106.216 105.876 105.564 105.281 104.879 99.494 100.604 105.316 105.166 104.879
105.596 104.426 99.249 97.354 100.836 103.084 104.689 105.194 104.944 104.746 104.584 104.361 101.324 98.854 98.246 100.879 104.436 104.131 102.469 102.496 103.251 104.649 102.776 99.381 98.636 104.194 104.281 104.534 104.084 103.659 102.251 98.616 99.174 98.504 97.204 97.739 97.399 97.109 97.156 97.186 97.181 97.234 97.476 97.531 97.459 101.591 104.859 105.239 105.516 105.621 105.799 105.534 103.754 102.171 98.569 104.901 105.914 106.229 106.234 107.061 106.881 106.329 105.186 104.821 100.324 101.909 106.176 107.119 106.879
105.276 104.586 100.096 97.739 98.511 101.219 104.409 103.759 102.211 101.626 103.504 104.489 101.481 98.931 98.446 100.436 104.446 104.169 98.629 97.751 102.239 104.289 101.951 99.884 99.196 102.586 99.634 100.344 100.936 99.006 97.481 97.426 98.724 99.414 98.849 98.959 97.541 97.174 97.179 97.219 97.204 97.181 97.286 97.874 97.461 98.551 101.581 100.794 100.816 102.221 104.084 104.989 103.534 101.366 99.249 104.351 104.951 105.216 104.534 104.739 105.026 105.444 103.819 104.191 98.786 102.624 106.156 106.749 107.026
103.979 103.969 100.314 98.509 98.619 101.051 104.229 103.794 98.586 98.264 101.381 104.064 101.959 98.914 98.091 99.369 102.506 101.164 98.226 97.279 98.114 100.069 98.384 101.156 102.691 99.731 98.514 97.641 97.824 97.546 97.261 97.299 97.344 98.349 100.041 100.654 97.699 97.216 97.254 97.291 97.301 97.239 97.336 97.666 97.491 97.566 97.626 97.861 97.976 97.906 99.794 102.869 102.094 100.226 100.106 104.216 104.839 104.899 101.371 101.644 103.041 105.279 104.501 104.204 99.301 103.096 104.774 105.514 105.869
