LIDAR-DSM-2M-TQ28ne/tq2786_DSM_2M.asc
ncols 500
nrows 500
xllcorner    527000
yllcorner    186000
cellsize     2
NODATA_value -9999
[rows 160 to 191 of 500, columns 144 to 215 of 500]
100.415 94.793 96.21 95 97.755 98.978 95.942 98.422 95.812 96.335 94.59 92.377 92.275 92.3 92.397 92.5 92.535 92.522 92.512 92.452 92.435 92.405 92.357 92.34 92.3 93.53 95.11 94.31 92.782 93.02 92.082 92.07 91.962 91.885 91.782 91.65 91.622 91.552 91.48 91.397 91.29 91.202 91.07 90.955 90.855 90.712 90.657 90.557 90.46 90.395 90.345 90.305 90.232 90.187 90.152 90.1 89.98 89.892 89.782 89.66 89.575 89.442 89.337 89.212 89.14 89.01 88.872 88.77 88.637 88.505 88.42 88.292
100.56 95.895 102.17 96.148 95.66 95.133 95.345 96.385 95.032 94.617 92.507 92.545 92.667 92.747 92.765 92.802 92.772 92.727 92.715 92.672 92.647 92.582 92.525 92.505 92.495 93.877 94.407 95.465 93.652 92.397 92.275 92.187 92.137 91.995 91.917 91.805 91.752 91.662 91.592 91.535 91.442 91.305 91.212 91.132 91.017 90.9 90.76 90.645 90.52 90.467 90.45 90.407 90.305 90.257 90.205 90.13 90.027 89.93 89.822 89.717 89.6 89.47 89.355 89.267 89.185 89.035 88.915 88.792 88.667 88.56 88.447 88.322
94.675 93.9 93.298 95.763 94.84 95.683 92.97 93.942 93.875 92.74 92.917 93.005 93.037 93.01 93.015 92.995 92.962 92.942 92.937 92.93 92.852 92.807 92.72 92.705 92.68 93.595 94.55 93.292 93.627 94.39 93.217 92.537 92.285 92.165 92.05 91.99 91.872 91.785 91.682 91.655 91.582 91.46 91.355 91.29 91.142 91.01 90.872 90.743 90.63 90.567 90.525 90.482 90.392 90.32 90.292 90.182 90.085 89.977 89.867 89.752 89.607 89.515 89.412 89.292 89.197 89.095 88.945 88.812 88.692 88.597 88.522 88.38
95.17 94.925 97.715 97.598 97.403 94.985 92.922 92.937 93.117 93.227 93.285 93.327 93.295 93.275 93.232 93.18 93.172 93.165 93.157 93.155 93.102 93.032 92.932 92.88 92.885 94.785 94.947 94.392 93.455 92.665 93.56 92.607 92.45 92.327 92.215 92.057 91.982 91.897 91.817 91.772 91.672 91.582 91.502 91.41 91.245 91.11 90.97 90.847 90.747 90.682 90.607 90.555 90.475 90.38 90.31 90.21 90.135 90.045 89.935 89.8 89.685 89.585 89.46 89.332 89.25 89.1 88.947 88.83 88.735 88.612 88.515 88.387
96.158 96.013 96.288 96.333 93.578 93.103 93.29 93.452 93.532 93.567 93.585 93.572 93.562 93.535 93.467 93.452 93.42 93.41 93.372 93.357 93.33 93.245 93.155 93.042 93.025 93.015 93.005 92.922 92.947 93.215 92.815 92.787 92.575 92.457 92.35 92.235 92.145 92.075 91.955 91.862 91.73 91.64 91.58 91.48 91.312 91.215 91.055 90.935 90.862 90.772 90.672 90.605 90.535 90.442 90.362 90.297 90.185 90.09 89.972 89.832 89.72 89.585 89.477 89.33 89.227 89.117 88.985 88.855 88.77 88.637 88.565 88.425
93.718 93.483 93.305 93.298 93.485 93.64 93.75 93.832 93.832 93.865 93.86 93.852 93.842 93.817 93.745 93.697 93.662 93.627 93.602 93.58 93.53 93.46 93.377 93.3 93.237 93.232 93.245 93.167 93.125 93.052 92.915 92.752 92.667 92.615 92.525 92.395 92.3 92.182 92.057 91.947 91.847 91.737 91.675 91.565 91.42 91.267 91.16 91.047 90.955 90.86 90.745 90.685 90.61 90.532 90.405 90.327 90.205 90.09 89.987 89.837 89.71 89.585 89.442 89.322 89.215 89.13 89.027 88.882 88.787 88.672 88.57 88.42
93.5 93.478 93.64 93.83 93.943 94.035 94.117 94.15 94.152 94.155 94.16 94.127 94.102 94.09 94.02 93.95 93.915 93.86 93.8 93.777 93.732 93.672 93.637 93.562 93.485 93.417 93.372 93.312 93.205 93.102 93.005 92.905 92.827 92.757 92.675 92.53 92.405 92.267 92.147 92.042 91.935 91.812 91.755 91.66 91.51 91.36 91.23 91.155 91.047 90.93 90.825 90.725 90.657 90.565 90.43 90.33 90.197 90.122 90.03 89.902 89.757 89.62 89.497 89.355 89.255 89.155 89.05 88.907 88.817 88.695 88.597 88.495
93.738 93.973 94.108 94.22 94.305 94.39 94.475 94.497 94.472 94.442 94.425 94.39 94.39 94.38 94.305 94.232 94.182 94.117 94.045 94.02 93.927 93.887 93.857 93.797 93.687 93.612 93.55 93.487 93.407 93.247 93.155 93.067 92.967 92.9 92.802 92.67 92.54 92.41 92.285 92.15 92.042 91.915 91.855 91.775 91.66 91.495 91.355 91.23 91.13 91.012 90.892 90.797 90.687 90.585 90.445 90.35 90.217 90.135 90.065 89.95 89.812 89.67 89.55 89.397 89.27 89.165 89.075 88.92 88.787 88.662 88.58 88.457
94.25 94.373 94.46 94.543 94.643 94.713 94.765 94.785 94.752 94.73 94.722 94.675 94.662 94.66 94.572 94.507 94.462 94.4 94.332 94.267 94.15 94.067 94.042 93.987 93.895 93.835 93.747 93.665 93.587 93.472 93.345 93.235 93.117 93 92.932 92.847 92.692 92.565 92.43 92.285 92.137 92.007 91.917 91.855 91.737 91.602 91.457 91.312 91.215 91.105 90.947 90.875 90.762 90.66 90.547 90.435 90.285 90.172 90.107 89.96 89.867 89.7 89.54 89.4 89.282 89.17 89.062 88.95 88.812 88.687 88.587 88.47
94.633 94.703 94.81 94.908 94.983 95.033 95.057 95.06 95.037 95.007 95.02 94.952 94.912 94.912 94.85 94.795 94.75 94.665 94.577 94.5 94.39 94.267 94.247 94.212 94.125 94.035 93.925 93.857 93.742 93.662 93.527 93.41 93.295 93.175 93.065 92.985 92.867 92.73 92.562 92.397 92.22 92.08 91.98 91.875 91.81 91.717 91.557 91.425 91.275 91.152 91.015 90.92 90.872 90.737 90.612 90.467 90.325 90.212 90.1 89.992 89.85 89.715 89.577 89.427 89.32 89.2 89.102 89.002 88.847 88.71 88.605 88.527
94.93 95.025 95.15 95.233 95.298 95.3 95.3 95.295 95.302 95.272 95.287 95.255 95.22 95.162 95.125 95.052 94.997 94.915 94.795 94.707 94.647 94.52 94.45 94.392 94.29 94.207 94.127 94.057 93.932 93.817 93.69 93.57 93.445 93.312 93.22 93.117 92.993 92.822 92.692 92.497 92.28 92.142 92.025 91.915 91.87 91.795 91.652 91.51 91.372 91.255 91.11 90.987 90.922 90.762 90.647 90.502 90.372 90.245 90.095 89.977 89.86 89.722 89.577 89.442 89.312 89.227 89.107 89.022 88.915 88.757 88.64 88.525
95.188 95.315 95.433 95.52 95.535 95.56 95.595 95.607 95.605 95.587 95.572 95.535 95.48 95.42 95.367 95.305 95.212 95.122 95.047 94.96 94.855 94.727 94.647 94.595 94.5 94.387 94.307 94.2 94.122 93.965 93.837 93.7 93.6 93.467 93.342 93.202 93.042 92.887 92.735 92.577 92.402 92.242 92.102 91.982 91.922 91.857 91.76 91.605 91.465 91.312 91.155 91.037 90.92 90.765 90.675 90.507 90.382 90.267 90.13 90.002 89.882 89.715 89.625 89.505 89.385 89.245 89.122 89.007 88.915 88.782 88.657 88.565
95.485 95.578 95.65 95.73 95.778 95.83 95.885 95.905 95.927 95.867 95.822 95.76 95.692 95.607 95.555 95.49 95.405 95.335 95.262 95.142 95.07 94.955 94.845 94.772 94.645 94.547 94.46 94.345 94.267 94.097 93.96 93.837 93.712 93.585 93.41 93.275 93.157 93.022 92.872 92.7 92.555 92.357 92.21 92.067 91.967 91.895 91.812 91.635 91.505 91.357 91.215 91.065 90.95 90.827 90.69 90.572 90.43 90.312 90.187 90.03 89.905 89.78 89.627 89.52 89.402 89.247 89.12 89.015 88.925 88.817 88.705 88.6
95.795 95.858 95.883 95.968 96.04 96.118 96.167 96.175 96.19 96.135 96.042 95.98 95.92 95.837 95.745 95.712 95.635 95.56 95.48 95.417 95.312 95.15 95.01 94.91 94.812 94.702 94.597 94.497 94.392 94.267 94.132 93.972 93.787 93.667 93.522 93.402 93.285 93.142 92.995 92.77 92.602 92.412 92.292 92.132 92 91.912 91.792 91.662 91.552 91.407 91.267 91.145 91.007 90.865 90.695 90.602 90.462 90.327 90.242 90.102 89.91 89.777 89.632 89.497 89.392 89.262 89.135 89.047 88.957 88.865 88.752 88.67
96.115 96.208 96.233 96.283 96.35 96.395 96.415 96.417 96.427 96.352 96.265 96.182 96.11 96.057 96.012 95.96 95.887 95.8 95.707 95.607 95.48 95.345 95.182 95.05 94.967 94.825 94.717 94.63 94.52 94.425 94.267 94.1 93.882 93.772 93.617 93.495 93.397 93.257 93.05 92.86 92.692 92.465 92.315 92.147 92.045 91.94 91.85 91.73 91.607 91.475 91.345 91.217 91.075 90.9 90.765 90.637 90.507 90.395 90.257 90.08 89.905 89.797 89.662 89.53 89.41 89.297 89.172 89.065 89 88.89 88.762 88.697
96.508 96.565 96.635 96.61 96.655 96.655 96.67 96.665 96.647 96.612 96.515 96.385 96.342 96.282 96.217 96.145 96.09 95.992 95.89 95.792 95.655 95.487 95.35 95.24 95.142 95.002 94.872 94.757 94.632 94.54 94.405 94.255 94.047 93.862 93.742 93.59 93.467 93.3 93.092 92.912 92.73 92.54 92.372 92.252 92.125 91.975 91.885 91.782 91.67 91.542 91.417 91.265 91.137 90.95 90.8 90.642 90.525 90.39 90.267 90.107 89.96 89.85 89.732 89.6 89.445 89.342 89.227 89.117 89.027 88.915 88.82 88.742
96.85 96.9 96.958 96.95 96.908 96.928 96.925 96.885 96.857 96.86 96.782 96.672 96.56 96.505 96.447 96.38 96.282 96.18 96.05 95.912 95.82 95.665 95.557 95.437 95.27 95.16 95.022 94.89 94.755 94.645 94.522 94.35 94.197 94.012 93.88 93.72 93.53 93.342 93.152 92.987 92.835 92.665 92.52 92.342 92.157 92.06 91.915 91.822 91.672 91.572 91.445 91.307 91.172 91.042 90.842 90.71 90.602 90.432 90.325 90.17 90.002 89.892 89.757 89.592 89.505 89.345 89.23 89.145 89.045 88.945 88.835 88.795
97.165 97.213 97.263 97.255 97.228 97.193 97.12 97.107 97.052 97.075 97.025 96.915 96.85 96.78 96.692 96.582 96.465 96.36 96.2 96.08 95.977 95.87 95.735 95.6 95.407 95.305 95.155 95.005 94.867 94.767 94.632 94.465 94.327 94.13 93.995 93.825 93.627 93.412 93.265 93.082 92.92 92.757 92.585 92.39 92.167 92.067 91.927 91.837 91.705 91.597 91.485 91.352 91.247 91.077 90.882 90.757 90.637 90.48 90.335 90.197 90.017 89.905 89.802 89.657 89.522 89.395 89.255 89.197 89.11 89.022 88.91 88.81
97.49 97.52 97.543 97.558 97.52 97.48 97.4 97.332 97.29 97.267 97.26 97.212 97.117 97.035 96.925 96.802 96.702 96.545 96.407 96.292 96.152 96.042 95.92 95.775 95.587 95.42 95.297 95.12 94.962 94.862 94.765 94.592 94.407 94.255 94.1 93.917 93.732 93.522 93.33 93.135 92.942 92.78 92.592 92.422 92.25 92.102 91.985 91.885 91.787 91.665 91.552 91.432 91.315 91.132 90.955 90.8 90.677 90.512 90.337 90.19 90.047 89.935 89.82 89.715 89.567 89.445 89.332 89.232 89.13 89.072 88.942 88.845
97.813 97.83 97.848 97.85 97.803 97.755 97.71 97.635 97.555 97.525 97.497 97.442 97.347 97.25 97.117 97.015 96.91 96.782 96.637 96.487 96.337 96.187 96.027 95.895 95.74 95.59 95.41 95.222 95.1 94.962 94.85 94.7 94.51 94.35 94.167 94.017 93.83 93.627 93.402 93.195 92.965 92.807 92.63 92.477 92.32 92.182 92.045 91.96 91.862 91.745 91.627 91.487 91.347 91.185 91 90.835 90.725 90.565 90.425 90.252 90.097 89.982 89.882 89.782 89.655 89.497 89.377 89.272 89.182 89.112 88.982 88.885
98.153 98.145 98.163 98.108 98.053 98.023 97.965 97.92 97.855 97.792 97.725 97.67 97.577 97.442 97.325 97.202 97.095 96.955 96.81 96.667 96.495 96.352 96.202 96.07 95.905 95.735 95.555 95.362 95.217 95.087 94.935 94.805 94.615 94.43 94.245 94.087 93.907 93.717 93.497 93.245 93.035 92.862 92.692 92.55 92.37 92.23 92.08 92.002 91.89 91.755 91.657 91.517 91.385 91.245 91.09 90.947 90.8 90.65 90.462 90.325 90.177 90.035 89.907 89.832 89.697 89.552 89.442 89.302 89.195 89.11 89.025 88.902
98.483 98.443 98.383 98.36 98.305 98.268 98.242 98.192 98.142 98.097 97.99 97.882 97.79 97.685 97.55 97.412 97.297 97.152 97.005 96.857 96.68 96.557 96.417 96.195 96.017 95.895 95.712 95.525 95.342 95.2 95.052 94.902 94.682 94.51 94.332 94.132 94.002 93.782 93.55 93.295 93.085 92.927 92.752 92.59 92.437 92.282 92.132 92.007 91.91 91.812 91.68 91.515 91.412 91.315 91.152 91.03 90.887 90.737 90.525 90.355 90.212 90.057 89.962 89.872 89.747 89.61 89.495 89.355 89.207 89.15 89.085 88.977
98.778 98.733 98.683 98.625 98.583 98.563 98.522 98.465 98.425 98.34 98.237 98.11 98 97.877 97.715 97.595 97.472 97.355 97.187 97.067 96.897 96.755 96.595 96.365 96.142 96.022 95.872 95.662 95.462 95.307 95.17 94.985 94.782 94.597 94.435 94.195 94.007 93.805 93.61 93.345 93.112 92.95 92.81 92.655 92.475 92.335 92.195 92.07 91.957 91.832 91.682 91.555 91.422 91.33 91.142 91.022 90.922 90.772 90.597 90.43 90.295 90.15 90.02 89.882 89.79 89.675 89.537 89.437 89.302 89.235 89.147 89.037
99.048 99 98.918 98.9 98.858 98.828 98.775 98.707 98.667 98.595 98.475 98.34 98.18 98.052 97.895 97.782 97.657 97.575 97.412 97.23 97.06 96.882 96.747 96.542 96.287 96.147 96 95.82 95.602 95.407 95.24 95.067 94.892 94.7 94.522 94.275 94.042 93.85 93.657 93.44 93.182 93.012 92.835 92.697 92.54 92.422 92.245 92.1 91.992 91.877 91.725 91.572 91.425 91.322 91.157 91.04 90.96 90.835 90.727 90.567 90.432 90.29 90.155 90.012 89.895 89.742 89.612 89.487 89.38 89.262 89.165 89.082
99.295 99.223 99.195 99.158 99.108 99.04 98.962 98.925 98.92 98.857 98.7 98.575 98.407 98.285 98.145 98.007 97.87 97.77 97.605 97.42 97.24 97.04 96.87 96.697 96.487 96.312 96.135 95.94 95.73 95.525 95.317 95.15 94.955 94.737 94.552 94.292 94.072 93.88 93.717 93.51 93.275 93.09 92.905 92.747 92.572 92.417 92.255 92.137 91.977 91.892 91.752 91.59 91.457 91.33 91.21 91.112 91.027 90.94 90.822 90.705 90.492 90.372 90.237 90.085 89.95 89.802 89.657 89.532 89.435 89.327 89.212 89.122
99.528 99.488 99.453 99.383 99.353 99.278 99.17 99.127 99.322 99.11 98.93 98.78 98.625 98.535 98.405 98.247 98.072 97.952 97.795 97.62 97.402 97.185 97.002 96.795 96.627 96.442 96.247 96.012 95.81 95.632 95.435 95.23 95.025 94.807 94.6 94.4 94.155 93.877 93.71 93.5 93.297 93.14 92.957 92.77 92.617 92.42 92.27 92.127 92.012 91.927 91.812 91.68 91.502 91.377 91.272 91.19 91.097 91.045 90.945 90.79 90.59 90.462 90.305 90.137 89.995 89.847 89.727 89.607 89.492 89.39 89.302 89.207
99.78 99.733 99.695 99.608 99.57 99.493 99.407 99.272 99.282 99.317 99.057 98.942 98.832 98.725 98.595 98.452 98.272 98.095 97.965 97.792 97.57 97.367 97.16 96.95 96.762 96.572 96.357 96.107 95.907 95.717 95.51 95.287 95.06 94.855 94.647 94.465 94.232 93.98 93.767 93.56 93.345 93.157 92.98 92.777 92.61 92.455 92.347 92.225 92.092 91.987 91.887 91.715 91.565 91.455 91.367 91.26 91.175 91.097 90.98 90.825 90.677 90.527 90.352 90.182 90.06 89.945 89.792 89.675 89.547 89.455 89.365 89.252
99.94 99.93 99.89 99.82 99.755 99.685 99.577 99.475 99.38 99.322 99.21 99.115 99 98.887 98.795 98.632 98.447 98.272 98.105 97.925 97.705 97.515 97.337 97.1 96.902 96.675 96.457 96.222 96.007 95.802 95.567 95.347 95.14 94.94 94.72 94.495 94.295 94.06 93.84 93.597 93.375 93.175 93.015 92.845 92.695 92.547 92.41 92.315 92.185 92.055 91.955 91.795 91.618 91.492 91.405 91.317 91.222 91.15 91.017 90.9 90.732 90.58 90.45 90.32 90.177 90.055 89.887 89.76 89.665 89.562 89.457 89.35
100.15 100.143 100.088 100 99.925 99.853 99.722 99.642 99.527 99.422 99.34 99.257 99.167 99.085 98.972 98.807 98.632 98.42 98.255 98.055 97.867 97.667 97.495 97.24 97 96.78 96.522 96.28 96.095 95.887 95.645 95.425 95.202 95.027 94.785 94.542 94.332 94.12 93.867 93.682 93.457 93.232 93.055 92.89 92.75 92.635 92.482 92.355 92.237 92.112 92.002 91.862 91.68 91.562 91.457 91.385 91.292 91.225 91.1 90.982 90.822 90.715 90.585 90.467 90.305 90.157 90.03 89.882 89.757 89.652 89.535 89.425
100.333 100.32 100.265 100.17 100.08 99.993 99.91 99.78 99.662 99.562 99.475 99.39 99.305 99.262 99.155 99.007 98.822 98.6 98.407 98.23 98.012 97.8 97.64 97.402 97.13 96.87 96.62 96.377 96.155 96.007 95.725 95.502 95.267 95.08 94.812 94.562 94.357 94.147 93.957 93.76 93.537 93.335 93.125 92.967 92.83 92.687 92.56 92.432 92.3 92.18 92.065 91.97 91.807 91.685 91.567 91.477 91.387 91.3 91.232 91.077 90.94 90.852 90.707 90.575 90.402 90.257 90.112 90.002 89.85 89.69 89.577 89.497
100.55 100.525 100.425 100.318 100.225 100.148 100.012 99.937 99.817 99.702 99.617 99.53 99.472 99.395 99.285 99.127 98.932 98.755 98.565 98.397 98.15 97.942 97.77 97.527 97.28 97 96.747 96.507 96.277 96.077 95.822 95.565 95.33 95.14 94.877 94.625 94.427 94.222 94.012 93.827 93.64 93.415 93.22 93.057 92.905 92.755 92.617 92.5 92.39 92.272 92.165 92.082 91.945 91.8 91.662 91.58 91.507 91.437 91.335 91.24 91.12 90.94 90.782 90.64 90.467 90.315 90.17 90.027 89.87 89.73 89.62 89.49
100.758 100.71 100.64 100.525 100.393 100.243 100.13 100.045 99.975 99.892 99.767 99.667 99.557 99.46 99.385 99.222 99.035 98.857 98.715 98.515 98.297 98.087 97.892 97.64 97.38 97.127 96.857 96.605 96.357 96.137 95.875 95.62 95.372 95.162 94.957 94.725 94.5 94.317 94.085 93.902 93.71 93.51 93.317 93.175 93.032 92.852 92.73 92.605 92.512 92.355 92.265 92.155 92.067 91.9 91.78 91.697 91.597 91.525 91.467 91.385 91.237 91.06 90.857 90.68 90.53 90.377 90.227 90.067 89.912 89.76 89.65 89.537
