LIDAR-DSM-2M-TQ28ne/tq2786_DSM_2M.asc
ncols 500
nrows 500
xllcorner    527000
yllcorner    186000
cellsize     2
NODATA_value -9999
[rows 192 to 223 of 500, columns 216 to 287 of 500]
89.532 89.425 89.317 89.242 89.192 89.055 88.985 88.925 88.875 88.872 88.83 88.755 88.732 88.672 88.632 88.617 88.632 88.615 88.602 88.58 88.572 88.572 88.577 88.535 88.5 88.49 88.44 88.41 88.385 88.34 88.317 88.29 88.247 88.215 88.217 88.195 88.17 88.115 88.067 87.995 87.935 87.865 87.767 87.662 87.562 87.472 87.42 87.352 87.247 87.112 86.96 86.84 86.737 86.652 86.517 86.417 86.305 86.205 86.107 85.965 85.847 85.702 85.615 85.467 85.352 85.25 85.147 85.067 84.972 84.882 84.835 84.735
89.602 89.492 89.365 89.265 89.2 89.107 89.045 88.975 88.947 88.94 88.887 88.83 88.787 88.735 88.675 88.647 88.637 88.625 88.63 88.64 88.61 88.607 88.575 88.547 88.517 88.487 88.465 88.42 88.347 88.3 88.285 88.252 88.192 88.155 88.16 88.11 88.032 87.995 87.925 87.865 87.762 87.662 87.572 87.507 87.417 87.325 87.272 87.19 87.117 86.995 86.86 86.735 86.615 86.56 86.432 86.312 86.225 86.112 86.042 85.912 85.762 85.627 85.51 85.395 85.285 85.17 85.087 85.017 84.937 84.872 84.777 84.682
89.652 89.555 89.435 89.332 89.242 89.167 89.095 89.057 89.01 88.972 88.93 88.877 88.852 88.802 88.727 88.707 88.705 88.69 88.662 88.69 88.647 88.632 88.602 88.58 88.515 88.507 88.475 88.4 88.32 88.282 88.257 88.217 88.137 88.09 88.055 88.005 87.905 87.832 87.762 87.725 87.635 87.53 87.477 87.38 87.32 87.247 87.13 87.06 86.962 86.865 86.745 86.615 86.515 86.44 86.312 86.22 86.115 85.972 85.9 85.795 85.69 85.585 85.467 85.372 85.23 85.12 85.085 84.975 84.907 84.82 84.722 84.64
89.71 89.602 89.507 89.402 89.327 89.24 89.167 89.155 89.11 89.03 88.97 88.927 88.915 88.867 88.812 88.765 88.735 88.73 88.727 88.72 88.687 88.652 88.605 88.575 88.525 88.482 88.442 88.375 88.282 88.255 88.222 88.175 88.09 88.012 87.947 87.897 87.852 87.77 87.685 87.64 87.51 87.432 87.4 87.292 87.212 87.147 87.012 86.93 86.84 86.737 86.62 86.537 86.462 86.337 86.212 86.082 85.992 85.857 85.825 85.702 85.59 85.515 85.4 85.322 85.187 85.062 84.98 84.907 84.842 84.79 84.705 84.6
89.772 89.692 89.567 89.512 89.405 89.327 89.277 89.235 89.177 89.11 89.047 88.982 88.952 88.917 88.885 88.822 88.79 88.802 88.782 88.755 88.717 88.7 88.622 88.565 88.527 88.45 88.352 88.272 88.227 88.207 88.155 88.107 88.03 87.925 87.875 87.835 87.772 87.702 87.627 87.555 87.45 87.372 87.312 87.227 87.117 87.032 86.917 86.845 86.752 86.685 86.565 86.46 86.342 86.222 86.117 86 85.93 85.807 85.725 85.635 85.512 85.417 85.325 85.242 85.117 85.02 84.932 84.862 84.802 84.742 84.632 84.577
89.872 89.755 89.637 89.587 89.487 89.407 89.347 89.32 89.225 89.152 89.125 89.077 89.002 88.982 88.93 88.875 88.817 88.812 88.827 88.802 88.767 88.677 88.612 88.545 88.505 88.42 88.33 88.252 88.217 88.175 88.147 88.065 88.007 87.887 87.797 87.76 87.715 87.607 87.555 87.465 87.367 87.305 87.23 87.122 87.007 86.947 86.842 86.752 86.685 86.582 86.445 86.345 86.227 86.127 86.017 85.942 85.842 85.74 85.637 85.567 85.457 85.35 85.272 85.207 85.062 85 84.907 84.807 84.737 84.682 84.597 84.53
89.95 89.817 89.72 89.627 89.53 89.447 89.387 89.36 89.317 89.27 89.235 89.17 89.092 89.052 89 88.945 88.847 88.845 88.872 88.825 88.785 88.722 88.672 88.6 88.487 88.387 88.317 88.235 88.21 88.175 88.115 88.035 87.932 87.847 87.76 87.707 87.63 87.545 87.447 87.36 87.257 87.197 87.16 87.077 86.96 86.875 86.772 86.69 86.595 86.475 86.365 86.262 86.167 86.045 85.96 85.872 85.777 85.685 85.587 85.522 85.402 85.305 85.197 85.137 85.055 84.962 84.907 84.832 84.715 84.655 84.565 84.46
90.017 89.892 89.78 89.7 89.622 89.527 89.475 89.455 89.38 89.382 89.34 89.265 89.197 89.14 89.095 88.98 88.897 88.87 88.83 88.822 88.745 88.692 88.61 88.555 88.422 88.352 88.252 88.212 88.17 88.12 88.047 87.937 87.857 87.797 87.692 87.615 87.562 87.467 87.385 87.28 87.21 87.145 87.085 87.075 86.937 86.792 86.667 86.58 86.485 86.392 86.305 86.217 86.1 85.997 85.91 85.802 85.73 85.65 85.562 85.467 85.36 85.272 85.207 85.112 85.055 84.987 84.85 84.757 84.672 84.582 84.49 84.402
90.075 89.925 89.85 89.812 89.712 89.63 89.567 89.547 89.5 89.417 89.382 89.34 89.25 89.142 89.08 89.01 88.917 88.907 88.832 88.767 88.71 88.62 88.535 88.477 88.427 88.31 88.24 88.182 88.137 88.065 87.965 87.862 87.787 87.717 87.672 87.602 87.522 87.427 87.315 87.24 87.167 87.102 87.015 86.97 86.862 86.737 86.602 86.535 86.425 86.335 86.235 86.155 86.062 85.965 85.872 85.767 85.69 85.595 85.5 85.44 85.375 85.282 85.182 85.102 84.997 84.93 84.792 84.685 84.59 84.52 84.445 84.395
90.165 90.037 89.937 89.835 89.785 89.715 89.652 89.632 89.597 89.502 89.455 89.385 89.272 89.152 89.11 89.04 88.947 88.915 88.845 88.767 88.682 88.615 88.517 88.462 88.42 88.297 88.222 88.172 88.105 88.025 87.932 87.825 87.755 87.68 87.597 87.55 87.457 87.39 87.302 87.187 87.115 87.02 86.935 86.865 86.787 86.665 86.56 86.502 86.382 86.262 86.142 86.057 86.007 85.92 85.785 85.7 85.622 85.545 85.475 85.422 85.377 85.297 85.187 85.09 85.007 84.872 84.77 84.662 84.575 84.512 84.43 84.38
90.262 90.11 89.975 89.907 89.837 89.777 89.725 89.67 89.625 89.542 89.515 89.44 89.317 89.157 89.11 89.057 88.967 88.917 88.847 88.755 88.71 88.627 88.552 88.472 88.41 88.305 88.23 88.177 88.092 88.025 87.917 87.825 87.71 87.622 87.547 87.46 87.395 87.35 87.255 87.17 87.08 86.97 86.855 86.772 86.67 86.627 86.53 86.477 86.38 86.197 86.095 86.012 85.935 85.855 85.742 85.677 85.597 85.532 85.472 85.42 85.352 85.285 85.16 85.037 84.96 84.812 84.707 84.62 84.512 84.462 84.372 84.297
90.312 90.17 90.032 89.93 89.867 89.805 89.757 89.707 89.65 89.585 89.535 89.492 89.342 89.187 89.142 89.077 89.005 88.915 88.865 88.81 88.725 88.63 88.547 88.447 88.37 88.335 88.225 88.18 88.125 88.035 87.92 87.812 87.697 87.592 87.492 87.385 87.335 87.25 87.175 87.12 87.052 86.985 86.865 86.745 86.657 86.585 86.535 86.487 86.345 86.24 86.145 86.042 85.967 85.86 85.745 85.675 85.612 85.53 85.465 85.367 85.317 85.26 85.132 85.02 84.905 84.812 84.68 84.562 84.465 84.412 84.345 84.257
90.375 90.207 90.105 89.977 89.925 89.872 89.787 89.755 89.692 89.61 89.54 89.5 89.382 89.267 89.175 89.092 89.027 88.932 88.895 88.84 88.72 88.652 88.55 88.455 88.4 88.342 88.26 88.18 88.125 88.017 87.925 87.792 87.652 87.525 87.435 87.345 87.282 87.227 87.177 87.092 87.01 86.925 86.857 86.767 86.707 86.612 86.522 86.455 86.355 86.26 86.167 86.062 85.975 85.877 85.757 85.675 85.595 85.525 85.432 85.37 85.317 85.235 85.11 85.002 84.89 84.775 84.637 84.562 84.44 84.362 84.29 84.2
90.432 90.267 90.157 90.05 89.947 89.905 89.832 89.767 89.725 89.657 89.587 89.522 89.43 89.337 89.205 89.135 89.067 88.977 88.882 88.81 88.752 88.672 88.587 88.507 88.417 88.357 88.292 88.162 88.132 88.015 87.935 87.792 87.61 87.512 87.435 87.38 87.315 87.222 87.172 87.082 86.98 86.912 86.847 86.802 86.745 86.65 86.52 86.412 86.312 86.26 86.175 86.097 86.022 85.907 85.78 85.642 85.58 85.52 85.42 85.377 85.285 85.217 85.095 85.005 84.857 84.752 84.635 84.54 84.412 84.33 84.235 84.135
90.407 90.282 90.162 90.067 90 89.96 89.887 89.805 89.76 89.705 89.64 89.572 89.46 89.352 89.212 89.142 89.08 88.972 88.9 88.842 88.775 88.722 88.612 88.51 88.417 88.367 88.3 88.17 88.14 88.037 87.915 87.797 87.662 87.545 87.472 87.402 87.297 87.22 87.137 87.037 86.967 86.907 86.84 86.785 86.732 86.627 86.527 86.425 86.36 86.267 86.182 86.13 86.055 85.932 85.8 85.66 85.592 85.515 85.442 85.355 85.305 85.197 85.102 85 84.88 84.71 84.612 84.53 84.385 84.297 84.22 84.125
90.46 90.305 90.215 90.122 90.032 89.985 89.902 89.827 89.772 89.75 89.682 89.59 89.455 89.345 89.225 89.185 89.097 89.03 88.93 88.87 88.775 88.7 88.607 88.522 88.45 88.38 88.315 88.212 88.122 88.055 87.95 87.827 87.7 87.582 87.5 87.407 87.312 87.235 87.15 87.047 86.96 86.892 86.835 86.802 86.72 86.607 86.512 86.435 86.342 86.235 86.17 86.092 86.005 85.902 85.8 85.677 85.587 85.525 85.43 85.365 85.287 85.185 85.085 84.97 84.865 84.722 84.59 84.5 84.39 84.277 84.207 84.08
90.512 90.367 90.262 90.167 90.077 90.007 89.935 89.87 89.79 89.757 89.707 89.587 89.485 89.38 89.25 89.19 89.117 89.025 88.937 88.86 88.805 88.712 88.637 88.56 88.492 88.417 88.332 88.26 88.14 88.065 87.997 87.867 87.73 87.612 87.52 87.417 87.337 87.262 87.162 87.072 86.987 86.892 86.827 86.757 86.72 86.605 86.492 86.442 86.342 86.24 86.147 86.077 86 85.892 85.777 85.677 85.585 85.505 85.442 85.345 85.272 85.16 85.072 84.965 84.86 84.742 84.615 84.505 84.392 84.242 84.162 84.045
90.61 90.457 90.335 90.217 90.115 90.037 89.957 89.902 89.832 89.765 89.7 89.58 89.497 89.38 89.27 89.205 89.15 89.052 88.975 88.877 88.797 88.71 88.647 88.6 88.522 88.452 88.352 88.3 88.155 88.087 88.02 87.9 87.767 87.632 87.525 87.452 87.355 87.282 87.182 87.115 87.03 86.922 86.87 86.787 86.69 86.61 86.527 86.437 86.337 86.217 86.132 86.065 85.967 85.89 85.785 85.7 85.612 85.535 85.417 85.337 85.26 85.172 85.12 84.99 84.905 84.78 84.66 84.507 84.367 84.227 84.115 83.99
90.637 90.48 90.362 90.242 90.125 90 89.932 89.885 89.835 89.727 89.67 89.605 89.505 89.395 89.277 89.207 89.142 89.08 88.987 88.902 88.845 88.775 88.657 88.607 88.545 88.452 88.37 88.332 88.212 88.132 88.007 87.932 87.82 87.69 87.597 87.502 87.387 87.297 87.207 87.152 87.055 86.977 86.892 86.792 86.705 86.607 86.537 86.435 86.335 86.222 86.132 86.065 85.96 85.892 85.822 85.715 85.587 85.515 85.417 85.347 85.285 85.192 85.087 84.985 84.897 84.797 84.66 84.487 84.357 84.242 84.132 83.995
90.627 90.482 90.37 90.232 90.112 90.037 89.945 89.9 89.812 89.717 89.65 89.615 89.555 89.422 89.297 89.185 89.152 89.105 89.017 88.94 88.865 88.797 88.742 88.635 88.585 88.495 88.432 88.365 88.29 88.19 88.107 87.972 87.905 87.76 87.632 87.53 87.43 87.307 87.232 87.152 87.077 86.987 86.897 86.785 86.7 86.582 86.527 86.432 86.36 86.237 86.16 86.072 85.967 85.922 85.855 85.757 85.65 85.547 85.445 85.37 85.257 85.182 85.092 84.965 84.922 84.812 84.675 85.232 84.39 84.245 84.14 83.977
90.667 90.515 90.38 90.247 90.13 90.025 89.952 89.902 89.822 89.72 89.642 89.607 89.552 89.45 89.332 89.212 89.157 89.13 89.075 88.98 88.895 88.845 88.762 88.7 88.62 88.567 88.51 88.425 88.367 88.232 88.147 88.027 87.962 87.82 87.682 87.567 87.462 87.332 87.222 87.157 87.045 86.96 86.88 86.777 86.687 86.597 86.502 86.462 86.375 86.272 86.197 86.115 86.037 85.95 85.86 85.78 85.692 85.632 85.495 85.425 85.335 85.207 85.12 84.997 84.895 84.797 84.647 86.44 84.797 84.255 84.08 83.927
90.71 90.565 90.407 90.252 90.13 90.042 89.942 89.855 89.797 89.695 89.625 89.582 89.507 89.432 89.347 89.265 89.185 89.125 89.067 88.975 88.91 88.867 88.815 88.725 88.682 88.652 88.567 88.48 88.385 88.23 88.19 88.052 87.947 87.83 87.682 87.54 87.442 87.335 87.235 87.15 87.042 86.962 86.875 86.782 86.697 86.617 86.565 86.502 86.425 86.335 86.265 86.192 86.122 86.032 85.925 85.815 85.69 85.612 85.5 85.42 85.327 85.212 85.11 84.99 84.865 84.795 86.622 86.74 86.817 86.74 84.135 83.842
90.68 90.54 90.407 90.27 90.145 90.025 89.895 89.832 89.767 89.682 89.615 89.555 89.452 89.392 89.347 89.277 89.197 89.117 89.07 88.997 88.935 88.877 88.852 88.797 88.745 88.685 88.57 88.48 88.377 88.242 88.14 88.032 87.915 87.825 87.7 87.562 87.445 87.372 87.25 87.147 87.072 86.992 86.92 86.837 86.765 86.685 86.632 86.562 86.482 86.412 86.3 86.205 86.1 85.982 85.912 85.78 85.71 85.592 85.505 85.37 85.29 85.177 85.075 84.952 84.862 84.76 84.645 86.19 87.675 86.537 83.912 83.725
90.677 90.547 90.412 90.262 90.15 90.04 89.912 89.857 89.75 89.682 89.612 89.547 89.47 89.412 89.347 89.267 89.207 89.122 89.102 89.037 88.947 88.907 88.877 88.852 88.785 88.672 88.545 88.455 88.372 88.245 88.145 88.025 87.912 87.817 87.685 87.557 87.45 87.375 87.25 87.18 87.125 87.055 86.985 86.907 86.827 86.76 86.655 86.567 86.485 86.387 86.285 86.195 86.102 86.027 85.937 85.79 85.72 85.605 85.487 85.392 85.265 85.142 85.02 84.897 84.785 84.652 85.3 86.242 84.577 85.085 83.827 83.67
90.692 90.58 90.435 90.287 90.19 90.065 89.945 89.865 89.777 89.697 89.605 89.542 89.475 89.375 89.302 89.202 89.152 89.087 89.042 89.055 88.997 88.925 88.887 88.845 88.755 88.647 88.55 88.462 88.36 88.255 88.125 88.022 87.92 87.822 87.697 87.605 87.51 87.415 87.355 87.267 87.142 87.08 87.02 86.93 86.83 86.77 86.677 86.57 86.492 86.407 86.317 86.23 86.137 86.042 85.912 85.8 85.677 85.555 85.442 85.32 85.22 85.105 85.01 84.87 84.745 84.577 84.45 84.317 84.12 83.917 83.757 83.585
90.75 90.62 90.472 90.345 90.217 90.092 89.945 89.847 89.76 89.687 89.617 89.542 89.47 89.367 89.252 89.142 89.062 89.01 88.967 89.01 89.005 88.932 88.887 88.81 88.73 88.627 88.55 88.457 88.355 88.24 88.115 88.05 87.965 87.902 87.792 87.657 87.517 87.43 87.335 87.23 87.142 87.09 86.997 86.95 86.887 86.8 86.7 86.605 86.525 86.422 86.357 86.252 86.132 86.01 85.892 85.77 85.642 85.535 85.43 85.317 85.245 85.16 84.967 84.807 84.64 84.5 84.375 84.217 84.032 83.87 83.687 83.53
90.79 90.647 90.532 90.375 90.222 90.08 89.945 89.825 89.75 89.625 89.557 89.49 89.397 89.325 89.212 89.065 88.982 88.942 88.932 88.935 88.935 88.882 88.84 88.767 88.69 88.587 88.525 88.447 88.362 88.305 88.19 88.102 88.017 87.877 87.735 87.637 87.517 87.447 87.35 87.255 87.162 87.062 86.99 86.91 86.852 86.73 86.665 86.575 86.505 86.432 86.34 86.25 86.135 86.005 85.907 85.777 85.64 85.527 85.417 85.292 85.205 85.047 84.89 84.715 84.585 84.415 84.285 84.145 83.995 83.795 83.64 83.48
90.81 90.687 90.532 90.412 90.25 90.12 90 89.847 89.762 89.622 89.495 89.407 89.335 89.27 89.167 89.035 88.945 88.902 88.875 88.907 88.897 88.835 88.787 88.715 88.65 88.59 88.555 88.49 88.38 88.265 88.152 88.062 87.982 87.862 87.752 87.632 87.53 87.44 87.342 87.232 87.152 87.022 86.955 86.867 86.77 86.72 86.665 86.612 86.537 86.46 86.347 86.227 86.13 86.022 85.92 85.765 85.65 85.502 85.395 85.235 85.082 84.937 84.787 84.675 84.525 84.377 84.212 84.085 83.912 83.717 83.547 83.39
90.857 90.687 90.582 90.462 90.325 90.145 90 89.855 89.745 89.6 89.477 89.397 89.305 89.165 89.082 89.002 88.922 88.85 88.815 88.812 88.797 88.79 88.732 88.712 88.652 88.582 88.487 88.415 88.337 88.24 88.132 88.045 87.92 87.827 87.732 87.64 87.527 87.43 87.31 87.19 87.115 86.992 86.907 86.83 86.77 86.705 86.662 86.592 86.542 86.44 86.32 86.195 86.09 85.975 85.87 85.75 85.59 85.44 85.282 85.127 84.98 84.857 84.72 84.6 84.445 84.297 84.14 84.007 83.817 83.59 83.432 83.307
90.927 90.76 90.617 90.492 90.312 90.147 89.977 89.83 89.722 89.607 89.477 89.38 89.242 89.155 89.062 88.96 88.895 88.845 88.792 88.797 88.762 88.742 88.7 88.647 88.585 88.52 88.475 88.41 88.29 88.212 88.09 87.987 87.912 87.82 87.705 87.582 87.48 87.385 87.277 87.15 87.092 86.995 86.92 86.835 86.757 86.677 86.617 86.555 86.47 86.36 86.28 86.16 86.04 85.922 85.817 85.675 85.52 85.35 85.21 85.047 84.917 84.785 84.652 84.512 84.337 84.21 84.06 83.902 83.705 83.477 83.322 83.182
90.992 90.807 90.637 90.492 90.33 90.172 90.022 89.897 89.772 89.657 89.527 89.362 89.265 89.165 89.075 89.002 88.96 88.895 88.845 88.777 88.74 88.692 88.63 88.585 88.507 88.437 88.372 88.302 88.21 88.125 88.012 87.942 87.86 87.762 87.642 87.532 87.445 87.33 87.247 87.155 87.067 86.987 86.897 86.815 86.757 86.672 86.58 86.502 86.387 86.31 86.225 86.127 86.002 85.872 85.745 85.585 85.45 85.29 85.132 85 84.83 84.677 84.532 84.397 84.227 84.07 83.93 83.78 83.6 83.417 83.22 83.082
91.042 90.965 91.907 90.565 90.39 90.215 90.097 89.957 89.86 89.712 89.567 89.432 89.337 89.247 89.16 89.065 88.972 88.897 88.822 88.735 88.625 88.577 88.535 88.47 88.41 88.337 88.285 88.215 88.102 88.017 87.94 87.852 87.772 87.687 87.562 87.455 87.367 87.292 87.212 87.132 87.042 86.932 86.865 86.79 86.72 86.62 86.53 86.447 86.352 86.277 86.195 86.1 85.98 85.82 85.662 85.49 85.357 85.197 85.037 84.877 84.735 84.565 84.415 84.27 84.1 83.907 83.767 83.625 83.475 83.28 83.087 82.952
