LIDAR-DSM-2M-TQ28ne/tq2789_DSM_2M.asc
ncols 500
nrows 500
xllcorner    527000
yllcorner    189000
cellsize     2
NODATA_value -9999
[rows 31 to 61 of 500, columns 0 to 68 of 500]
90.9 89.98 89.58 89.58 89.7 90.47 96.957 98.177 98.537 97.35 97.18 97.14 97.247 95.482 94.84 93.795 94.735 94.8 92.81 90.882 89.485 89.425 89.412 89.547 89.43 90.022 89.647 89.205 89.455 89.265 89.195 89.76 89.9 89.12 88.905 88.86 88.855 88.807 88.905 89.922 90.687 95.185 94.955 93.455 92.745 91.967 91.952 93.162 93.207 90.582 87.67 87.865 87.895 87.922 87.945 88.035 88.507 87.655 89.595 91.085 91.122 91.122 90.61 90.462 93.76 94.607 95.132 95.842 96.252
91.5 89.47 89.507 89.545 89.567 93.507 98.452 99.582 99.797 98.352 97.245 97.145 97.222 94.81 94.76 94.882 94.737 94.742 91.042 90.182 89.405 89.425 89.417 89.647 89.815 89.335 89.232 89.512 90.047 89.247 89.172 89.095 89.03 88.977 88.87 88.872 88.86 89.325 91.832 91.83 93.015 95.172 95.887 95.895 94.74 93.315 93.347 92.13 93.555 92.332 87.405 87.917 88.41 89.717 91.145 90.622 90.982 88.9 89.392 92.732 94.005 91.372 90.9 90.125 93.127 94.77 96.112 96.427 96.395
89.345 89.427 89.492 89.512 89.56 90.985 97.042 99.722 100.61 99.505 98.15 97.177 96.927 94.777 94.765 94.652 94.73 94.757 93.36 93.715 89.405 89.432 89.435 89.392 90.385 90.12 90.332 89.182 89.172 89.112 89.015 88.932 88.855 88.767 88.2 88.232 88.91 88.937 91.052 92.107 94.362 96.57 98.075 97.645 95.922 95.457 95.902 92.175 93.55 92.745 88.215 90.142 94.412 95.3 95.25 93.535 93.417 93.485 94.817 95.245 94.925 92.392 91.115 90.17 91.382 94.175 95.457 95.147 94.805
89.395 89.797 89.635 89.525 89.59 89.895 92.597 98.13 100.055 100.492 99.225 97.737 95.1 94.762 94.517 94.752 94.722 94.762 93.137 93.34 90.745 89.517 89.405 89.442 92.47 91.155 90.52 91.207 89.107 89.035 88.92 88.845 88.74 89.22 91.412 92.937 90.715 88.967 90.19 93.072 94.937 96.867 98.677 98.377 96.977 97.385 97.925 92.97 92.93 93.187 90.4 89.577 95.257 95.935 96.645 95.852 96.567 96.802 96.292 96.507 95.317 92.91 90.502 89.702 88.3 93.747 94.155 93.935 91.88
89.42 89.495 89.75 89.565 89.585 89.617 89.767 94.425 98.897 100.275 100.325 98.842 95.79 94.775 94.05 94.762 94.742 94.297 93.025 92.922 92.007 89.432 89.43 91.482 93.725 92.462 92.825 93.337 90.385 89.165 90.685 92.24 93.022 92.922 94.66 94.372 92.355 88.985 90.512 95.582 96.187 96.847 98.155 98.955 98.09 98.025 97.402 94.125 92.41 93.6 92.28 89.085 93.397 96.037 96.902 96.967 97.52 97.782 96.937 96.507 95.632 94.187 90.05 89.397 87.755 91.16 90.92 88.89 88.247
89.39 89.49 89.565 89.617 89.61 89.65 89.647 90.012 96.737 99.207 100.395 99.687 98.46 95.517 94.527 94.717 94.607 93.485 92.937 92.985 91.17 89.587 89.612 91.017 91.297 94.667 93.55 95.665 94.362 92.427 93.497 95.115 93.997 92.76 93.592 94.847 93.175 89.587 89.142 94.847 98.025 98.08 98.077 99.037 97.765 96.315 95.467 94.65 92.132 93.442 92.707 89.135 93.117 95.825 96.737 96.645 97.332 97.005 96.327 95.205 94.295 93.587 88.92 88.705 88.61 87.837 87.622 87.54 87.562
89.422 89.465 89.555 90.287 89.637 89.645 89.682 89.642 91.407 97.35 99.145 98.792 99.37 98.002 94.912 94.752 93.865 92.062 91.182 89.887 89.517 89.62 90.002 89.51 93.262 92.865 93.017 94.637 94.972 93.352 92.945 94.6 94.597 92.905 93.47 95.047 93.772 90.525 89.042 94.747 97.232 96.69 96.942 98.785 98.34 96.422 94.585 92.607 92.017 92.985 93.127 90.477 89.445 95.135 96.49 96.245 95.88 95.365 93.057 93.757 90.197 87.99 88.397 88.025 87.972 88.095 88.302 87.712 87.617
89.512 89.592 89.545 91.87 93.06 89.73 89.702 89.697 89.952 92.335 95.505 94.122 98.375 93.71 92.845 91.555 90.17 89.607 89.645 89.65 89.8 89.472 89.305 89.285 91.64 91.197 91.362 93.337 94.927 93.955 92.862 94.19 95.57 94.63 93.91 95.265 95.362 93.612 89.092 90.162 95.387 95 96.247 98.16 98.892 97.057 95.167 93.315 93.265 93.72 93.227 91.807 89.44 94.44 95.355 94.392 93.205 93.415 89.762 88.947 88.052 88.02 88.075 88.567 88.017 87.785 88.205 87.675 87.465
89.575 89.55 90.407 91.162 92.295 91.937 89.725 89.757 89.742 89.697 89.645 90.167 93.527 90.06 89.63 89.74 89.977 89.935 89.74 89.497 89.445 89.41 89.347 89.32 89.307 89.372 90.712 92.792 94.49 94.55 93.67 95.76 97.71 97.795 96.58 96.145 95.882 93.175 89.2 89.265 91.5 92.665 95.62 97.497 99.54 97.705 95.78 93.94 92.96 92.427 91.857 91.272 88.935 92 89.987 88.74 88.272 88.297 88.4 88.437 88.112 88.342 88.43 87.95 87.955 87.717 87.637 87.557 87.597
89.55 89.622 89.602 91.85 90.567 90.94 89.845 89.77 89.762 89.72 89.682 89.675 89.71 89.75 90.007 89.737 89.667 90.195 91.792 89.515 89.502 89.43 89.367 89.332 89.317 89.33 89.827 91.447 94.545 95.347 95.9 97.285 99.182 98.96 97.425 95.842 93.437 90.025 89.3 89.33 89.15 90.93 94.597 96.915 98.847 98.327 96.385 94.615 91.115 90.142 89.482 89.05 88.65 88.795 88.347 89.11 88.535 88.337 88.437 88.955 88.54 88.135 87.985 87.877 87.762 87.657 88.222 87.992 87.672
89.65 89.63 89.692 89.695 89.732 89.745 89.767 89.775 89.787 89.997 90.335 90.1 90.04 89.855 90.192 94.427 96.145 98.305 98.392 92.072 90.32 89.467 89.432 89.367 89.345 89.315 89.507 92.29 94.875 96.06 95.897 96.972 98.59 99.355 97.912 96.332 93.445 89.402 89.372 89.327 89.305 89 94.31 96.377 97.482 96.505 92.427 89.012 89.112 89.122 89.075 88.84 88.752 88.762 88.672 88.885 88.617 88.38 88.257 88.19 88.112 88.005 87.93 87.842 87.707 87.782 88.187 87.64 87.56
89.677 89.677 89.73 89.765 89.745 89.73 89.755 90.157 90.327 90.145 90.037 89.945 89.942 90.392 97.915 99.312 99.435 99.782 98.877 94.23 93.862 90.062 89.465 89.442 89.902 90.665 91.005 91.482 93.032 92.995 95.052 96.647 98.147 99.512 98.37 96.955 95.42 89.885 89.36 89.382 89.337 89.15 92.277 91.707 92.58 91.187 90.285 89.19 89.005 88.977 88.98 88.89 88.802 88.73 88.735 88.455 88.392 88.332 88.222 88.105 88.05 87.97 87.917 87.9 87.845 87.79 87.755 87.68 87.612
89.717 89.725 89.79 89.81 89.805 89.797 89.827 89.885 89.917 89.947 90.397 90.277 90.25 93.2 97.495 100.355 100.005 99.972 99.795 97.757 92.755 89.675 90.065 90.71 94.032 97.007 99.29 90.712 90.107 89.707 94.252 96.042 97.725 99.245 98.895 97.037 95.74 94.045 89.42 89.43 89.395 89.295 89.17 89.445 89.335 89.035 88.965 88.977 88.947 88.905 88.83 88.755 88.65 88.592 88.515 88.435 88.347 88.255 88.167 88.112 88.14 88.12 88.085 87.957 87.89 87.827 87.782 87.69 87.62
89.717 89.802 89.832 89.865 89.862 89.852 89.842 89.867 89.917 90.25 90.36 90.26 90.222 90.257 96.19 99.147 99.165 99.97 100.302 99.385 96.96 90.737 90.405 90.412 96.57 99.532 99.412 90.667 92.297 90.735 93.237 95.597 96.817 98.807 100.007 97.637 96.32 95.66 90.39 89.46 89.415 89.402 89.18 89.08 89.03 89.005 88.957 88.947 88.882 88.832 88.747 88.685 88.67 88.917 88.637 88.392 88.385 88.342 88.31 88.247 88.217 88.182 88.08 88.012 87.905 87.862 87.76 87.917 88.09
89.71 89.782 89.842 89.877 89.887 89.905 89.907 89.92 90.007 90.125 90.28 90.317 90.31 90.25 91.397 95.882 98.617 100.035 99.942 99.87 99.115 95.5 90.3 90.092 97.782 99.15 99.532 94.215 91.222 90.97 90.765 94.822 96.405 98.062 99.815 98.182 95.195 94.005 91.097 89.86 89.445 89.41 89.262 89.16 89.102 89.035 88.952 88.905 88.83 88.82 88.67 88.615 88.765 88.822 88.602 88.54 88.477 88.422 88.34 88.315 88.26 88.177 88.06 87.965 87.915 88.41 87.89 88.327 88.035
89.745 89.8 89.835 89.922 89.95 89.99 90.022 90.095 90.157 90.172 90.392 90.527 90.37 90.307 90.215 92 98.602 100.227 100.055 99.94 99.75 98.345 92.517 91.08 98.025 98.767 99.615 98.362 89.887 90.322 89.807 95.53 96.2 97.237 96.262 94.302 90.31 89.58 89.537 90.027 89.397 89.332 89.24 89.142 89.082 89.01 88.922 88.837 89.17 89.662 89.012 88.712 88.69 88.652 88.61 88.572 88.485 88.437 88.387 88.34 88.237 88.152 88.125 88.577 88.235 88.74 87.78 87.745 87.715
89.792 89.815 89.96 89.932 89.987 90.105 90.455 90.09 90.15 90.202 90.322 90.917 90.395 90.327 90.275 90.202 93.927 98.997 99.94 99.975 99.955 99.59 98.467 95.62 98.72 99.142 99.74 99.185 92.987 91.307 89.862 92.225 91.647 90.772 90.02 91.782 89.862 90.645 91.075 90.562 89.35 89.257 89.177 89.115 89.27 89.475 88.962 88.902 88.91 88.88 88.847 88.785 88.742 88.662 88.66 88.58 88.522 88.44 88.335 88.322 88.17 88.097 88.047 88.04 87.982 87.93 87.93 87.965 88.042
89.837 89.872 89.86 90.165 89.99 90.197 90.26 90.075 90.115 90.25 90.277 90.387 90.887 90.417 90.395 90.29 91.132 96.23 98.832 98.835 99.992 99.9 99.447 99.512 99.657 99.607 99.467 98.705 93.295 90.562 89.907 89.825 89.987 90.187 90.665 90.04 90.415 90.2 89.595 89.4 89.27 89.172 89.135 89.102 89.502 89.422 89.025 88.997 88.95 88.95 88.892 88.827 88.715 88.655 88.65 88.885 89.252 88.605 88.312 88.257 88.252 88.192 88.185 88.135 88.155 88.212 89.402 89.632 88.197
89.955 89.977 89.965 89.922 90.007 90.152 90.177 90.14 90.145 90.237 90.305 90.342 90.682 90.552 90.47 90.385 90.207 90.725 95.812 99.665 100.125 100.367 99.542 98.32 98.677 95.877 93.607 93.517 91.15 90.43 90.952 91.38 91.477 90.647 89.697 89.647 89.557 90.685 92.537 90.342 89.422 89.257 89.242 89.202 89.167 89.157 89.112 89.067 89.055 88.99 88.892 88.805 88.77 89.167 89.757 89.202 89.397 88.49 88.462 88.387 88.437 88.742 88.822 88.917 89.517 88.642 88.8 89.5 88.772
90.602 90.042 90.037 90.007 89.992 90.082 90.17 90.17 90.17 90.24 90.332 90.372 90.432 90.905 90.562 90.437 90.325 90.215 90.782 98.432 99.185 97.172 96.512 92.957 91.802 90.762 89.992 90.42 90.81 91.175 90.81 90.032 89.81 89.727 89.677 89.55 89.475 89.56 90.712 89.537 89.38 89.39 89.312 89.307 89.225 89.192 89.107 89.052 89.03 89.21 89.23 88.795 88.722 88.902 88.825 88.665 88.622 89.047 89.415 89.612 88.922 89.79 89.542 89.11 89.865 88.605 88.812 89.827 91.04
97.567 92.307 90.11 90.077 90.025 90.085 90.215 90.282 90.242 90.262 90.292 90.43 90.425 90.55 91.152 90.615 90.445 90.362 90.267 94.762 95.247 92.285 90.055 90.075 90.872 90.682 91.042 90.595 89.982 90.037 90.532 89.832 89.747 89.677 89.625 89.635 89.622 89.572 89.555 89.537 89.482 89.45 89.4 89.317 89.245 89.232 89.3 89.715 89.43 89.705 89.125 88.897 88.855 88.827 88.862 89.012 90.235 89.345 89.627 89.237 89.807 89.687 89.312 89.11 89.037 90.487 93.277 92.22 94.795
100.327 93.52 90.162 90.137 90.15 90.06 90.152 90.267 90.315 90.302 90.327 90.372 90.447 90.51 90.67 91.212 90.567 90.497 90.38 90.255 90.275 90.345 90.815 91.162 90.857 90.177 90.007 89.985 89.97 89.92 89.837 89.82 89.782 89.765 89.762 89.72 89.71 89.675 89.61 89.545 89.502 89.46 89.38 89.35 89.68 90.067 89.472 89.445 89.11 89.087 89.07 89.152 88.967 89.21 89.247 89.402 90.947 89.327 89.362 89.332 89.247 89.985 89.94 90.887 94.087 95.192 95.687 95.952 96.257
101.282 98.557 93.197 90.205 90.192 90.175 90.172 90.23 90.302 90.347 90.352 90.375 90.46 90.525 90.565 90.69 90.637 90.567 90.79 91.185 91.125 90.76 90.607 90.18 90.135 90.125 90.092 90.07 89.997 89.952 89.88 89.87 89.847 89.875 89.825 89.792 89.777 89.682 89.667 89.67 89.555 89.812 90.372 89.72 89.395 89.292 89.277 89.235 89.232 89.402 89.237 89.977 89.827 89.385 89.392 89.45 90.842 90.232 90.052 91.852 92.677 93.997 90.332 91.095 93.402 95.895 96.63 96.625 97.195
101.947 100.997 98.68 93.682 90.247 90.235 90.192 90.205 90.312 90.375 90.352 90.385 90.442 90.565 90.55 90.567 91.42 91.32 90.742 90.52 90.35 90.295 90.267 90.245 90.247 90.247 90.12 90.13 90.105 90.047 90 89.975 89.98 89.94 89.932 89.855 89.757 89.712 89.687 93.147 90.78 89.822 89.53 89.477 89.447 89.445 89.51 89.76 89.737 89.655 89.865 89.967 89.405 89.372 89.53 91.342 92.422 93.465 95.582 95.667 96.025 96.207 92.87 90.577 92.972 95.557 96.372 97.427 97.262
102.072 101.755 100.742 99.037 90.315 90.297 90.28 90.28 90.335 90.397 90.425 90.447 90.435 90.492 90.587 90.582 90.55 90.517 90.497 90.46 90.462 90.407 90.36 90.302 90.247 90.2 90.202 90.185 90.162 90.155 90.072 90.037 90.002 89.977 89.905 89.827 89.74 89.73 89.72 90.595 89.69 90.435 89.867 89.727 89.797 89.942 89.857 89.77 89.85 90.35 90.635 89.52 90.362 92.082 94.072 95.542 96.612 96.28 96.51 96.765 97.157 96.78 94.327 91.117 94.67 95.232 96.175 96.672 96.5
102.057 102.025 101.465 100.362 94.49 90.38 90.375 90.347 90.43 90.422 90.482 90.48 90.49 90.507 90.49 90.607 90.597 90.505 90.505 90.432 90.402 90.365 90.33 90.41 90.345 90.282 90.28 90.287 90.227 90.177 90.125 90.082 90.035 89.917 89.95 90.332 89.9 89.835 89.792 89.845 89.902 90.942 90.575 90.01 90.085 89.995 90.007 90.435 92.25 91.955 93.85 91.045 91.33 93.677 96.12 96.742 97.12 97.85 97.515 97.645 97.277 96.79 95.865 89.772 94.312 94.235 95.377 94.827 93.542
101.877 102.115 101.952 101.002 99.997 91.567 90.442 90.447 90.36 90.415 90.435 90.56 90.532 90.577 90.502 90.51 90.497 90.477 90.51 90.467 90.505 90.537 90.482 90.45 90.435 90.395 90.367 90.337 90.282 90.22 90.167 90.12 90.1 90.117 90.087 90.04 90.347 90.082 89.97 90.037 90.122 90.225 90.162 90.032 90.192 90.42 93.192 92.707 96.057 96.322 96.232 93.635 90.227 92.592 95.477 96.972 98.007 98.147 97.915 97.225 96.742 96.037 94.982 90.535 89.725 90.73 89.502 90.302 89.37
101.202 102.01 102.032 101.282 100.242 95.17 90.532 90.45 90.457 90.45 90.45 90.522 90.6 90.567 90.615 90.615 90.592 90.602 90.582 90.595 90.68 90.695 90.602 90.495 90.492 90.427 90.522 90.407 90.38 90.28 90.275 90.245 90.325 90.247 90.577 90.75 90.575 90.875 90.192 90.335 90.205 90.312 91.842 91.25 93.795 95.802 96.51 96.21 96.422 96.22 96.185 95.957 90.017 94.505 95.425 96.6 97.495 97.202 97.04 96.082 95.732 94.612 90.525 89.887 90.547 89.322 89.075 88.937 88.935
100.217 101.505 101.34 100.515 97.77 93.097 90.602 90.507 90.497 90.487 90.472 90.562 90.59 90.617 90.632 90.65 90.662 90.722 90.787 90.762 90.672 90.602 90.597 90.565 90.685 90.595 90.56 90.48 90.465 90.41 90.747 91.54 92.15 92.027 90.485 90.42 90.402 90.74 90.645 90.415 91.542 94.117 95.582 95.065 96.367 96.172 96.232 96.157 96.215 96.142 96.145 96.412 92.18 92.572 95.472 96.195 96.425 95.987 95.177 92.692 91.247 89.375 89.235 89.55 90.897 89.85 89.142 89.055 88.777
97.165 100.607 100.17 96.245 91.975 90.632 90.582 90.557 90.552 90.572 90.54 90.562 90.615 90.645 90.717 90.74 90.702 90.77 90.725 90.715 90.707 92.672 90.725 90.742 90.687 90.607 90.585 90.555 90.542 91.912 92.802 92.637 92.672 91.682 90.557 91.262 91.76 90.772 91.022 90.385 92.122 96.192 96.297 96.277 96.252 96.205 96.145 96.15 96.165 96.202 96.112 96.097 94 90.682 93.272 93.742 93.542 91.775 89.645 90.302 89.397 89.5 88.985 89.442 90.142 89.277 89.16 88.56 88.457
95.132 98.58 94.905 90.73 90.7 90.615 90.635 90.665 90.635 90.6 90.602 90.567 90.577 90.67 90.707 90.707 90.782 90.722 90.742 90.692 90.757 92.077 94.427 91.692 91.147 90.735 90.91 91.03 90.685 91.105 91.352 91.352 90.855 90.875 91.072 92.952 93.28 93.777 91.902 90.505 90.695 94.387 96.28 96.265 96.442 96.125 94.882 96.507 95.077 94.34 92.115 95.175 94.76 89.962 92.227 91.552 90.305 89.527 89.54 90.88 90.18 89.632 88.762 88.685 89.645 89.472 89.622 88.45 88.36
