LIDAR-DSM-2M-TQ28ne/tq2788_DSM_2M.asc
ncols 500
nrows 500
xllcorner    527000
yllcorner    188000
cellsize     2
NODATA_value -9999
[rows 96 to 127 of 500, columns 360 to 431 of 500]
92.252 91.872 93.114 93.059 92.902 92.814 92.797 92.677 92.559 93.174 92.297 92.277 92.299 94.509 91.609 90.072 90.127 90.169 90.039 90.072 90.789 92.547 96.959 100.182 101.727 101.512 101.312 101.149 100.964 100.807 100.317 96.492 96.042 93.484 90.012 89.029 90.317 89.177 88.222 88.102 88.129 87.874 87.634 87.497 87.422 87.327 87.272 87.189 87.587 87.222 86.799 86.789 86.779 86.757 86.584 86.504 86.407 86.312 86.302 86.062 86.389 90.017 91.217 88.537 89.039 90.307 93.582 92.789 88.532 86.924 88.219 91.567
93.334 94.162 93.284 93.107 93.054 92.999 93.149 92.819 93.804 93.192 93.872 93.814 93.857 92.482 90.264 90.069 90.084 90.062 90.002 90.062 90.612 90.149 94.117 100.994 101.567 101.354 101.192 101.002 100.839 100.687 96.972 97.177 97.614 96.317 93.454 89.649 89.452 89.047 89.632 88.074 87.994 87.927 87.852 87.519 87.399 87.794 87.562 87.179 87.067 86.957 86.834 86.737 86.894 86.772 86.649 86.587 86.532 86.327 86.284 86.389 86.559 86.004 86.154 85.994 86.652 86.487 89.014 88.907 87.369 86.287 86.044 85.777
94.349 93.559 93.349 93.219 93.187 93.237 93.082 94.512 96.922 96.524 94.299 97.617 93.307 90.549 90.172 90.099 90.102 90.074 90.024 90.004 90.032 90.087 90.267 92.524 98.392 101.072 101.064 100.864 100.717 96.802 96.707 97.999 97.249 95.274 91.069 91.519 89.619 89.072 88.522 88.252 88.062 87.892 87.989 87.554 87.447 87.399 88.119 87.424 87.054 86.992 86.909 86.804 87.412 87.304 87.024 86.464 86.397 86.444 86.322 86.392 86.289 86.012 85.944 86.167 86.069 85.792 85.769 85.892 85.714 85.894 85.937 86.282
93.779 93.587 93.442 93.404 93.414 93.332 93.082 95.492 96.049 96.917 96.072 95.864 90.164 90.164 90.182 90.174 90.142 90.084 90.062 89.999 90.192 91.102 89.472 89.702 92.949 93.439 97.467 100.792 99.747 96.344 97.627 97.797 96.414 94.514 91.594 91.522 93.877 94.039 90.737 89.504 88.384 87.939 87.769 87.689 87.704 87.467 87.324 87.122 87.014 86.937 86.894 86.792 86.714 86.679 87.257 86.947 86.992 86.667 86.154 86.129 86.039 86.189 86.094 86.454 86.442 86.167 86.752 86.092 85.817 86.719 86.164 85.967
93.737 93.612 93.577 93.6 93.522 93.332 93.182 97.125 97.545 98.795 96.007 90.835 90.32 90.272 90.245 90.202 90.16 90.105 90.057 89.992 90.11 89.957 89.58 89.445 89.445 89.415 92.015 96.785 94.432 95.945 97.397 97.917 97.637 96.597 94.627 92.427 95.825 96.622 95.86 93.222 88.437 88.427 87.992 87.917 87.917 87.862 87.537 87.224 87.029 86.907 86.824 86.739 86.697 86.604 86.562 86.429 86.834 86.872 86.134 86.052 85.999 85.912 85.862 85.829 85.804 85.757 85.767 85.674 85.684 85.692 85.664 85.629
93.732 93.717 93.71 93.64 93.497 94.13 96.982 96.047 99.965 98.442 94.717 90.807 90.38 90.33 90.257 90.177 90.19 90.157 90.085 90.562 90.32 89.677 89.622 89.592 89.52 89.44 90.747 90.46 91.262 90.342 94.95 97.242 97.625 98.37 96.772 95.912 96.915 97.675 96.25 92.475 88.557 88.512 87.889 88.414 88.114 87.857 88.047 87.484 87.142 87.002 86.797 86.689 87.107 86.964 86.499 86.464 86.354 86.309 86.209 86.117 86.037 86.324 86.464 86.207 86.664 86.417 85.742 85.592 85.594 85.582 85.584 85.574
93.832 93.785 93.737 93.667 93.587 94.25 95.837 97.09 97.86 97.982 93.652 90.637 90.372 90.327 90.275 91.835 92.22 93.215 91.25 90.195 89.745 89.667 89.635 89.6 89.527 90.605 90.787 90.077 91.31 91.237 90.86 92.62 95.825 96.807 97.69 97.305 97.685 96.767 94.425 90.337 92.797 92.792 91.984 89.927 88.114 88.762 88.502 87.402 87.227 87.049 89.094 91.079 93.799 93.559 87.149 86.389 86.322 86.304 86.242 86.137 86.064 85.994 85.917 85.857 85.797 85.752 85.719 85.702 85.664 85.639 85.659 85.677
93.905 93.875 93.755 93.702 93.697 93.907 95.532 96.997 98.077 97.48 91.385 90.87 90.372 90.357 91.552 93.745 96.422 97.15 94.047 90.965 89.737 89.682 89.635 89.6 89.742 92.265 91.02 89.4 89.17 91.165 91.055 91.955 90.915 94.275 96.272 97.367 97.252 95.405 89.67 93.302 94.524 94.999 94.972 92.154 88.899 89.094 87.644 87.372 87.244 87.819 93.434 96.527 95.974 93.964 93.674 91.452 89.037 86.942 87.762 86.732 86.037 85.949 85.902 86.044 85.807 85.767 85.744 85.709 85.687 85.669 85.694 85.672
93.96 93.935 93.837 93.767 93.747 94.18 95.655 100.775 102.312 97.275 91.172 91.14 90.637 94.645 93.185 92.302 93.767 92.345 96.535 92.387 90.445 90.205 89.622 89.535 90.885 91.612 89.862 89.595 89.145 89.152 89.78 89.767 89.245 90.425 92.28 95.735 96.097 92.022 91.185 95.135 96.009 95.774 95.114 93.847 92.442 90.704 90.799 87.817 87.622 87.632 96.352 97.457 96.007 97.842 93.192 94.654 96.089 92.867 94.074 89.717 88.722 86.759 86.922 88.779 88.057 85.727 85.669 85.692 86.537 86.259 85.717 86.622
93.992 93.912 93.952 94.082 94.28 93.835 97.092 104.32 106.007 94.96 91.157 91.172 91.147 95.35 97.662 96.417 98.025 94.095 91.175 93.605 93.087 92.592 89.59 90.225 90.515 89.637 89.367 89.357 89.637 89.497 90.217 90.235 89.162 89.037 88.81 90.225 91.75 89.562 93.595 96.02 97.294 96.757 95.857 94.944 93.914 93.849 95.412 92.374 88.504 87.684 90.817 94.817 92.649 97.172 97.444 96.132 96.522 96.909 97.074 97.109 96.882 91.852 88.824 90.082 88.712 86.829 85.704 85.692 85.984 85.934 85.647 87.034
94.017 94.037 94.137 93.2 91.012 94.015 94.447 95.96 98.515 93.957 92.305 91.167 91.915 93.68 92.302 94.46 93.292 96.832 100.862 92.292 93.302 90.685 89.742 91.12 89.62 89.5 89.49 89.452 89.71 89.82 90.157 89.24 88.96 88.897 88.822 88.645 89.472 90.762 95.217 96.495 97.589 98.057 97.507 96.402 95.302 94.909 95.439 93.884 91.632 87.302 86.972 86.919 86.904 89.047 95.724 95.847 96.899 95.397 96.152 95.954 96.862 93.159 88.812 89.734 89.402 89.919 87.624 85.894 85.849 85.867 85.932 86.149
94.09 94.232 93.635 89.55 88.675 90.215 93.04 93.817 93.832 94.445 94.182 93.065 91.677 95.567 98.227 94.15 92.187 96.007 99.392 92.202 96.24 89.972 90.565 90.625 89.615 89.582 89.527 89.492 91.167 90.71 89.432 89.06 88.995 88.967 88.797 88.89 89.525 90.537 93.135 95.055 95.934 96.889 97.997 97.867 96.919 95.997 95.237 94.287 91.202 87.119 86.977 86.912 86.912 86.889 87.144 87.682 88.667 89.152 88.187 91.772 92.512 90.267 87.639 90.809 91.602 89.987 87.177 85.892 86.419 86.904 86.717 87.899
94.192 93.157 88.667 88.61 88.73 88.722 88.775 92.62 93.84 94.022 93.967 94.032 95.125 98.622 95.64 96.175 93.97 93.407 95.75 92.835 93.79 90.645 90.882 89.772 89.662 89.645 89.572 89.505 92.005 91.002 89.125 89.087 89.035 88.92 89.16 88.925 88.482 90.632 91.297 91.785 93.644 95.219 96.177 96.897 97.569 97.389 96.137 94.454 87.442 87.169 86.922 86.899 86.897 86.892 86.894 86.899 86.864 86.882 86.907 86.877 86.877 86.867 86.854 87.429 87.247 88.117 87.329 85.949 86.019 86.224 86.712 86.654
92.897 88.852 88.645 88.68 88.635 88.695 88.715 89.04 92.522 93.685 93.54 93.607 93.9 97.062 97.29 95.172 98.207 96.167 94.7 91.537 95.587 93.49 91.407 91.445 90.955 89.67 89.612 90.11 89.915 89.25 89.142 89.12 89.055 88.932 91.227 89.875 88.502 88.495 89.137 90.592 91.424 91.949 94.702 96.532 96.614 96.689 95.287 90.089 87.262 87.162 86.902 86.932 86.904 86.917 86.927 86.914 86.907 86.897 86.899 86.887 86.887 86.867 86.894 86.864 86.787 86.749 85.937 86.017 87.124 88.829 89.197 88.354
88.877 88.79 88.682 88.697 88.692 88.685 89.25 88.747 89.242 92.78 93.535 93.397 93.427 96.007 98.517 96.682 97.112 94.782 94.762 94.292 96.037 95.562 92.405 92.427 92.425 90.562 90.53 91.17 89.367 89.22 89.192 89.127 89.04 89.185 92.205 89.28 88.672 88.525 88.545 88.582 89.744 88.877 89.617 92.792 95.204 95.292 93.814 87.622 87.379 87.062 86.932 86.919 86.902 86.919 86.919 86.902 86.907 86.912 86.917 86.914 86.894 86.899 86.902 86.857 86.779 86.319 85.997 86.117 87.554 93.847 94.379 94.394
89.035 88.732 88.727 88.745 88.71 88.74 88.707 88.86 88.752 88.85 91.812 93.162 93.247 93.85 93.925 96.602 95.72 95.885 94.642 93.862 99.445 94.4 90.995 93.985 93.007 94.48 93.06 90.645 89.312 89.255 89.22 89.155 89.087 90.44 90.225 88.872 88.557 88.605 88.527 88.7 88.687 88.164 88.044 88.952 89.114 91.334 90.214 88.632 87.459 86.987 86.939 86.944 86.899 86.919 86.909 86.922 86.922 86.912 86.904 86.907 86.897 86.894 86.904 86.879 86.792 86.432 86.017 86.112 87.239 94.669 94.682 94.667
93.967 93.555 88.875 88.762 88.732 88.715 88.752 88.757 88.795 88.997 88.872 90.735 93.407 93.082 92.95 93.165 93.37 96.06 95 96.122 94.5 93.347 94.537 95.65 93.21 93.857 91.015 89.505 89.325 89.32 89.222 89.142 89.405 89.68 89.122 88.672 88.625 88.88 88.64 88.627 88.582 88.154 87.957 89.649 89.372 89.922 91.309 91.094 87.982 86.922 86.939 86.909 86.919 86.922 86.919 86.927 86.922 86.904 86.914 86.929 86.914 86.902 86.887 86.862 86.759 86.574 86.042 86.129 86.499 94.349 94.697 94.644
93.947 93.075 93.84 92.38 88.74 88.762 88.75 88.77 88.812 88.787 88.805 88.885 89.58 92.257 93.097 92.81 93.765 94.442 99.392 94.54 100.765 94.907 95.612 96.095 95.86 93.195 90.537 89.762 89.465 89.895 89.272 90.03 90.925 89.725 89.075 88.71 88.632 88.59 88.945 88.685 88.349 88.227 88.007 88.132 88.459 90.772 92.537 91.714 89.852 86.919 86.937 86.929 86.947 86.942 86.937 86.942 86.924 86.912 86.919 86.922 86.897 86.929 86.907 86.849 86.782 86.627 86.229 86.142 86.239 94.042 94.677 94.669
92.72 94.867 93.56 93.795 89.88 88.8 88.787 88.772 88.797 88.81 88.817 89.067 88.922 88.977 91.527 92.65 94.63 98.412 97.717 101.845 97.74 95.082 97.82 98.097 92.99 91.552 90.545 89.835 91.34 89.745 91.095 89.742 89.242 89.777 88.862 88.71 88.657 89.277 89.025 89.135 89.534 88.262 88.252 88.272 90.674 92.047 91.349 92.832 87.012 86.944 86.989 86.947 86.979 86.954 86.959 86.934 86.937 86.932 86.922 86.917 86.909 86.902 86.914 86.819 86.794 86.607 86.147 86.142 86.262 93.659 94.719 94.732
93.477 90.815 93.007 90.995 91.867 89.83 88.795 88.797 88.84 88.827 88.85 88.812 89.152 89.005 89.072 89.442 93.31 92.502 94.522 101.885 96.522 98.832 97.642 96.105 93.76 91.282 90.092 91.482 93.485 92.885 92.517 91.482 90.57 89.207 88.86 88.72 89.362 92.95 90.65 88.595 88.802 88.292 88.259 88.477 92.494 93.097 92.622 89.807 86.954 86.964 86.964 86.959 86.944 86.962 86.949 86.969 86.937 86.952 86.919 86.999 86.922 86.917 86.912 86.804 86.797 86.657 86.164 86.137 86.277 93.052 94.677 94.649
98.44 92.675 97.317 94.897 90.682 92.395 91.097 88.835 88.835 88.86 88.86 88.867 88.852 89.127 88.93 89.077 89.455 91.21 95.88 96.732 95.095 97.245 95.455 93.282 93.18 92.325 91.157 93.94 95.772 94.405 94.33 91.317 90.15 89.265 88.857 88.772 88.677 89.447 88.785 88.45 88.314 88.274 88.262 88.787 92.697 92.869 93.654 88.024 86.944 86.964 86.944 86.954 86.959 86.949 86.947 86.954 86.944 86.929 86.924 86.932 86.929 86.914 86.899 86.857 86.812 86.647 86.249 86.159 86.282 90.764 94.702 94.694
94.315 93.662 94.54 92.442 92.38 91.972 90.765 89.66 88.897 88.84 88.89 88.897 88.907 88.937 88.98 88.925 89.072 89.095 90.087 94.022 92.125 91.942 91.842 92.187 92.825 92.517 93.005 96.632 96.097 96.17 94.752 92.997 91.727 89.245 88.845 88.765 88.695 88.882 88.7 88.787 88.329 88.304 88.264 90.939 93.712 93.892 91.789 87.044 86.977 86.959 86.954 86.967 86.964 86.952 86.957 86.944 86.942 86.942 86.942 86.937 86.954 86.929 86.899 86.824 86.804 86.672 86.307 86.177 86.284 88.067 94.724 94.674
93.837 92.025 93.092 94.052 94.66 96.23 95.365 93.285 89.707 88.94 88.867 88.9 88.897 88.935 88.942 89.145 88.955 89.092 89.09 89.042 91.08 92.167 91.825 91.685 91.585 92.14 91.925 96.725 94.352 96.185 94.752 92.687 89.392 89.122 88.942 88.825 88.79 89.025 88.575 88.367 88.337 88.304 89.437 92.502 93.442 88.782 88.009 86.997 86.969 86.977 86.947 86.992 86.979 86.957 86.957 86.954 86.952 86.932 86.942 86.927 86.942 86.952 86.902 86.849 86.812 86.657 86.357 86.214 86.294 86.712 94.702 94.699
92.457 92.557 92.027 92.52 94.45 96.76 94.745 90.765 91.307 89.732 89.055 88.927 88.947 88.927 88.94 88.967 89.02 89.06 89.09 89.147 89.095 89.107 91.137 91.755 91.575 91.432 91.432 93.007 93.877 93.665 93.707 93.805 90.13 89.947 89.045 88.95 88.94 91.475 91.095 88.58 88.329 88.317 91.877 93.782 89.857 87.097 87.064 87.024 86.974 86.997 86.967 86.982 86.969 86.974 86.957 86.964 86.957 86.942 86.952 86.932 86.924 86.919 86.879 86.884 86.737 86.602 86.364 86.249 86.304 86.327 94.762 94.704
92.465 92.575 92.85 93.415 93.53 92.665 94.022 90.665 90.575 91.752 90.007 89.12 88.975 88.952 88.962 88.972 88.995 89.187 89.032 89.032 89.185 89.15 89.14 90.615 92.47 91.527 91.322 91.195 91.72 92.26 92.172 91.905 90.5 89.425 89.167 89.2 89.097 89.165 89.37 88.79 88.912 88.949 91.019 93.642 87.849 87.089 87.047 87.017 86.999 86.977 86.987 86.974 86.989 86.982 86.974 86.992 86.964 86.949 86.952 86.944 86.934 86.944 86.869 86.749 86.629 86.457 86.322 86.239 86.344 86.332 94.794 94.694
95.952 92.467 92.535 92.437 92.31 92.007 91.397 90.962 90.635 90.805 91.75 90.192 89.375 88.997 88.992 88.992 88.995 88.987 89.302 89.397 89.092 89.187 89.2 89.17 89.337 90.447 91.217 91.18 91.037 90.912 90.957 91.402 91.772 91.757 90.52 90.57 90.357 89.465 89.37 89.302 89.939 88.439 88.654 88.437 88.324 88.382 87.504 87.042 86.982 86.979 86.987 87.009 86.982 86.989 86.972 86.979 86.969 86.947 86.972 86.942 86.942 86.939 86.824 86.757 86.649 86.492 86.347 86.272 86.337 86.374 94.794 94.712
101.562 96.967 92.46 92.647 92.33 92.315 92.08 91.865 90.92 90.602 90.597 90.595 90.327 89.622 89.067 89.005 89.017 89.012 89.022 89.027 89.27 89.082 89.217 89.242 89.242 89.242 89.567 90.35 90.782 90.977 90.797 90.627 90.525 90.872 91.267 91.985 93.327 90.375 89.62 89.105 89.777 91.382 90.349 89.902 90.064 92.027 92.667 91.102 90.599 89.177 88.349 87.002 86.974 86.987 86.979 86.982 86.972 86.979 86.964 86.954 86.947 86.917 86.827 86.767 86.694 86.557 86.407 86.317 86.334 86.357 93.847 94.684
101.11 99.92 93.745 92.835 92.502 92.08 92.285 92.027 91.552 90.91 90.635 90.63 90.585 91.48 90.537 89.14 89.035 89.037 89.027 89.08 89.075 89.13 89.135 89.245 89.37 89.26 89.255 89.275 89.227 90.392 90.877 90.695 90.522 90.382 90.272 90.395 92.12 93.322 92.805 91.98 90.322 91.204 91.394 90.022 90.092 92.742 93.574 93.249 92.902 92.562 92.317 91.519 90.112 89.259 88.194 87.507 87.244 87.074 86.962 86.974 86.962 86.927 86.824 86.787 86.714 86.614 86.489 86.382 86.354 86.359 92.497 94.659
99.905 94.85 92.485 92.32 93.002 92.13 92.272 92.397 91.837 91.625 90.96 91.047 92.105 95.102 92.475 90.515 89.987 89.07 89.072 89.087 89.092 89.112 89.412 89.135 89.272 89.312 89.287 89.32 89.35 89.357 89.32 90.002 90.477 90.64 90.32 90.215 90.102 90.517 91.69 92.335 93.002 91.642 90.374 90.407 90.147 93.382 93.509 93.162 92.817 92.492 92.359 92.602 92.312 92.467 92.672 92.892 92.419 90.409 88.314 87.772 86.922 86.944 86.884 86.819 86.734 86.649 86.519 86.402 86.382 86.787 91.112 94.699
96.84 92.882 92.295 92.205 92.097 92.072 92.802 92.962 92.512 91.74 91.687 91.935 90.95 93.117 94.122 91.217 90.535 89.885 89.13 89.11 89.122 89.115 89.157 89.2 89.297 89.28 89.372 89.312 89.272 89.35 89.445 89.422 89.322 89.727 90.445 90.312 90.257 90.05 90.012 89.99 90.222 90.217 90.607 90.952 88.534 90.962 90.579 92.472 92.769 92.399 92.397 92.597 92.289 92.554 92.902 93.244 93.594 91.992 90.052 90.524 89.487 88.807 87.499 87.007 87.002 87.369 86.544 86.432 86.409 90.502 94.619 94.687
93.857 92.352 92.22 92.105 92.037 92.702 92.055 91.85 92.41 92.572 92.067 92.355 91.535 92.832 95.165 90.775 90.85 91.22 89.732 89.225 89.13 89.157 89.125 89.19 89.307 89.4 89.252 89.355 89.327 89.305 89.31 89.442 89.537 89.51 89.407 89.495 90.167 91.242 90.602 90.162 89.982 89.919 89.969 90.212 90.007 89.244 88.437 88.029 87.437 89.134 89.179 90.584 92.052 92.644 92.992 93.324 93.677 91.044 90.247 90.634 90.569 90.157 87.389 87.082 87.484 87.622 86.749 86.469 86.414 90.612 94.722 94.662
92.39 92.28 92.177 92.065 92.262 91.777 91.832 92.412 92.582 91.93 92.845 92.39 91.88 92.597 95.532 91.052 90.547 90.587 91.217 90.342 89.652 89.21 89.192 89.185 89.182 89.292 89.362 89.242 89.412 89.425 89.362 89.302 89.375 89.477 89.537 89.6 89.577 89.68 90.33 91.05 90.259 90.037 89.942 89.902 89.912 89.999 90.132 90.079 89.457 88.469 88.099 87.662 87.539 87.934 89.407 91.102 93.344 89.172 90.342 90.684 90.494 89.149 87.234 87.457 87.154 86.984 86.859 86.564 86.409 89.884 94.734 94.687
