LIDAR-DSM-2M-TQ28ne/tq2787_DSM_2M.asc
ncols 500
nrows 500
xllcorner    527000
yllcorner    187000
cellsize     2
NODATA_value -9999
[rows 90 to 119 of 500, columns 268 to 334 of 500]
107.14 107.248 109.383 110.893 111.495 110.833 111.86 110.963 108.923 105.395 103.843 104.555 103.408 103.533 103.268 102.778 102.63 102.698 102.725 102.72 102.608 102.708 102.743 102.728 102.67 102.633 102.568 102.523 102.76 105.558 109.178 110.255 109.888 109.85 109.353 108.235 108.963 109.528 109.133 108.163 105.023 103.19 102.378 103.143 104.858 106.858 106.37 105.335 105.178 105.43 105.213 103.808 105.43 107.39 103.128 103.118 102.973 103.13 107.678 107.718 108.078 106.66 108.163 109.15 107.888 104.485 104.288
107.418 107.155 108.885 111.418 111.143 111.133 111.645 109.675 106.968 103.935 104.09 103.98 104.04 103.335 102.895 102.728 102.718 102.768 102.763 102.698 102.655 103.45 103.63 102.948 102.65 102.625 102.528 102.49 102.693 104.558 108.728 109.573 110.21 110.638 108.558 105.893 106.048 107.22 108.968 107.25 105.535 103.86 102.398 102.525 102.568 104.913 102.73 103.103 103.718 105.198 106.61 109.188 110.223 107.428 103.408 103.583 104.58 105.843 106.565 105.34 108.135 106.218 108.568 107.458 104.675 104.598 104.38
107.703 107.785 110.62 111.775 110.635 112.043 110.643 107.413 105.818 103.93 103.788 104.13 104.34 103.705 102.948 103.193 102.795 102.833 102.765 102.71 102.758 105.363 105.633 104.235 103.308 104.898 103.15 103.198 105.308 103.755 106.653 108.88 109.883 109.26 106.978 105.883 104.195 102.62 103.843 105.833 105.153 102.733 102.48 102.59 102.655 102.728 102.808 103.058 103.235 103.3 107.953 110.648 109.065 108.593 105.928 106.963 108.328 107.923 106.54 106.663 107.785 107.47 109.068 107.373 107.21 104.748 104.65
109.448 109.213 110.873 111.125 110.898 111.555 108.23 106.64 103.903 103.823 103.81 104.285 104.538 103.033 103.19 103.113 102.868 102.84 102.703 102.733 102.818 102.773 103.725 104.57 105.088 108.138 105.658 106.878 103.888 106.063 107.52 109.02 109.568 107.955 105.91 105.82 103.21 102.35 102.31 102.693 103.75 102.468 102.578 102.685 102.77 102.843 102.903 103.018 103.773 103.39 110.118 109.638 108.375 108.68 107.71 108.333 110.015 107.853 105.303 104.885 107.548 110.04 109.863 106.868 104.895 108.46 104.408
114.12 110.82 107.77 109.253 110.903 110.328 106.113 104.17 103.81 103.798 104.438 104.39 103.99 102.873 103.868 102.883 102.88 102.838 102.83 102.823 103.775 102.923 102.718 102.69 104.86 108.793 110.08 105.59 106.8 107.038 106.238 107.51 108.383 106.515 105.81 103.365 102.528 102.49 102.37 102.393 102.373 102.543 102.675 102.78 102.873 102.98 103.023 103.098 103.61 104.353 107.478 110.1 109.158 109.708 110.938 110.393 110.52 108.39 106.878 104.98 106.59 110.143 111.4 107.073 104.41 106.315 104.11
112.258 109.935 107.825 108.113 108.675 108.365 105.283 104.598 103.74 103.753 104.023 103.76 103.375 103.863 103.64 102.918 102.93 103.893 103.215 103.488 103.638 102.838 102.718 102.68 103.258 109.813 112.218 107.133 106.5 107.628 107.33 106.44 105.795 103.828 104.393 102.385 102.35 102.335 102.43 102.503 102.55 102.678 102.768 102.873 102.97 103.033 103.098 103.193 103.313 108.17 108.843 107.71 112.305 113.018 112.528 109.558 109.61 106.34 106.493 109.033 107.7 109.375 111.66 104.803 104.48 104.24 104.268
107.015 104.7 105.895 107.003 108.008 107.155 104.488 104.695 103.618 103.455 103.31 103.28 102.928 103.343 103.013 102.95 103.013 103.415 102.94 104.288 103.163 102.853 102.718 102.69 104.765 107.515 109.84 109.538 108.93 108.165 107.34 106.155 104.125 102.268 102.348 102.448 102.303 102.42 102.503 102.593 102.673 102.76 102.85 102.91 103.04 103.115 103.208 103.985 105.253 109.31 112.03 108.548 112.965 113.03 112.205 111.06 111.168 109.37 105.653 107.798 109.563 109.443 108.553 105.773 104.58 104.315 104.27
110.458 106.978 105.578 104.918 106.4 107.633 105.643 103.705 103.538 103.298 103.175 103.043 102.868 102.9 102.988 102.968 102.803 102.868 105.013 104.283 103.12 102.878 103.085 102.695 103.878 106.635 109.693 110.523 107.42 107.515 106.818 108.86 106.488 103.125 102.303 102.473 102.41 102.498 102.583 102.663 102.755 102.813 102.923 103.015 103.118 103.188 103.63 105.815 108.68 111.993 110.918 111.58 115.395 112.435 111.16 110.388 107.09 105.455 105.265 109.4 108.235 106.28 110.938 107.693 105.925 104.91 104.72
112.015 111.49 110.163 107.348 105.358 108.735 107.848 104.015 103.945 103.795 103.118 102.938 102.898 102.99 103.01 102.915 102.853 102.92 104.273 103.268 103.01 103.588 103.313 103.633 106.548 109.33 110.655 110.548 109.358 107.255 107.07 112.243 110.628 102.813 102.415 102.408 102.455 102.533 102.623 102.76 102.85 102.925 102.998 103.09 103.175 103.868 104.915 104.96 107.84 110.42 109.743 112.415 111.583 111.14 113.295 110.73 106.153 107.998 108.998 110.283 110.61 107.43 108.8 107.463 105.953 107.673 107.585
111.008 111.688 111.978 110.44 108.513 105.838 105.608 104.73 105.398 106.378 104.145 102.9 102.973 103.035 103.03 102.895 102.915 103.285 102.998 102.865 102.808 102.843 102.903 103.618 107.563 110.363 112.053 111.8 110.48 108.193 106.195 109.023 105.503 102.948 103.385 103.358 102.893 102.693 102.685 102.878 103.178 103.018 103.07 103.125 103.22 106.348 107.578 107.123 106.898 110.935 108.075 115.03 112.968 110.508 109.583 107.953 108.605 105.93 106.948 108.88 111.518 105.45 107.803 107.963 110.643 112.26 110.323
109.938 107.835 110.735 109.76 105.805 104.53 104.835 104.76 105.81 105.175 103.033 102.953 103.018 103.083 102.983 102.895 103.003 103.958 104.63 104.09 103.913 103.478 103.585 105.028 109.568 111.22 112.635 111.198 109.485 107.615 103.238 102.825 103.453 104.105 104.68 104 103.715 103.988 102.91 104.478 104.688 103.08 103.135 103.21 103.293 106.698 107.423 106.768 110.98 109.463 111.123 114.85 113.425 110.54 110.708 108.27 105.583 104.575 107.67 106.128 107.29 104.51 107.91 109.668 110.453 109.033 108.553
109.255 105.558 105.115 105.725 104.103 103.655 103.723 104.338 104.215 104.725 103.503 103.033 103.073 103.045 102.988 102.998 103.088 103.018 103.26 104.108 104.683 104.19 104.305 107.975 110.735 112.418 112.118 111.048 108.97 104.555 102.828 102.805 103.278 103.94 104.848 104.985 104.95 104.883 104.118 103.938 103.843 103.168 103.218 103.32 103.395 104.638 109.773 110.718 112.168 113.145 113.82 112.72 108.833 109.768 107.768 106.053 105.135 104.908 104.84 105.508 105.823 105.018 108.065 110.383 109.558 110.918 110.183
110.6 107.095 103.933 103.863 103.728 103.613 103.475 103.808 103.27 102.998 104.078 103.103 103.1 102.995 102.945 103.098 103.298 103.01 103.318 104.448 104.238 105.095 105.433 108.833 111.21 112.203 111.53 111.47 107.585 103.083 103.04 102.75 103.418 105.083 103.723 104.753 106.388 105.17 104.748 103.41 103.395 103.288 103.308 103.39 103.478 103.6 104.978 112.973 113.493 114.813 112.35 115.658 113.153 110.203 109.388 105.583 105.523 105.34 105.268 105.233 104.76 104.725 105.39 107.693 112.15 107.268 108.49
108.5 107.32 103.903 103.808 103.645 103.613 104.683 104.77 103.105 103.028 103.088 103.125 103.058 102.94 103.023 103.255 103.223 103.053 102.99 103.045 103.275 104.175 105.688 105.338 107.965 110.623 109.795 109.025 105.443 102.848 102.728 102.733 103.14 103.428 103.633 104.383 105.925 104.275 105.088 103.653 103.503 104.853 103.42 103.478 103.56 110.013 112.525 113.26 115.235 115.205 115.868 116.223 112.388 109.65 108.908 105.635 105.655 105.625 105.5 105.288 105.065 104.838 104.788 107.233 107.765 107.303 105.215
104.263 103.91 103.783 103.718 103.643 104.583 105.728 104.258 103.045 103.088 103.158 103.143 103.055 102.958 103.098 103.238 103.16 103.05 103.008 103.118 105.155 105.978 105.86 105.353 104.935 107.288 107.05 107.323 106.153 103.68 102.888 103.078 103.303 103.498 103.523 103.618 103.645 104.96 104.603 104.86 104.535 106.708 104.998 103.59 103.91 107.908 115.428 113.665 115.338 113.353 115.2 115.86 111.68 109.36 109.363 105.648 105.68 105.715 105.655 105.648 105.453 105.285 105.05 105.843 104.985 105.008 105.085
103.805 103.765 103.713 103.653 103.818 105.675 106.095 103.533 103.848 103.163 103.19 103.118 103.058 103.098 103.295 103.413 103.333 103.07 103.155 104.35 109.225 110.56 109.93 108.815 108.213 106.76 105.39 105.625 105.56 102.905 104.07 104.793 103.878 103.53 103.55 103.603 103.63 103.928 104.278 104.715 107.69 107.03 106.525 105.475 107.013 110.84 113.27 115.908 114.648 117.228 115.478 114.905 111.225 107.92 105.675 105.688 105.683 105.728 105.675 105.673 105.695 105.628 105.45 105.205 105.135 105.16 105.215
104.213 104.163 103.648 103.6 104.445 105.913 104.243 103.143 103.725 103.24 103.205 103.125 103.1 103.16 103.278 103.553 103.758 103.128 104.558 107.575 110.595 111.605 111.7 112.585 111.473 108.83 107.058 106.495 104.413 103.758 103.525 103.823 103.608 103.56 103.585 103.618 103.648 103.695 103.695 104.275 107.153 107.753 107.9 108.275 109.808 110.113 113.723 117.338 118.41 116.958 115.985 110.628 108.918 107.17 105.713 105.7 105.71 105.755 105.723 105.74 105.753 105.71 105.673 105.608 105.413 105.313 105.298
105.105 104.313 103.6 103.58 105.785 105.508 103.213 103.085 103.195 103.293 103.208 103.063 103.14 103.183 103.355 103.643 103.158 103.393 107.68 110.418 110.323 110.648 112.273 113.533 112.493 111.06 107.648 106.85 104.255 104.558 105.598 105.203 103.968 103.56 103.608 103.658 103.69 103.693 103.723 104.27 105.293 108.16 109.365 110.853 112.02 113.465 112.488 113.045 117.815 116.723 111.65 110.225 107.768 105.73 105.71 105.73 105.755 105.723 105.733 105.755 105.755 105.72 105.72 105.705 105.718 105.605 105.528
104.72 104.1 103.588 104.91 105.813 104.29 103.168 103.205 103.265 103.285 103.155 103.11 103.193 103.198 104.22 104.145 103.36 104.173 109.825 111.455 111.9 111.678 113.248 113.125 111.965 108.888 106.753 106.383 103.335 103.333 104.1 105.278 105.108 104.11 103.81 103.7 103.725 103.735 103.743 103.748 103.758 106.838 106.84 108.903 105.973 112.558 113.288 112.56 116.035 113.053 111.753 107.065 106.24 105.763 105.74 105.76 105.76 105.778 105.778 105.79 105.78 105.74 105.74 105.75 105.753 105.745 105.653
103.6 103.583 103.528 103.5 104.133 103.238 103.183 103.253 103.3 103.255 103.118 103.173 103.36 103.433 104.333 104.35 104.123 104.805 108.828 110.368 111.55 112.73 113.608 112.325 110.99 107.135 106.353 104.165 103.285 103.608 104.343 104.315 104.588 105.213 104.793 104.365 104.568 104.64 103.805 103.79 103.79 103.788 107.153 106.303 106.333 110.925 114.403 114.265 112.85 114.378 111.895 107.378 105.74 105.758 105.755 105.78 105.763 105.805 105.805 105.835 105.763 105.758 105.783 105.795 105.773 105.773 105.765
103.895 104.048 103.653 103.79 103.333 103.188 103.253 103.32 103.318 103.198 103.183 103.425 103.403 103.458 104.123 103.22 103.408 103.62 104.78 105.698 110.618 112.908 112.79 111.123 108.21 106.76 105.763 103.545 103.383 103.873 104.493 104.653 104.238 104.205 105.035 105.728 105.918 105.49 105.923 106.91 103.863 105.665 104.87 103.84 109.918 110.365 113.5 114.348 107.295 109.153 109.468 105.743 105.76 105.763 105.783 105.818 105.795 105.838 105.835 105.77 105.79 105.813 105.795 105.803 105.77 105.785 105.8
104.71 105.71 105.48 104.18 103.275 103.25 103.295 103.34 103.25 103.158 103.243 103.59 103.538 103.358 103.475 103.245 103.758 103.673 104.435 104.878 104.675 106.583 111.088 110.49 107.338 106.583 104.76 103.343 103.6 104.538 104.653 105 104.265 104.295 104.298 104.323 105.163 106.978 108.335 106.965 106.818 106.833 104.098 104.47 111.653 112.81 115.913 116.343 114.61 109.028 106.205 105.748 105.783 105.798 105.798 105.785 105.823 105.84 105.81 105.805 105.783 105.835 105.815 105.818 105.793 105.788 105.775
104.448 104.425 107.163 104.17 103.238 103.303 103.363 105.118 105.15 107.228 103.408 103.775 103.928 104.198 103.185 103.658 107.143 107.328 105.103 105.77 104.948 103.485 104.41 107.403 106.998 106.03 104.038 103.47 103.94 104.005 104.215 104.293 104.313 104.33 104.33 104.323 104.335 105.798 108.948 109.418 107.953 108.2 105.423 105.03 113.753 113.09 116.133 117.283 116.283 108.273 105.973 105.788 105.79 105.818 105.795 105.818 105.818 105.843 105.82 105.843 105.818 105.823 105.84 105.803 105.823 105.768 105.89
103.445 104.17 103.975 103.318 103.3 103.368 105.79 107.198 106.163 107.218 105.39 104.718 103.545 103.345 103.248 105.755 109.688 110.798 110.245 110.053 108.365 103.883 103.583 103.82 105.603 104.915 103.365 103.91 104.34 104.348 104.32 104.315 104.335 104.37 104.348 104.353 104.398 104.41 105.815 108.63 109.653 109.943 106.118 108.28 115.295 115.355 115.748 121.42 119.745 109.358 105.81 105.805 105.795 105.793 105.833 105.84 105.805 105.848 105.83 105.815 105.81 105.83 105.84 105.86 105.8 105.823 106.198
103.748 103.618 103.375 103.258 103.343 103.39 108.253 105.968 107.21 107.08 108.353 107.81 104.113 103.195 105.14 109.468 112.14 112.51 111.833 112.428 109.918 108.383 104.763 104.283 104.813 103.725 103.438 103.808 104.81 104.36 104.345 104.348 104.358 104.385 104.398 104.398 104.423 104.448 104.65 104.908 104.935 107.05 109.003 110.763 119.625 118.975 120.48 121.088 116.618 105.83 105.818 105.823 105.833 105.815 105.843 105.88 105.868 105.87 105.848 105.84 105.86 105.865 105.838 105.858 105.825 105.868 105.913
104.693 104.018 103.373 103.338 103.45 103.395 108.055 108.878 107.915 108.578 109.455 107.43 107.91 103.335 106.338 110.103 112.01 113.303 113.403 112.658 111.468 110.348 108.438 105.838 107.15 106.638 105.345 104.418 104.433 104.79 104.378 104.435 104.435 104.458 104.453 104.478 104.47 104.53 105.238 104.81 105.065 105.663 109.793 110.978 118.12 120.25 118.438 113.093 106.633 105.858 105.853 105.848 105.828 105.83 105.843 105.888 105.828 105.848 105.818 105.853 105.855 105.848 105.82 105.818 105.865 105.93 106.085
104.433 103.458 103.328 103.453 103.485 103.42 107.24 108.093 109.438 110.705 110.115 110.858 106.86 104.008 105.615 109.98 111.438 112.755 113.7 113.56 112.628 110.585 106.81 106.725 105.598 106.71 105.563 106.123 105.47 105.25 104.423 104.443 104.565 104.498 104.508 104.505 104.523 104.553 104.62 104.705 105.17 105.408 109.3 109.235 111.155 116.45 114.425 109.33 105.858 105.848 105.838 105.865 105.828 105.848 105.838 105.848 105.87 105.843 105.848 105.888 105.865 105.875 105.86 105.845 106.313 106.078 106.205
103.73 103.435 103.438 103.523 103.49 103.403 107.388 107.568 111.623 106.478 106.19 105.503 103.978 106.29 105.138 104.443 106.58 113.325 113.005 112.243 112.23 109.01 106.693 106.743 104.273 104.178 105.238 105.008 105.163 105.635 105.913 105.045 104.828 104.568 104.59 104.598 105.795 104.588 104.633 105.33 105.198 108.4 108.325 111.053 112.46 111.703 108.685 105.855 105.855 105.875 105.87 105.853 105.86 105.858 105.848 105.85 105.848 105.883 105.875 105.858 105.868 105.878 105.87 105.875 106.055 106.225 106.28
103.505 103.463 103.5 103.57 103.52 103.343 103.4 104 105.648 103.808 104.31 104.758 106.69 110.255 107.975 104.9 104.54 104.633 110.658 110.915 110.118 106.855 106.79 104.93 103.75 104.465 104.608 104.678 104.748 105.155 105.673 106.175 105.05 105.1 106.9 107.438 105.105 107.393 104.813 105.243 105.623 109.22 108.843 109.92 110.703 109.973 107.743 105.873 105.89 105.85 105.86 105.845 105.88 105.858 105.89 105.86 105.85 105.875 105.833 105.848 105.873 105.885 105.865 105.87 110.058 108.835 108.483
103.5 103.508 103.588 103.583 103.398 103.365 103.67 103.813 103.583 103.808 104.44 105.563 109.948 111.568 111.563 111.808 110.67 106.903 103.79 106.463 106.698 106.178 105.473 103.618 104.223 104.59 104.635 104.695 104.755 104.815 104.873 105.08 106.403 106.83 109.928 110.295 108.788 112.88 111.67 106.823 106.508 111.9 111.788 107.943 109.318 105.88 105.895 105.885 105.885 105.875 105.89 105.858 105.883 105.853 105.9 105.868 105.855 105.833 105.85 105.875 105.855 105.85 105.855 106.048 110.028 109.208 110.57
