LIDAR-DSM-2M-TQ28ne/tq2789_DSM_2M.asc
ncols 500
nrows 500
xllcorner    527000
yllcorner    189000
cellsize     2
NODATA_value -9999
[rows 186 to 216 of 500, columns 414 to 482 of 500]
99.584 100.186 101.846 99.539 99.344 99.346 99.384 100.129 102.811 103.319 101.526 102.084 103.999 103.276 100.639 100.809 102.096 101.456 101.504 102.116 101.914 101.364 102.164 102.876 102.874 102.459 100.594 103.111 101.549 100.956 100.566 101.529 103.711 105.629 104.324 103.686 106.726 107.744 106.709 106.529 107.641 106.646 100.741 102.676 106.846 107.321 107.986 107.859 106.864 101.741 103.991 107.414 108.319 107.804 107.691 107.371 106.361 101.154 101.201 101.154 102.434 101.256 101.279 101.911 102.336 101.444 101.256 101.259 101.386
101.876 101.694 102.369 99.796 99.416 99.419 99.426 99.601 102.806 103.399 101.811 102.271 103.379 103.271 100.956 101.481 103.299 103.134 103.299 103.291 102.516 101.334 101.811 102.866 103.159 102.301 100.494 103.294 104.134 104.101 101.179 103.319 104.549 105.884 106.079 105.874 106.761 107.824 107.041 106.769 107.556 107.179 101.736 101.754 107.731 108.416 108.709 108.476 107.311 103.196 103.599 106.941 106.914 106.754 106.526 106.029 104.324 101.486 101.229 101.386 102.379 101.601 102.011 101.799 101.684 101.191 101.146 101.131 101.141
102.399 102.384 102.376 105.019 105.221 104.596 99.459 99.849 102.759 103.346 101.846 102.139 105.554 105.781 102.054 100.549 103.329 102.731 103.191 103.444 102.716 100.809 102.794 101.669 103.544 103.471 100.419 104.041 106.354 105.504 102.104 103.261 104.429 105.904 104.724 105.914 106.266 107.431 107.719 107.689 107.786 107.561 103.384 101.906 107.394 108.434 108.814 108.134 107.461 104.121 101.814 103.439 102.616 102.251 102.191 101.059 101.054 101.809 102.506 101.924 101.399 101.086 101.064 101.059 101.041 101.119 101.134 101.154 101.264
101.609 102.384 102.376 104.541 106.084 105.081 99.979 99.454 101.004 100.696 100.111 101.549 106.384 106.256 102.764 100.731 103.334 103.456 103.899 104.581 104.731 101.619 103.794 105.894 106.029 104.731 100.826 104.049 105.876 106.164 106.084 106.914 107.539 107.524 104.481 104.901 106.031 106.806 107.286 106.816 105.989 105.161 102.386 101.309 106.184 107.339 107.256 106.749 106.056 104.194 100.899 100.944 101.006 101.026 100.996 101.239 101.154 101.054 101.011 100.976 100.936 101.011 101.064 101.076 101.121 101.204 101.239 101.239 101.274
100.484 101.279 100.856 104.751 106.031 104.866 100.906 99.421 99.394 99.351 99.391 102.279 106.351 106.246 102.981 100.501 103.336 104.284 105.239 105.619 105.869 102.369 102.301 105.841 106.981 106.126 105.171 106.359 107.024 107.426 107.736 107.796 108.399 108.304 106.949 104.426 104.901 105.931 105.891 102.304 100.601 100.591 101.294 101.249 105.171 104.724 104.131 104.016 103.219 102.846 101.101 100.946 100.976 101.089 101.596 101.381 100.919 100.914 100.979 100.974 100.989 101.081 101.126 101.194 101.191 101.196 101.199 101.159 101.186
99.671 99.686 99.836 103.894 106.044 105.276 100.479 99.386 99.326 99.321 99.374 101.324 106.364 106.246 103.301 100.226 102.526 103.991 105.236 105.534 106.299 105.346 107.284 108.509 108.134 107.839 107.991 108.124 108.139 108.171 108.121 108.256 107.966 107.744 107.026 103.701 103.931 105.229 104.546 100.999 100.766 100.579 100.734 100.774 103.344 102.254 101.486 101.046 100.796 100.806 101.106 101.531 101.441 101.309 101.621 101.329 100.959 100.991 101.011 101.024 101.009 101.091 101.099 101.109 101.119 101.079 101.074 101.099 101.154
103.484 103.166 104.436 105.414 106.009 105.391 99.919 99.396 99.371 101.471 102.594 104.024 106.596 106.569 103.571 100.269 102.746 102.616 105.234 105.314 106.654 107.481 108.406 108.166 108.456 108.301 108.249 108.099 107.719 107.941 107.256 107.199 106.854 106.476 104.534 103.151 104.196 104.224 101.371 102.284 102.266 102.054 100.981 100.799 100.846 100.759 100.939 101.286 100.776 101.491 101.191 101.159 100.946 100.884 100.931 100.969 100.996 101.849 101.009 100.961 101.031 100.989 101.026 101.014 101.021 101.084 101.139 101.201 101.244
108.189 108.084 108.161 107.349 105.961 105.426 99.996 99.429 99.424 102.771 107.416 107.441 107.546 107.554 104.186 100.051 102.786 102.616 105.234 105.301 106.496 107.814 108.601 107.916 107.709 107.419 107.339 107.309 106.639 106.489 105.586 104.696 104.131 104.019 102.421 102.434 103.326 103.464 101.861 102.981 102.384 101.601 100.736 100.581 100.621 100.646 100.969 101.024 100.796 100.794 100.826 100.884 100.894 100.909 100.896 100.916 100.936 101.916 101.521 100.914 100.931 101.011 101.059 101.119 101.149 101.211 101.284 101.264 104.856
108.714 108.854 108.491 107.761 106.009 105.501 100.311 99.419 99.414 102.951 108.304 108.386 109.114 108.406 104.641 100.164 103.236 102.971 104.959 104.656 106.274 107.189 107.309 106.861 106.241 105.789 105.196 104.919 104.281 104.054 103.836 103.854 103.194 102.736 101.659 100.791 100.796 100.579 100.554 100.591 100.684 101.599 101.144 100.634 100.666 100.691 100.746 100.771 100.781 100.816 100.781 100.819 100.811 100.869 100.854 100.946 103.069 104.054 105.264 101.799 101.099 101.131 101.154 101.319 103.389 104.664 105.631 108.446 112.916
108.656 108.669 108.359 107.824 105.936 105.524 100.626 99.434 99.429 100.964 108.174 108.089 108.341 107.924 105.954 100.096 102.956 103.351 104.499 105.021 105.121 105.109 103.544 101.761 101.216 102.806 103.916 104.026 103.724 103.556 102.946 102.534 100.771 100.491 100.456 100.431 100.414 100.449 100.484 100.554 100.524 100.601 100.644 100.684 100.696 100.704 100.724 100.771 100.716 100.754 100.691 100.721 100.734 100.816 100.881 100.939 102.509 104.389 102.349 101.181 103.891 105.624 108.039 108.679 110.764 111.381 111.991 112.324 112.859
108.291 108.334 108.221 107.786 105.951 104.526 102.316 99.466 99.459 100.284 107.156 107.181 107.019 107.036 104.831 100.109 101.319 101.314 101.029 100.746 100.839 100.474 100.926 101.089 100.394 102.854 101.941 101.144 100.754 100.386 100.646 100.441 100.366 100.381 100.411 100.424 100.474 100.496 100.544 100.569 100.564 100.624 100.614 100.661 100.631 102.611 103.634 100.689 100.684 100.701 100.704 100.786 100.836 100.881 100.951 102.511 105.291 106.764 110.386 111.216 113.506 112.036 111.979 112.279 112.819 113.279 113.469 113.371 112.914
108.269 108.249 108.174 108.134 105.864 105.606 100.984 99.496 99.471 99.889 104.231 103.779 104.024 103.669 103.559 100.121 100.901 101.249 100.164 100.176 100.286 100.514 100.836 101.166 100.509 100.844 100.496 100.701 100.851 100.654 101.196 100.541 100.334 100.416 100.434 100.471 100.459 100.484 100.536 100.554 100.569 100.539 100.594 100.609 100.566 102.656 103.831 104.179 100.821 100.789 100.836 100.966 100.896 101.116 105.846 111.199 111.249 111.459 111.189 112.769 113.219 113.369 113.459 113.386 112.966 112.606 111.879 111.606 112.159
108.086 107.159 106.649 107.251 103.796 103.626 100.564 99.481 99.566 99.976 102.804 102.774 103.334 103.594 103.614 100.409 100.434 100.871 100.126 100.169 100.166 100.376 100.596 100.681 100.369 101.061 100.604 100.774 100.366 100.304 100.334 100.361 100.364 100.426 100.429 100.466 100.466 100.439 100.404 100.436 100.471 100.501 100.591 100.614 100.689 102.804 104.561 101.554 100.871 100.851 100.859 101.599 101.531 101.036 106.011 111.191 111.626 112.174 111.334 112.029 112.504 112.499 112.104 111.349 109.539 109.404 108.439 110.154 110.524
102.364 102.774 102.396 103.216 99.471 99.471 99.556 99.474 99.609 99.784 102.831 102.339 102.379 103.181 102.604 100.524 100.126 100.334 100.044 100.056 100.071 100.064 100.684 100.774 100.204 100.184 100.194 100.289 100.301 100.319 100.344 100.356 100.326 100.349 100.371 100.396 100.446 100.446 100.441 100.501 100.569 100.629 100.674 100.666 100.734 101.214 102.419 100.906 100.816 100.836 100.859 101.104 101.779 100.966 102.919 111.304 110.881 110.566 111.064 111.091 110.246 109.374 108.881 107.141 104.541 102.736 102.549 108.661 110.281
99.644 99.649 99.699 100.249 99.544 99.521 100.376 101.791 99.771 99.914 100.254 100.121 100.316 100.071 100.041 99.964 99.974 99.969 100.029 100.086 100.066 100.134 100.164 100.184 100.196 100.231 100.276 100.261 100.261 100.274 100.289 100.291 100.286 100.319 100.369 100.451 100.521 100.551 101.644 102.501 102.459 102.709 100.694 100.704 100.714 100.694 101.236 102.204 102.416 100.806 100.854 101.699 101.776 100.986 101.469 109.461 111.819 111.904 111.519 108.186 105.234 105.214 105.626 105.599 103.716 101.436 101.349 108.194 109.984
99.696 100.181 100.369 101.819 99.669 99.644 101.759 100.034 99.899 99.906 99.934 99.916 99.916 99.936 99.924 99.984 100.019 99.999 100.061 100.089 100.129 100.169 100.161 100.204 100.179 100.224 100.194 100.191 100.226 100.251 100.279 100.321 100.386 100.451 100.526 101.354 103.141 105.299 106.786 106.404 105.441 104.181 101.194 102.401 103.156 104.784 104.879 104.829 104.274 100.809 100.844 102.294 101.214 101.009 101.459 109.796 111.829 111.511 110.121 107.976 103.241 103.771 105.609 105.589 104.246 101.296 101.301 106.441 109.894
99.706 100.491 100.006 101.351 100.294 99.941 101.684 100.056 99.814 99.851 99.869 99.871 99.911 99.934 99.959 99.979 99.926 100.011 100.019 100.034 100.111 100.144 100.079 100.661 101.111 100.439 100.226 100.289 100.354 100.396 100.484 100.511 100.536 100.566 100.579 102.171 104.781 105.726 106.681 106.469 105.526 104.564 104.721 104.854 104.901 104.929 104.924 104.866 104.894 101.059 100.819 101.024 101.041 101.031 101.894 108.176 111.506 111.486 108.476 104.216 103.439 105.079 107.244 104.039 101.311 101.286 101.346 103.229 109.021
99.981 99.809 99.784 101.961 102.204 99.739 99.804 99.776 99.834 99.806 99.871 99.889 99.934 99.879 99.936 99.919 99.986 100.119 100.096 100.266 100.371 100.299 100.174 100.231 100.306 101.681 102.071 103.151 102.264 101.219 101.064 100.544 100.534 100.619 101.046 101.344 104.671 105.614 106.569 106.579 105.664 104.679 104.649 104.819 104.876 104.924 104.921 104.866 104.904 102.451 100.824 101.421 101.601 101.071 101.066 105.264 108.956 108.681 106.829 103.506 102.466 105.566 105.616 103.621 100.979 101.299 101.334 101.636 108.549
99.654 99.684 100.741 99.949 101.011 99.781 99.786 99.824 99.829 99.786 99.896 99.844 99.859 99.946 99.981 100.146 100.306 100.271 100.196 100.494 100.636 101.851 102.564 103.736 105.174 106.894 107.094 107.201 102.494 101.241 101.306 100.604 100.479 100.756 101.196 101.579 104.571 105.524 106.469 106.714 105.759 104.764 104.591 104.826 104.884 104.911 104.931 104.884 104.909 102.916 100.799 101.169 101.419 101.519 101.114 102.584 104.351 104.209 104.139 103.764 101.921 105.356 105.624 103.641 100.366 101.314 101.319 101.314 107.771
99.654 104.741 102.156 104.841 104.861 100.709 100.371 99.721 99.794 99.866 100.009 100.399 100.746 100.106 100.039 100.461 100.281 102.844 103.209 100.934 103.144 106.039 107.336 107.494 107.524 107.534 107.341 106.764 104.369 100.536 100.499 100.469 100.471 100.491 100.541 100.866 103.501 105.419 106.369 106.724 105.841 104.869 104.601 104.811 104.856 104.929 104.944 104.919 104.916 104.359 100.801 101.009 101.361 102.674 101.174 101.211 103.881 103.751 103.551 103.759 102.364 104.534 105.611 105.566 101.119 101.294 101.269 101.334 105.551
100.481 101.219 105.149 108.909 107.291 102.286 102.151 100.629 100.391 100.186 100.659 100.196 100.311 100.099 101.531 102.629 103.311 105.059 105.671 106.039 106.036 106.271 107.164 106.829 106.644 106.596 106.579 106.561 104.009 100.486 100.456 100.546 100.484 101.056 101.479 102.071 103.746 105.294 106.251 106.826 105.959 104.974 104.529 104.801 104.834 104.916 104.959 104.914 104.926 104.686 100.944 100.979 101.876 101.831 101.219 101.226 103.369 102.791 104.106 103.251 102.636 103.554 105.591 105.571 101.621 101.406 101.284 101.444 104.064
101.864 103.341 102.496 104.496 102.324 102.034 101.999 100.524 100.291 101.221 102.889 103.536 103.751 100.281 105.721 106.124 106.279 106.206 106.191 106.284 105.831 106.236 106.751 107.014 107.199 107.314 107.611 107.096 104.441 100.499 100.464 100.874 101.534 101.474 101.536 102.851 103.826 105.181 106.134 106.786 106.026 105.076 104.199 104.404 104.926 104.941 104.909 104.926 104.886 104.466 101.096 100.876 101.479 101.639 101.354 101.261 102.081 102.741 103.726 103.674 102.736 101.974 102.181 101.951 101.984 101.531 101.551 101.506 102.691
101.121 105.836 106.156 104.001 107.339 100.721 102.221 103.089 103.886 106.794 107.456 107.916 106.389 100.104 105.279 105.854 105.741 105.591 105.441 105.331 105.439 106.334 107.214 106.824 106.664 105.569 105.101 104.766 103.421 100.824 101.641 100.946 101.049 100.754 100.804 102.789 103.684 105.061 106.011 106.799 106.119 105.149 104.199 104.139 104.926 104.894 104.919 104.976 103.999 101.564 100.769 100.814 100.851 101.564 101.316 101.276 101.276 101.799 103.091 102.666 103.081 102.929 102.141 101.589 101.344 101.336 101.349 101.324 101.351
99.761 101.779 103.924 105.469 101.824 99.934 105.801 107.551 108.021 108.539 108.489 108.239 107.109 100.739 103.279 105.451 105.551 105.354 105.411 105.199 105.281 104.789 105.099 103.924 103.754 103.796 102.254 103.009 104.039 103.189 100.939 100.769 100.786 101.189 101.141 102.599 103.594 104.951 105.909 106.734 106.234 105.261 104.289 103.899 104.719 104.951 104.494 101.981 100.761 100.714 100.761 100.789 100.846 101.356 102.269 101.626 101.286 101.306 101.774 102.236 102.664 104.081 101.859 101.389 101.366 101.344 101.341 101.316 101.359
99.906 101.199 105.624 105.366 100.676 99.959 103.734 107.956 108.011 107.581 106.341 105.319 104.594 101.371 102.326 104.956 104.344 104.244 103.429 102.791 102.881 102.606 103.414 103.399 103.751 103.701 102.594 103.441 104.141 102.156 101.029 100.661 100.971 100.804 100.829 102.249 103.366 104.859 105.819 106.726 106.314 105.349 104.396 103.931 104.011 104.459 101.381 100.716 100.711 100.734 100.774 100.811 100.836 101.246 102.856 101.826 101.786 102.759 103.104 104.394 103.006 103.936 102.424 101.394 101.371 101.354 101.324 101.301 101.309
99.739 99.654 100.749 101.781 101.926 99.986 102.699 106.246 102.869 104.204 101.094 100.761 101.384 100.224 100.504 101.034 101.276 102.321 102.324 102.591 101.249 100.101 103.701 105.359 105.426 103.674 103.636 103.976 104.064 102.041 100.864 100.941 100.639 100.671 100.679 102.016 103.361 104.769 105.719 106.654 106.416 105.454 104.496 103.939 103.901 104.021 101.694 100.746 100.809 100.836 100.831 100.831 100.871 100.924 102.759 106.324 107.679 107.506 107.636 108.381 104.964 104.056 102.709 101.386 101.364 101.326 101.319 101.311 101.301
99.719 99.654 99.929 100.094 100.071 100.021 100.729 101.369 100.279 102.094 101.139 100.226 100.069 100.386 100.424 100.394 100.246 100.301 101.226 101.784 100.934 100.601 104.179 105.424 105.496 104.121 102.931 102.989 104.079 102.846 100.841 100.766 100.706 101.124 101.269 102.259 103.159 104.636 105.614 106.516 106.561 105.576 104.596 103.931 103.921 104.036 103.236 101.244 101.274 100.809 100.811 100.876 100.881 100.924 103.876 107.066 109.654 109.789 109.871 109.904 107.239 103.634 102.454 101.374 101.364 101.364 101.329 101.346 101.319
99.686 99.631 99.829 100.356 100.136 100.126 100.021 100.019 100.514 100.539 100.464 100.246 100.279 100.611 100.539 101.424 103.611 101.046 100.356 100.499 102.309 100.691 103.866 105.151 104.024 103.904 103.881 103.239 103.976 103.391 101.134 100.711 100.701 101.346 101.651 102.641 103.106 104.546 105.496 106.459 106.659 105.674 104.696 104.151 104.314 104.461 104.459 103.994 103.466 101.106 100.811 100.851 100.919 100.941 103.116 106.549 109.146 108.884 108.651 108.351 107.454 101.569 101.431 101.391 101.354 101.334 101.371 101.464 102.071
99.619 99.751 99.634 100.401 100.056 100.064 100.319 100.009 99.969 100.466 100.829 101.821 101.426 100.741 100.674 105.684 105.841 100.354 100.274 100.561 103.234 102.721 103.064 104.246 103.496 103.596 103.841 103.709 103.684 103.066 101.444 101.264 102.051 102.921 103.244 103.194 102.969 104.211 105.386 106.344 106.739 105.794 104.809 104.309 104.461 104.479 104.484 104.081 103.564 100.979 100.826 100.846 100.894 101.311 102.739 105.984 105.974 106.249 105.249 104.449 102.771 102.371 101.449 101.421 101.409 101.371 103.904 104.704 105.436
105.951 104.359 99.971 99.954 104.336 105.144 103.836 101.961 99.976 99.974 99.951 100.136 100.319 100.274 101.744 102.494 102.599 101.696 100.324 102.394 109.419 109.251 104.586 103.311 103.551 103.549 103.619 103.334 103.284 103.279 103.244 103.251 103.289 103.399 103.129 103.096 102.979 104.224 105.321 106.251 106.809 105.891 104.929 104.344 104.509 104.539 104.504 104.149 103.544 101.531 100.944 100.839 100.869 103.006 103.261 101.594 101.731 101.734 101.789 101.319 101.481 102.974 102.496 101.669 101.471 101.531 104.034 104.819 106.536
109.089 108.061 100.256 100.271 106.696 108.244 107.646 102.171 99.986 99.956 99.936 100.171 100.981 100.634 100.591 100.524 100.814 101.836 102.791 103.849 110.536 110.969 107.056 103.041 103.241 103.174 103.144 103.131 103.099 103.086 103.396 103.366 103.359 103.394 102.694 102.926 102.904 104.081 105.174 106.149 106.831 106.009 105.026 104.396 104.536 104.586 104.554 104.209 103.661 102.569 101.209 100.874 100.889 102.769 103.141 102.896 102.319 102.099 102.249 102.449 102.644 103.744 103.149 102.611 103.194 102.451 105.924 107.204 108.449
