LIDAR-DSM-2M-TQ28ne/tq2889_DSM_2M.asc
ncols 500
nrows 500
xllcorner    528000
yllcorner    189000
cellsize     2
NODATA_value -9999
[rows 240 to 269 of 500, columns 136 to 203 of 500]
102.726 102.454 102.514 102.589 102.356 102.711 104.959 109.701 110.049 110.146 110.806 110.491 109.551 103.701 102.704 102.931 102.776 103.194 103.916 103.329 104.604 103.971 103.189 103.056 103.256 103.039 103.201 102.669 102.581 110.016 111.759 111.104 109.864 107.469 103.274 103.126 102.746 103.299 103.084 102.689 102.821 103.489 102.651 104.169 103.139 106.601 109.859 111.051 111.626 109.956 105.624 105.419 102.779 102.789 102.781 102.774 103.274 106.899 106.991 103.969 103.031 102.871 102.811 102.761 102.881 102.384 104.459 107.109
102.941 102.391 102.324 102.861 102.301 102.759 102.886 104.946 108.919 109.789 111.279 110.739 109.766 104.529 103.064 103.611 103.094 103.321 103.646 103.004 104.464 102.641 102.591 102.549 102.469 102.469 102.436 102.481 102.539 108.271 111.714 111.249 109.991 107.174 102.986 103.376 103.009 102.699 102.719 102.656 102.751 103.869 102.586 103.486 103.136 104.609 109.196 110.919 111.389 109.979 105.624 105.444 103.446 104.094 103.229 102.939 103.329 106.151 106.349 104.149 104.371 103.261 102.874 103.579 103.534 102.576 103.749 106.666
102.639 102.314 102.306 103.686 102.299 102.849 102.941 103.114 109.069 109.736 111.616 110.846 109.739 105.734 102.769 102.631 102.534 102.529 102.734 102.856 104.389 103.261 102.571 102.364 102.374 102.399 102.381 102.694 104.476 108.234 111.534 111.386 110.074 105.779 102.956 104.194 103.439 102.614 103.286 102.616 102.561 102.561 104.031 103.751 103.534 102.651 108.399 110.771 112.546 110.874 105.149 103.891 103.614 104.106 105.006 103.831 103.779 105.021 104.631 104.496 103.891 104.814 105.464 102.946 101.964 102.029 105.004 107.526
103.226 102.274 102.249 102.559 102.289 102.354 102.401 103.764 108.649 109.559 110.936 110.784 109.811 106.876 102.676 102.619 102.546 102.611 102.684 102.706 103.021 104.261 103.476 102.339 102.394 102.341 102.351 102.731 103.964 107.744 111.809 111.816 110.314 106.294 103.486 103.469 103.544 102.536 103.481 102.579 102.509 103.319 103.554 104.146 104.246 103.494 107.854 110.276 111.956 110.849 105.194 102.329 102.739 103.004 103.609 102.956 103.444 103.616 105.296 104.121 103.346 102.644 103.151 102.546 102.081 101.934 105.516 108.204
102.404 102.234 102.179 102.646 102.304 102.501 102.901 107.529 110.524 110.836 111.089 110.889 109.959 107.094 103.544 103.091 102.514 102.516 102.756 103.381 103.751 104.104 103.964 103.561 104.514 104.264 103.676 103.559 104.316 107.136 111.289 111.684 110.281 107.019 103.289 102.791 103.006 102.426 102.424 102.496 102.469 102.486 102.386 103.284 103.201 103.269 107.484 110.126 111.401 110.976 106.476 102.761 103.014 102.756 102.771 102.754 102.819 104.964 106.019 103.581 102.901 102.609 102.536 102.459 102.566 102.419 103.576 106.851
103.174 102.406 102.126 102.814 102.904 102.319 103.021 107.719 109.986 109.809 110.336 110.996 110.104 108.169 103.844 104.181 104.296 103.329 103.476 103.951 104.036 102.759 102.389 102.294 102.251 102.306 102.494 102.909 104.999 107.031 111.026 111.594 110.431 108.374 103.839 102.659 103.064 102.371 103.151 102.436 102.421 102.959 102.459 102.754 102.771 103.616 108.296 109.954 111.294 111.144 107.591 102.734 102.941 102.954 102.819 102.816 103.024 106.249 106.156 104.754 103.214 102.941 103.636 103.526 103.006 102.466 103.814 106.454
102.556 102.389 102.079 102.264 102.834 102.241 103.836 103.791 103.376 103.589 109.194 111.056 110.566 108.006 104.244 105.731 103.619 102.834 102.326 102.754 103.271 102.934 102.164 102.166 102.129 102.194 102.211 102.386 104.791 106.716 110.909 111.681 110.566 109.494 104.771 102.706 102.956 102.341 103.044 102.351 102.344 103.061 102.549 102.591 102.859 103.201 107.721 109.841 111.394 111.469 108.479 103.799 103.441 103.471 103.269 103.726 102.969 107.194 105.496 109.136 105.116 103.579 103.601 102.976 103.334 103.254 103.144 106.101
102.576 102.311 102.036 102.124 102.214 102.379 103.949 104.004 107.831 108.806 109.791 110.761 109.934 108.544 103.266 102.424 102.156 102.401 102.334 103.964 103.986 103.684 102.301 102.281 102.314 102.271 102.269 102.249 104.819 105.519 110.739 112.149 110.799 109.646 105.714 103.834 103.486 102.244 102.199 102.251 102.301 102.479 102.261 103.146 103.296 103.714 107.514 109.859 110.841 111.061 109.819 103.949 102.499 102.519 102.876 103.051 104.384 107.664 104.491 107.216 109.314 106.909 102.329 102.286 102.319 102.346 102.691 106.154
102.151 102.336 101.986 101.924 102.299 102.556 103.459 105.951 110.189 110.141 110.256 110.866 110.016 108.979 103.624 103.939 103.004 102.884 104.081 105.766 106.121 105.894 103.394 102.286 103.011 104.304 104.824 103.811 104.396 103.569 110.411 112.059 110.676 110.344 106.646 102.956 102.566 102.204 102.176 102.216 102.211 102.556 102.616 102.119 102.641 102.304 107.419 110.021 110.504 111.069 109.964 104.504 102.486 102.364 102.364 102.631 104.041 106.266 109.669 110.149 108.146 107.029 102.326 102.219 102.131 101.821 103.136 106.671
103.086 102.234 101.941 101.879 101.944 102.246 102.876 103.579 108.726 108.839 109.626 110.904 110.161 109.236 104.714 103.666 106.076 107.041 103.099 106.004 107.904 106.104 104.489 103.334 103.724 104.026 103.899 103.854 102.471 101.909 108.894 111.224 110.756 109.814 106.644 102.526 102.346 102.154 102.321 102.381 102.111 102.266 102.346 102.101 102.661 102.326 104.574 108.954 110.264 111.074 110.116 103.574 102.289 102.249 102.229 102.269 106.096 104.441 109.436 107.139 110.689 103.831 104.171 102.406 102.354 102.321 102.856 103.841
103.566 103.136 101.834 101.804 102.644 101.739 104.156 103.279 106.371 108.831 109.561 111.266 110.379 109.361 105.024 102.529 106.821 106.161 102.136 102.089 106.516 104.424 103.019 102.289 102.294 102.001 101.971 101.996 101.894 101.844 107.526 111.134 110.826 109.544 105.796 102.784 102.599 102.099 101.986 102.279 102.061 101.999 104.751 105.044 102.644 102.496 102.554 108.349 110.094 111.196 110.234 104.034 102.231 103.176 103.371 103.599 107.031 106.519 109.641 110.936 108.999 108.716 102.924 103.199 102.826 102.404 103.534 104.114
101.794 102.254 101.784 101.739 102.511 101.644 102.559 102.816 107.209 108.794 109.339 110.746 110.369 109.329 104.959 102.031 101.996 102.816 101.964 102.389 102.321 102.586 102.626 101.921 102.001 101.904 101.959 101.976 102.256 101.834 106.569 111.116 111.014 109.666 106.064 103.159 102.671 102.471 101.934 102.519 101.926 101.916 104.636 103.301 103.206 103.124 102.441 107.494 109.901 111.639 110.231 105.876 102.109 101.834 102.036 102.189 103.281 104.606 109.739 109.411 108.886 107.244 101.939 101.906 101.506 101.209 102.369 104.774
101.654 102.109 101.709 101.699 101.616 101.576 102.861 103.839 109.741 110.121 110.154 110.691 110.449 109.434 104.894 101.964 101.936 102.024 106.011 105.849 104.066 104.476 106.846 104.401 102.494 103.251 103.056 103.149 102.841 102.129 105.721 111.024 111.386 109.576 105.774 102.739 102.186 102.984 101.941 103.934 101.826 101.824 102.636 101.749 102.341 102.211 102.394 106.611 109.606 110.864 110.246 105.741 101.854 101.649 101.681 101.684 101.706 101.926 106.006 108.436 105.699 102.049 101.906 101.876 101.621 101.104 102.321 104.946
101.684 102.206 101.739 101.626 102.079 101.466 102.901 103.876 108.504 109.254 108.519 110.291 110.556 109.566 105.574 102.424 102.681 103.974 103.311 107.149 104.781 105.629 107.019 106.211 103.581 102.619 103.486 102.359 101.821 101.879 105.544 110.414 110.729 109.531 107.216 103.109 102.069 103.441 102.944 103.549 101.746 101.739 102.081 101.634 102.039 102.149 102.481 107.381 109.486 110.779 110.364 106.804 102.019 101.639 101.666 102.059 103.091 102.881 102.276 102.486 103.244 101.919 101.914 101.879 101.714 102.196 102.309 103.396
101.501 101.701 101.661 101.556 101.771 101.444 102.819 104.551 103.779 102.939 103.076 109.736 110.549 110.059 107.521 102.174 103.339 104.634 102.926 108.656 104.451 104.386 106.721 104.911 102.094 102.054 102.276 101.894 101.639 101.734 104.216 110.264 110.934 109.704 108.539 103.711 102.406 102.204 102.924 103.014 101.769 101.671 102.854 101.544 101.909 101.999 102.416 107.681 109.331 110.684 110.509 107.354 102.316 102.894 103.264 104.059 105.856 106.676 104.099 103.934 104.386 103.116 101.901 101.901 101.921 102.914 103.616 102.831
101.571 102.331 101.556 101.484 101.571 101.621 101.606 101.721 104.474 107.709 108.731 109.541 110.014 109.351 107.081 102.381 101.529 101.864 102.094 104.376 108.026 102.276 102.974 105.561 101.586 101.589 101.611 101.699 101.954 101.674 102.481 110.119 110.934 109.896 108.726 104.561 103.226 104.431 102.204 102.774 101.666 101.581 102.091 101.471 101.756 102.114 102.006 107.349 109.111 110.986 111.064 108.046 102.549 101.956 101.859 102.181 104.204 104.301 102.651 103.431 105.724 103.076 102.284 102.574 102.406 102.019 102.081 101.709
101.809 101.679 101.616 101.429 101.536 101.796 101.399 101.506 106.339 109.426 109.324 109.559 110.169 109.181 107.169 101.911 101.691 101.871 102.176 103.219 106.964 107.219 106.264 103.101 101.659 101.641 102.281 102.556 102.261 102.379 103.524 109.681 111.924 110.014 109.181 105.101 102.726 102.276 101.476 101.906 101.581 101.486 101.624 101.676 102.249 102.709 101.711 106.249 108.681 110.046 110.416 107.859 101.634 101.371 101.586 101.386 101.374 101.391 102.956 104.549 105.024 102.646 101.559 101.489 101.476 101.424 101.431 101.771
101.369 101.644 101.759 101.361 101.361 101.666 101.274 101.454 104.291 107.891 108.084 109.139 110.109 109.301 107.964 103.349 102.131 102.589 102.714 103.541 109.084 105.719 103.249 103.176 102.564 102.129 101.656 101.426 101.364 102.861 104.141 108.634 110.549 109.979 109.539 106.366 101.909 101.706 101.444 102.056 101.619 101.404 102.426 102.214 101.981 101.834 101.641 104.811 108.551 109.921 110.556 108.789 101.746 101.259 101.356 101.474 101.664 101.691 102.974 104.201 105.234 104.706 101.526 101.479 101.444 101.374 100.871 101.596
101.296 101.779 102.176 101.276 101.286 103.349 102.881 101.904 103.321 107.236 108.196 108.946 110.601 109.401 108.361 104.619 102.009 101.854 102.444 102.519 105.146 109.149 108.196 106.484 106.631 101.704 101.399 101.864 101.611 102.684 104.304 108.404 110.489 109.959 108.411 105.204 101.826 101.859 101.589 101.694 101.606 101.316 101.616 103.759 103.051 103.016 101.916 102.981 107.691 109.749 110.586 109.331 102.424 101.881 102.751 102.976 102.646 103.944 102.736 104.599 106.421 101.809 101.589 101.459 101.389 101.379 100.986 102.039
101.364 101.334 101.761 101.209 101.214 102.704 103.386 101.819 103.139 107.879 108.271 108.829 109.939 109.351 108.459 105.374 101.856 101.486 101.454 102.051 106.856 105.454 103.134 104.119 104.229 102.251 101.374 102.196 101.821 101.829 104.376 108.236 110.396 110.101 108.764 103.994 103.024 102.146 101.661 102.201 101.666 101.201 101.134 101.254 101.734 103.001 102.761 102.726 107.491 109.639 110.971 109.691 104.004 103.561 102.466 102.076 101.724 102.761 102.554 103.729 103.471 102.061 101.754 101.794 101.519 101.686 101.914 101.386
102.124 102.666 101.559 101.104 101.091 101.536 101.011 102.114 102.024 109.386 109.421 109.474 110.089 109.741 109.434 103.531 101.671 101.506 101.579 103.274 106.916 104.121 102.046 103.646 102.159 101.376 101.319 101.371 101.504 101.921 104.286 106.566 110.651 110.511 108.724 104.661 102.306 101.509 101.639 105.164 101.649 101.124 101.074 102.061 101.059 103.286 103.634 102.704 106.484 109.169 110.309 109.559 105.479 103.689 100.941 100.969 101.704 104.229 104.851 110.626 104.451 103.384 102.274 101.616 101.106 101.446 101.161 101.289
101.169 100.954 102.056 101.014 101.011 101.701 101.009 101.434 102.431 107.309 108.709 107.509 109.989 109.899 109.736 105.481 102.591 102.939 102.411 102.754 103.801 106.264 102.926 104.016 102.841 101.646 101.649 101.789 101.506 101.034 100.831 104.671 109.809 109.996 108.761 105.436 101.944 101.351 101.201 101.251 101.466 101.001 100.999 101.589 100.984 102.079 101.496 101.891 107.091 109.026 110.319 109.704 105.064 103.256 101.026 100.924 100.914 102.231 103.944 103.134 103.829 102.576 105.114 102.116 100.936 100.961 100.916 100.546
101.234 100.881 101.261 100.926 100.941 101.044 100.819 101.359 102.096 101.909 104.134 104.436 109.226 109.271 109.266 105.854 103.771 101.331 101.136 101.184 102.054 103.506 104.549 107.579 104.129 101.079 101.044 101.056 101.059 100.899 100.864 103.414 109.494 110.114 108.919 107.339 102.591 101.406 101.704 100.876 101.781 100.916 100.906 100.959 100.841 102.059 101.821 102.261 107.524 108.856 110.231 109.839 104.239 100.811 100.854 101.224 101.169 101.321 102.949 105.269 106.254 107.796 104.951 101.654 100.879 100.881 100.886 101.064
101.221 100.804 100.699 100.826 100.871 101.469 101.161 101.014 101.481 107.269 108.076 108.381 109.181 109.091 108.451 105.751 103.099 100.986 101.069 101.101 101.129 103.534 103.516 103.204 103.099 101.114 101.011 101.004 101.044 100.921 103.176 105.321 109.546 110.216 109.069 107.989 102.881 101.294 102.494 100.781 101.046 100.791 100.819 101.666 100.924 102.276 102.504 102.359 107.294 108.754 110.669 110.604 105.864 101.706 101.486 101.169 101.151 101.731 102.786 106.939 107.331 105.774 102.951 101.116 100.786 100.784 100.796 101.406
101.116 100.716 101.269 101.094 100.774 101.464 101.161 100.749 101.094 107.481 109.014 108.831 108.984 109.101 108.179 106.431 101.329 101.054 101.329 101.804 101.661 101.411 101.624 101.426 101.674 103.004 100.939 101.124 101.709 101.224 102.749 104.804 109.456 110.986 109.564 108.214 103.679 101.386 101.171 100.729 101.524 100.674 100.719 101.016 100.791 101.729 102.954 102.646 106.556 108.886 109.649 109.659 106.381 100.531 100.471 100.686 100.619 100.621 100.991 104.066 107.056 104.081 101.929 101.914 102.409 101.679 102.736 102.639
100.691 100.626 100.919 100.926 100.686 100.774 100.649 100.676 100.999 103.004 105.401 107.406 108.731 109.649 108.324 107.321 102.161 101.191 101.761 102.354 102.876 101.604 104.114 105.306 104.276 105.491 102.476 102.589 103.051 101.999 101.284 101.699 108.921 110.044 109.309 109.134 104.999 101.296 100.939 100.739 101.279 100.669 100.636 100.789 100.804 101.111 102.051 101.269 106.071 108.421 109.361 109.771 107.294 100.524 100.521 100.539 100.544 100.509 100.551 104.331 106.694 104.806 102.779 100.806 100.804 100.809 100.616 100.501
101.096 100.606 100.764 100.869 100.626 100.554 100.476 100.706 101.989 101.494 103.169 107.369 108.321 109.756 108.206 107.361 101.251 101.141 100.819 101.251 101.896 100.906 105.406 106.281 106.606 106.266 101.549 100.739 100.751 100.754 100.679 102.584 108.604 109.896 109.194 108.054 104.949 100.841 101.229 101.549 102.839 100.464 100.529 100.879 101.096 101.351 101.289 101.419 103.391 107.696 109.209 109.889 108.191 101.741 101.116 100.521 100.624 100.571 100.594 103.384 105.249 103.374 100.811 100.606 100.391 100.411 100.791 100.394
100.924 100.936 101.894 101.286 100.541 100.499 100.756 100.469 100.759 101.164 105.114 107.671 108.274 109.069 108.276 107.444 101.391 100.734 100.729 100.746 100.759 100.839 102.744 106.214 106.159 105.799 101.686 100.674 100.706 100.719 100.584 101.946 108.326 109.809 109.341 108.039 103.969 100.916 101.149 102.049 101.714 100.784 100.414 100.579 100.809 100.369 101.474 101.339 101.684 107.609 109.154 109.791 108.929 103.766 103.321 101.104 101.589 101.369 100.666 101.231 101.466 102.446 100.906 100.486 100.344 100.334 100.541 100.674
100.631 100.829 100.756 100.739 100.431 100.466 101.344 100.361 101.959 101.801 108.949 108.941 108.924 109.079 108.171 107.554 103.436 102.361 100.714 101.806 104.326 102.086 102.931 105.204 105.474 102.106 100.634 100.654 100.664 100.676 101.201 102.396 107.284 109.661 109.174 106.379 102.061 101.369 102.434 100.641 100.529 100.836 100.269 100.261 100.236 100.261 100.629 100.791 100.596 101.794 104.251 109.261 109.379 107.416 103.534 103.351 100.241 100.166 100.241 100.156 100.596 100.744 102.504 100.506 100.719 101.154 101.809 101.751
100.734 100.699 100.306 101.014 100.319 100.396 100.719 100.279 101.629 100.909 106.664 107.509 106.241 109.026 108.754 107.914 104.111 102.664 101.391 103.079 103.839 102.826 101.504 104.689 105.391 100.841 101.214 101.671 101.096 101.074 102.296 104.454 107.356 109.426 108.486 101.571 101.656 101.539 100.814 100.619 100.211 100.289 100.196 100.161 100.064 100.119 100.724 101.364 101.444 104.601 107.076 108.631 108.926 108.989 102.474 102.206 100.106 100.054 100.049 99.979 100.049 100.604 101.456 100.566 101.496 103.019 101.616 101.324
