LIDAR-DSM-2M-TQ28ne/tq2886_DSM_2M.asc
ncols 500
nrows 500
xllcorner    528000
yllcorner    186000
cellsize     2
NODATA_value -9999
[rows 160 to 191 of 500, columns 213 to 283 of 500]
75.634 75.139 75.626 74.994 78.171 81.514 83.416 84.139 82.706 79.906 76.574 78.904 76.061 74.991 74.316 74.219 74.731 75.289 74.776 74.804 74.989 74.571 74.421 73.851 73.631 73.436 73.231 73.171 73.144 73.031 72.851 72.954 77.974 76.364 85.101 84.971 84.619 83.964 83.531 83.111 82.936 84.089 84.131 76.841 70.751 71.676 70.324 70.066 69.581 70.409 69.779 68.666 69.531 70.046 76.499 73.459 72.524 80.304 80.921 80.499 80.754 80.054 77.339 75.379 71.309 70.974 69.579 71.709 74.906 71.524 71.271
75.321 75.141 74.504 74.061 76.951 81.854 79.289 81.256 81.886 81.374 83.869 82.386 83.379 80.184 74.369 74.039 74.214 78.529 75.961 75.536 73.434 74.129 74.189 73.231 73.139 73.056 72.924 72.844 72.616 72.496 72.389 72.336 76.321 75.254 83.826 83.699 84.449 83.114 81.286 76.589 74.726 73.421 70.861 71.091 71.861 71.224 70.936 71.014 69.484 69.479 68.931 68.269 68.511 72.576 74.381 74.631 75.536 77.359 80.156 79.119 71.516 67.714 66.901 66.791 66.469 70.869 72.329 77.411 75.049 74.789 73.704
73.666 73.659 73.584 73.586 73.786 75.854 78.401 78.286 81.014 85.684 88.036 87.751 84.071 79.631 74.086 73.849 78.639 83.011 83.084 80.626 72.904 73.054 73.586 72.839 72.771 72.659 72.526 72.364 72.231 72.186 72.406 72.626 72.519 71.324 78.041 80.564 82.576 74.086 70.926 70.714 70.979 70.981 70.636 70.989 71.386 70.766 69.924 69.449 69.359 69.219 68.806 68.224 68.246 72.894 74.899 75.134 76.134 72.404 73.561 69.979 67.011 66.941 66.799 66.634 66.424 77.401 77.499 78.271 77.506 76.069 75.336
73.544 73.544 73.561 73.591 73.699 74.604 75.456 77.016 82.204 86.364 82.474 84.301 82.409 82.089 77.849 75.454 79.731 82.294 81.756 82.026 77.594 72.184 72.564 72.816 72.211 72.124 72.426 72.016 71.646 71.434 71.506 70.884 71.476 77.004 72.816 70.921 70.871 71.081 71.591 70.236 71.059 70.976 70.166 70.304 70.064 69.496 69.316 69.204 69.116 69.009 68.714 68.166 68.004 68.211 70.669 69.976 72.564 66.989 67.034 67.039 66.961 66.891 66.746 66.539 66.371 76.304 77.204 76.501 75.011 75.894 75.624
73.529 73.544 73.559 74.414 75.774 74.696 74.716 74.359 76.164 82.021 85.001 86.644 80.214 78.249 75.449 72.879 78.519 82.526 82.079 79.071 75.044 71.934 71.849 73.721 72.091 71.564 71.511 70.766 71.951 73.146 75.794 78.914 81.649 81.949 77.971 70.904 70.899 70.434 71.274 70.139 69.694 69.871 69.784 69.646 69.496 69.244 69.069 68.959 68.831 68.726 68.544 67.946 67.524 67.851 67.881 67.729 67.416 66.879 66.926 66.986 66.841 66.706 66.489 66.399 67.086 68.766 73.819 71.099 68.669 66.289 66.901
73.404 73.259 73.839 74.286 74.436 73.299 75.106 74.101 75.034 78.191 81.654 81.016 76.601 74.411 73.619 72.409 72.436 73.049 76.329 75.629 72.889 71.749 71.619 73.596 71.821 71.114 72.756 75.819 80.021 79.249 81.924 81.939 81.931 81.969 79.591 71.566 70.104 70.034 69.941 69.704 69.366 69.534 69.571 69.421 69.276 69.031 68.964 68.724 68.596 68.444 68.294 67.906 67.446 67.574 67.659 67.491 67.229 66.879 66.636 66.829 66.899 66.621 66.439 65.819 65.581 67.319 67.701 66.904 68.054 67.766 64.771
72.866 73.459 72.424 73.314 73.226 73.329 74.781 72.796 72.236 72.409 74.554 72.431 72.059 71.824 72.471 72.776 71.766 73.321 71.541 72.174 71.881 71.499 71.179 71.816 70.246 80.159 81.924 81.914 81.919 81.961 82.091 82.354 82.716 83.211 82.889 71.869 70.714 69.889 69.801 69.631 69.204 69.121 69.326 69.114 68.996 68.856 68.696 68.511 68.354 68.229 68.094 67.826 67.421 67.501 67.369 67.239 67.084 67.036 66.569 66.744 66.079 65.844 65.726 65.576 65.499 65.134 65.171 66.626 65.606 66.191 64.519
71.851 71.781 71.711 71.924 73.279 72.151 73.139 72.646 72.294 71.991 72.126 72.591 71.994 71.701 72.006 73.439 72.316 72.156 70.901 71.284 71.401 71.216 70.501 70.789 70.411 77.171 81.996 82.164 82.486 82.964 83.431 83.674 83.579 83.299 82.641 72.206 70.019 69.784 69.576 69.481 68.866 68.649 69.009 68.949 68.781 68.624 68.479 68.289 68.084 67.941 67.794 67.566 67.289 67.119 67.236 67.011 66.726 66.444 66.154 66.059 65.944 65.824 65.674 65.361 65.114 64.811 64.696 64.621 66.176 64.499 64.439
71.631 71.626 71.626 71.731 73.829 72.289 73.176 73.214 72.046 71.789 72.069 72.834 71.819 71.619 71.609 72.434 70.581 72.489 70.734 70.769 71.659 71.549 71.856 72.574 71.099 76.199 83.009 83.576 83.701 83.766 83.034 83.531 82.789 81.754 81.301 74.931 70.601 69.676 69.634 69.299 68.859 68.484 68.681 68.741 68.571 68.419 68.249 67.996 67.694 68.004 68.694 68.154 66.956 66.699 66.676 66.481 66.336 66.186 66.039 65.869 65.584 65.621 65.651 65.019 64.934 64.866 64.814 64.659 64.574 64.399 64.341
71.576 71.556 71.686 72.186 71.846 72.051 72.026 73.519 72.089 71.566 71.279 71.364 71.034 70.971 70.919 71.236 71.061 70.584 70.796 72.584 71.656 74.679 75.656 76.591 73.411 75.134 83.066 82.811 82.634 82.449 81.389 81.676 82.736 81.301 77.019 72.999 70.219 69.976 69.129 69.001 68.716 68.271 68.149 68.281 68.284 68.129 68.096 67.846 67.811 71.801 74.894 70.124 66.866 66.574 66.464 66.236 65.939 65.726 65.929 65.964 65.229 65.636 65.461 65.046 64.979 64.886 64.766 64.639 64.516 64.331 64.216
71.709 72.304 73.599 73.444 71.661 72.214 71.694 73.361 72.411 71.031 70.626 70.901 71.716 72.436 75.254 74.671 73.241 74.496 76.456 77.129 77.631 77.904 78.289 78.051 75.881 70.896 81.029 81.474 81.806 82.669 80.786 77.889 77.096 71.474 71.271 70.824 69.631 69.239 68.754 68.776 68.971 68.261 67.811 67.791 68.339 71.669 69.359 67.139 67.254 73.626 76.031 72.884 68.279 66.041 65.764 66.504 66.686 65.724 65.696 65.361 65.289 65.229 65.294 65.069 64.921 64.821 64.721 64.869 64.531 64.334 64.124
72.989 71.884 71.029 70.726 70.739 70.829 73.164 75.459 73.089 72.469 73.331 75.879 76.794 78.341 77.969 77.461 73.734 74.811 77.494 78.519 79.079 79.506 78.879 78.214 76.301 71.746 73.636 75.911 77.744 76.376 70.901 68.966 69.281 69.124 69.011 68.979 69.476 69.141 68.689 68.609 67.989 67.756 67.656 67.594 71.476 77.734 75.039 67.334 66.726 68.934 73.434 72.379 68.586 65.751 67.514 68.446 67.111 65.706 65.429 65.669 65.969 65.776 65.766 65.211 64.944 64.831 64.841 64.806 64.319 64.159 64.004
70.789 70.546 70.541 70.491 70.474 70.506 71.184 71.624 72.801 76.489 77.774 79.026 78.824 79.266 79.244 79.071 74.711 73.201 78.606 78.726 78.424 77.954 77.954 77.249 76.224 71.571 69.451 69.371 69.281 69.214 69.756 68.994 69.221 69.184 69.519 68.881 68.269 68.021 67.926 67.791 67.649 67.494 67.189 67.069 68.726 76.709 73.344 66.849 66.369 66.561 66.729 67.164 65.814 71.399 77.189 80.049 76.101 67.811 65.331 65.786 65.681 65.176 65.056 64.949 64.726 64.689 64.286 64.169 64.039 64.001 63.846
70.464 70.379 70.426 70.431 70.416 70.486 72.649 71.134 72.464 75.796 77.851 79.296 79.891 79.874 79.196 78.776 75.786 71.949 75.749 77.191 77.786 76.914 76.321 74.891 70.199 69.941 69.331 69.111 68.986 69.181 69.281 68.511 68.379 68.269 69.771 72.726 69.164 67.871 67.669 67.454 67.119 66.726 66.594 66.354 66.376 67.524 68.594 66.591 66.126 66.041 65.916 65.849 67.264 78.714 83.581 85.624 83.151 72.929 65.269 65.176 65.036 64.816 64.526 64.366 64.244 64.326 64.214 64.219 65.449 67.154 65.209
70.309 70.361 70.411 70.371 70.529 70.439 71.181 71.596 71.559 74.219 78.401 78.904 78.599 78.204 77.821 77.091 76.284 71.736 73.786 73.284 73.296 72.354 71.331 70.359 69.554 69.474 68.926 69.421 69.074 68.731 68.406 68.336 68.256 68.064 72.074 75.386 72.049 67.576 67.354 67.046 67.026 67.206 66.876 66.376 66.316 66.294 66.216 66.156 66.126 66.014 66.626 67.141 70.571 80.729 83.396 85.309 82.991 75.181 64.614 64.489 64.329 64.276 64.466 64.446 64.674 64.419 66.436 66.761 69.126 73.189 69.586
70.244 70.269 70.479 70.611 70.656 70.961 72.444 72.674 71.896 71.691 77.054 77.384 77.421 76.741 77.421 74.836 72.471 69.956 69.826 69.801 70.824 72.089 71.106 69.594 69.676 68.716 68.456 68.346 70.064 71.661 69.786 67.991 67.626 67.466 67.319 69.444 71.776 67.599 67.221 66.874 66.656 66.629 67.554 67.146 66.346 66.309 66.764 66.634 67.009 66.261 66.146 65.826 67.239 78.569 81.284 82.966 81.934 71.391 64.406 64.624 64.751 64.709 65.529 65.874 64.269 64.256 65.829 68.921 69.999 75.156 66.676
69.994 69.876 69.651 69.644 69.539 70.499 73.074 76.196 71.889 71.579 74.169 75.389 76.799 72.966 71.574 69.999 69.864 70.196 70.324 69.189 70.769 70.624 69.589 69.074 68.626 68.356 68.216 68.141 71.736 77.151 74.694 67.489 66.951 67.061 67.634 68.211 66.884 66.766 66.771 66.686 66.831 71.716 75.356 74.319 68.839 66.571 66.614 66.196 65.984 65.816 65.581 65.261 64.924 68.326 74.391 74.434 69.996 65.414 66.001 64.171 64.861 64.994 68.501 68.296 64.454 64.084 65.199 66.214 69.556 72.214 72.904
70.196 69.431 69.391 69.374 69.439 70.479 73.696 73.626 74.251 71.604 69.646 69.929 71.199 71.104 70.214 69.844 69.559 69.459 69.056 68.574 68.649 68.839 68.556 68.396 68.319 68.161 67.796 67.556 68.309 73.996 71.134 67.661 66.981 66.946 66.884 66.834 66.821 66.704 66.664 66.609 70.874 77.931 81.189 80.821 76.336 68.779 65.864 65.696 65.376 65.066 64.881 64.976 65.366 65.609 65.076 64.719 64.609 64.904 67.124 63.669 64.409 65.516 71.086 66.526 63.771 64.209 64.649 63.664 66.564 65.196 69.481
69.751 69.339 69.256 69.236 69.216 69.126 69.096 69.921 71.269 70.979 69.094 69.309 69.941 69.351 69.511 69.484 69.056 68.661 68.404 68.249 68.306 68.301 68.256 68.094 68.001 67.634 67.329 67.871 67.304 67.004 67.009 66.986 66.966 66.876 67.891 72.069 72.986 69.996 67.024 67.946 74.141 80.029 84.364 84.779 80.354 71.146 65.139 65.074 65.281 65.681 65.281 65.084 65.026 64.771 64.841 65.826 64.861 64.339 65.036 66.056 67.044 74.711 77.051 70.534 63.594 64.026 64.354 64.874 68.926 64.619 65.714
69.116 69.241 69.394 69.079 69.034 68.946 68.954 69.426 70.284 69.831 68.841 69.129 68.916 68.781 68.489 68.391 68.326 68.336 68.569 67.706 67.934 67.969 67.674 67.231 68.646 69.289 67.421 67.024 66.994 67.034 68.461 68.749 67.141 66.801 75.169 80.654 81.236 78.664 70.406 66.469 72.426 79.819 82.546 84.001 79.871 71.531 65.399 65.934 65.406 65.059 64.989 64.694 64.576 64.824 66.451 68.184 68.574 69.664 72.981 74.116 75.936 76.511 77.184 75.076 64.496 64.021 64.699 65.979 67.921 62.974 64.009
69.991 69.049 69.086 68.926 68.846 69.101 71.431 70.689 71.494 70.806 68.689 68.271 68.249 68.249 68.216 68.216 68.161 68.036 67.666 67.196 67.239 67.989 67.866 72.431 76.914 78.456 74.271 68.626 67.174 72.596 76.386 77.556 74.944 71.439 77.894 83.541 84.776 83.119 74.059 66.106 66.989 74.011 80.676 80.049 76.741 67.704 65.489 65.149 65.079 65.044 64.949 64.269 64.016 73.854 75.471 75.066 75.664 76.436 76.529 77.029 77.489 77.724 77.416 76.309 65.256 66.266 67.326 67.161 65.389 63.551 65.099
70.981 69.231 69.069 68.866 68.971 69.891 71.934 71.964 72.479 69.299 69.431 67.864 68.086 68.099 67.954 67.736 67.961 67.541 67.086 67.086 67.176 67.271 69.499 78.086 81.399 83.404 81.804 76.761 70.406 77.476 82.866 81.161 81.046 74.769 76.816 82.844 83.589 81.604 72.414 65.349 65.456 65.914 68.461 69.309 66.521 65.054 64.741 65.106 65.071 64.991 64.821 64.264 63.824 71.189 77.056 76.726 77.921 77.589 77.626 77.326 76.884 76.399 76.109 76.054 66.099 64.799 70.616 68.141 65.219 65.419 63.869
70.209 68.894 69.501 69.619 68.456 69.506 71.929 73.379 74.321 71.714 69.529 67.331 67.409 67.879 67.999 67.461 67.756 67.494 67.109 67.121 67.104 67.054 69.661 80.346 83.576 81.144 78.014 75.934 68.674 79.099 84.044 84.854 81.339 74.814 69.456 76.746 78.929 73.971 66.809 65.911 65.926 65.439 65.459 65.499 65.321 64.511 64.276 64.786 65.759 68.739 69.296 68.934 64.081 70.616 77.209 77.479 77.036 76.599 76.236 76.059 75.999 75.984 75.956 76.194 66.984 63.406 67.559 65.881 64.651 68.694 65.709
68.859 68.434 68.336 68.219 68.166 72.831 68.971 71.604 71.169 69.209 67.206 67.106 67.101 67.581 67.216 67.156 67.136 67.129 67.159 67.096 67.084 66.949 71.541 79.941 81.011 79.671 76.989 74.646 67.271 75.429 81.706 81.734 79.216 71.456 65.769 66.384 66.396 65.916 65.601 65.446 65.106 65.399 65.334 65.191 65.194 65.944 68.889 70.031 74.139 76.894 76.704 74.636 64.626 68.771 76.201 76.049 75.954 76.086 75.936 75.939 75.959 75.566 75.929 75.919 67.869 63.369 66.111 64.914 68.031 63.434 63.291
68.269 68.204 68.139 68.061 68.004 72.019 69.191 71.346 73.359 70.339 68.976 67.156 67.846 67.169 67.151 67.121 67.576 67.886 67.344 67.071 66.961 66.841 68.709 76.286 75.129 77.196 75.169 74.189 66.491 65.994 70.201 73.729 71.876 66.276 65.469 65.671 65.676 65.681 65.619 65.386 64.721 64.866 65.839 70.726 74.031 75.044 76.329 76.714 76.711 76.729 77.329 77.906 68.294 63.866 76.424 75.884 75.889 75.971 75.896 73.521 68.264 64.649 69.806 67.909 64.434 64.236 64.766 64.316 62.704 62.229 62.199
68.076 67.876 67.896 67.994 67.361 68.204 71.866 75.246 76.641 73.774 67.206 68.194 67.471 67.911 67.056 67.029 67.056 67.009 66.901 66.769 66.524 66.219 66.001 69.069 72.509 73.151 69.476 68.839 66.294 66.619 66.284 65.866 65.806 65.591 64.891 65.159 65.541 65.346 65.639 67.084 65.754 67.614 75.154 76.451 76.891 76.726 76.919 77.971 76.639 76.741 77.051 77.754 69.701 63.899 73.621 75.874 72.899 68.859 63.966 63.566 63.281 63.249 63.156 63.261 64.374 63.959 63.446 62.791 62.284 62.111 62.099
67.446 67.351 67.801 67.621 67.271 67.281 67.871 70.861 71.784 69.284 67.749 69.111 69.861 67.091 67.281 66.674 66.679 66.464 66.254 66.151 66.546 66.349 66.109 66.786 66.394 66.124 65.921 66.946 66.241 65.836 65.949 65.869 65.766 65.504 65.199 66.134 67.766 72.664 74.574 76.399 69.656 67.051 77.549 77.124 76.649 76.634 76.641 76.634 76.589 77.119 76.694 76.536 73.201 64.229 68.191 69.801 65.029 63.216 63.246 63.344 64.796 64.549 63.479 63.444 63.666 64.366 63.684 63.244 62.164 61.976 61.959
67.386 67.376 67.361 67.341 67.309 67.269 67.214 67.176 68.194 68.069 67.071 68.096 67.644 66.754 66.409 66.236 66.171 66.644 67.189 66.956 66.364 66.199 65.584 65.766 65.881 65.629 66.329 68.954 67.661 65.396 65.616 66.214 68.016 70.436 73.059 75.604 76.731 77.364 77.451 78.484 75.759 65.166 74.346 77.464 76.951 77.159 76.606 76.589 76.561 76.541 76.526 76.499 76.526 65.031 64.459 64.729 63.301 63.149 63.121 64.091 66.869 67.029 65.799 65.426 63.819 63.954 64.974 62.584 62.011 61.844 61.829
67.471 67.546 67.659 68.489 67.431 67.166 66.981 66.891 67.236 66.729 66.566 66.361 66.576 66.744 66.434 66.164 66.446 66.404 66.266 66.261 66.166 65.894 65.656 66.381 66.646 70.366 76.176 77.284 72.356 65.096 69.304 75.006 77.314 77.291 77.506 77.899 77.869 77.299 77.284 78.259 78.024 66.051 69.906 76.834 76.586 76.589 76.556 76.541 76.536 76.506 76.176 70.879 68.514 63.656 63.461 64.606 63.006 63.066 64.289 64.751 66.789 66.341 65.239 65.361 64.034 63.399 63.546 62.156 61.881 61.759 61.724
68.091 67.686 67.331 67.681 67.206 66.846 66.499 66.384 66.246 66.224 66.411 67.151 66.794 66.301 66.399 66.109 65.839 65.926 65.909 67.604 68.151 68.404 71.729 75.029 76.071 76.896 77.776 78.309 77.509 66.086 72.366 78.316 77.441 77.296 77.304 77.786 77.809 77.281 78.179 77.341 77.259 68.696 66.776 76.564 76.556 76.531 76.494 72.911 70.001 67.456 67.929 63.714 63.276 63.461 64.351 64.476 64.801 65.034 65.044 65.049 65.089 65.076 65.046 65.039 63.259 62.614 62.384 61.846 61.694 61.611 61.584
67.231 67.096 66.921 66.649 66.421 66.271 66.259 66.384 66.849 66.194 67.966 66.906 67.569 66.294 66.174 66.179 66.056 66.791 71.324 77.831 77.149 77.009 77.369 77.306 77.911 78.351 78.899 79.404 78.659 67.486 67.014 78.561 77.789 78.051 77.334 77.254 77.241 77.239 77.241 77.229 77.219 75.281 69.666 74.779 72.146 70.616 67.291 63.444 63.394 64.126 66.064 65.606 64.464 65.064 65.056 65.044 65.001 64.996 65.014 65.006 64.966 64.684 63.886 63.414 62.439 62.104 61.756 61.616 61.469 61.474 61.441
66.541 66.361 66.279 66.354 66.574 66.529 66.121 66.141 66.951 66.951 67.856 66.326 66.274 67.259 67.556 68.854 67.529 66.904 75.511 78.171 77.911 78.074 78.649 79.096 79.536 79.511 79.246 78.724 78.149 74.244 64.989 77.646 77.591 77.264 77.219 77.224 77.219 77.219 77.201 76.561 73.944 69.321 64.374 64.609 64.371 63.401 64.364 64.579 63.871 65.091 65.519 65.076 65.024 65.024 64.999 64.986 64.964 64.964 64.414 63.561 62.734 62.739 62.684 62.494 62.194 61.906 61.606 61.476 61.364 61.361 61.319
