LIDAR-DSM-2M-TQ28ne/tq2889_DSM_2M.asc
ncols 500
nrows 500
xllcorner    528000
yllcorner    189000
cellsize     2
NODATA_value -9999
[rows 240 to 269 of 500, columns 0 to 67 of 500]
104.054 102.901 101.961 102.289 102.756 101.856 101.526 101.414 101.444 101.471 101.469 102.189 103.396 104.021 104.591 109.069 110.959 110.326 110.969 109.356 105.189 101.686 102.044 101.251 102.121 101.271 101.256 102.544 101.234 102.034 101.776 107.011 109.639 111.026 111.109 110.989 105.781 102.631 101.961 101.681 101.664 101.769 101.871 103.596 108.661 105.896 103.246 102.586 103.536 103.591 103.114 103.106 108.154 110.181 111.019 110.171 108.911 104.499 103.199 102.384 102.401 102.274 101.799 101.971 102.509 101.816 101.864 101.959
104.331 101.629 101.354 101.336 102.971 102.886 101.384 101.404 101.404 101.441 101.479 101.504 103.154 103.966 104.111 107.284 110.914 110.989 110.911 109.466 106.474 102.089 102.199 101.216 101.466 101.221 101.261 101.601 101.229 102.346 102.376 107.776 109.289 110.974 111.156 110.996 104.624 102.086 102.024 102.291 103.206 103.174 103.124 104.741 108.076 109.036 103.199 103.424 103.821 102.736 102.154 102.389 108.444 110.836 110.829 110.076 109.526 104.546 102.029 102.006 101.929 102.109 101.729 101.929 102.059 102.771 101.976 102.129
104.366 101.974 101.684 101.809 102.914 102.979 101.989 101.356 101.381 101.404 101.459 101.499 101.561 101.621 102.139 105.274 110.891 111.061 110.994 109.569 108.149 102.379 102.449 101.211 101.809 101.201 101.241 101.979 101.206 102.001 102.886 106.094 109.334 111.436 111.371 111.141 105.919 102.019 102.181 103.056 102.601 102.906 102.376 106.671 109.706 105.251 101.641 101.744 101.896 101.731 101.859 101.794 107.816 110.581 110.841 110.144 109.006 103.876 101.939 101.896 101.841 102.219 101.724 101.739 102.461 101.746 102.156 101.886
101.891 101.684 102.009 101.514 103.676 103.529 104.454 102.346 102.199 101.366 101.756 101.569 102.826 102.096 103.401 102.521 111.161 111.494 111.259 109.694 108.066 102.764 103.194 101.236 102.349 101.179 101.206 101.966 101.204 101.581 101.689 107.284 109.274 110.646 110.959 110.771 106.861 101.986 102.176 104.451 101.631 101.499 101.489 103.119 104.631 102.391 101.646 101.664 101.664 102.054 103.304 103.346 107.449 110.424 110.171 109.684 108.111 103.104 102.094 102.109 101.916 102.366 101.706 101.726 102.684 101.671 101.819 101.854
101.344 101.334 101.311 101.436 103.171 104.911 105.156 105.001 104.106 101.929 102.004 102.486 101.349 101.706 101.466 102.896 110.466 110.821 110.906 109.659 109.154 103.314 101.839 101.176 101.399 101.239 101.191 101.316 101.129 101.414 101.526 104.844 108.931 110.531 110.581 110.804 108.946 104.844 104.944 101.841 101.641 101.594 102.669 103.051 103.704 104.054 102.131 101.769 102.446 103.514 105.416 105.131 105.456 103.916 103.984 104.601 104.149 102.356 102.086 101.881 101.649 102.091 101.636 101.696 102.251 101.599 101.741 101.856
101.584 101.531 101.446 104.381 104.486 106.629 107.524 104.541 103.034 101.306 101.329 101.366 101.399 101.439 101.714 101.944 109.236 110.781 110.964 109.801 107.984 102.011 101.499 101.111 101.586 101.186 101.151 102.146 102.936 101.674 101.921 103.684 108.911 110.589 110.126 110.971 109.536 105.079 105.271 102.839 102.289 101.844 102.131 102.034 102.696 103.209 103.164 102.426 102.279 102.876 104.599 104.574 107.024 109.994 110.006 110.306 109.301 104.646 101.851 101.789 101.561 102.629 101.614 101.661 101.979 105.231 102.161 102.316
101.596 102.261 102.624 101.624 104.524 105.799 109.119 103.656 104.516 101.309 101.319 101.791 103.381 103.446 104.124 105.459 110.456 110.809 110.291 110.021 107.941 103.286 102.239 101.119 101.821 101.411 101.111 101.684 103.809 101.886 101.746 103.046 108.386 110.276 109.509 110.814 109.594 104.071 104.546 103.559 101.461 101.449 101.641 102.994 102.996 104.746 101.689 101.634 101.654 101.959 103.891 103.464 106.031 109.846 109.904 110.386 109.454 107.576 102.039 101.969 101.569 102.029 101.641 101.609 102.344 103.249 101.974 103.154
102.024 101.176 101.156 102.849 104.031 107.751 107.581 105.324 103.549 101.799 101.701 102.269 104.141 102.984 104.736 104.671 110.574 110.786 111.006 110.206 108.459 103.429 101.814 101.099 101.291 101.251 101.101 101.234 101.326 101.124 101.789 103.966 108.879 110.124 111.064 110.814 109.229 101.789 101.744 103.481 101.836 101.749 101.831 103.331 103.044 102.621 102.801 101.649 101.644 101.641 101.676 101.741 102.936 110.064 110.726 110.614 109.606 107.666 102.021 101.884 101.536 101.481 101.551 101.576 102.414 101.801 101.976 102.854
101.956 101.336 101.491 101.201 103.589 104.151 105.914 105.809 102.241 101.811 101.726 102.859 102.539 101.531 103.686 104.509 108.929 110.744 110.874 110.294 108.634 105.174 101.426 101.154 101.541 101.424 101.084 101.144 102.104 101.581 102.124 103.129 109.141 110.026 111.051 110.969 109.004 102.699 102.431 103.051 102.071 101.881 102.134 102.209 103.061 102.611 102.199 101.681 101.624 101.691 101.839 102.286 102.959 109.554 110.234 110.944 109.689 107.436 102.029 102.149 101.524 101.784 101.641 101.559 101.721 101.596 102.176 103.799
103.244 101.826 101.844 101.254 102.226 103.001 104.769 104.936 103.189 101.266 101.179 101.219 101.409 101.536 101.559 102.141 107.934 110.726 110.881 110.109 108.766 105.594 101.801 103.196 103.014 101.294 101.061 101.101 101.521 101.156 101.926 102.339 108.186 110.546 111.054 111.184 110.451 102.496 101.539 101.401 101.394 101.389 101.416 101.481 102.394 104.006 104.924 101.774 101.606 102.791 101.611 101.746 102.021 109.106 110.454 110.421 109.539 108.384 103.394 102.214 101.474 102.229 101.671 101.499 102.106 101.951 101.594 102.961
103.669 101.009 100.946 100.964 100.966 101.704 103.546 102.724 102.336 101.094 101.946 102.589 102.951 102.761 102.599 103.691 107.981 110.466 109.926 109.879 108.254 103.709 102.494 103.029 102.391 101.366 101.024 101.061 101.694 101.031 101.426 102.551 108.041 109.349 110.824 110.741 110.046 103.149 101.884 101.666 101.351 101.376 101.421 102.679 104.864 106.089 104.876 102.421 101.481 101.826 102.191 101.851 101.966 109.191 110.074 110.254 109.669 107.936 102.119 102.076 101.729 101.674 101.539 101.471 101.874 101.814 101.521 102.219
104.181 101.136 101.004 101.031 101.031 102.954 102.994 101.674 103.074 104.191 101.939 102.271 101.686 101.821 102.796 106.319 109.101 110.124 108.839 107.824 107.711 104.121 101.306 101.854 100.999 101.624 101.006 101.069 101.564 100.986 101.344 101.596 106.954 109.371 110.801 109.969 110.591 106.864 104.846 103.749 101.566 101.639 101.646 104.694 105.586 106.081 106.764 102.411 101.814 102.044 103.881 104.484 102.956 108.709 109.594 110.101 109.881 108.661 103.234 103.539 102.561 101.946 101.896 101.426 101.469 101.764 101.451 102.349
107.321 101.354 101.649 101.224 101.206 101.339 103.156 101.761 103.216 104.361 101.719 101.074 101.099 101.164 102.226 105.994 108.976 110.139 109.174 109.024 109.089 107.929 102.051 102.381 100.911 101.116 100.979 101.011 101.551 100.979 101.536 101.916 106.299 109.269 110.814 110.206 110.916 106.981 104.416 103.916 102.211 101.824 102.714 106.286 106.329 109.516 104.769 105.331 103.524 102.974 104.974 104.834 104.921 108.969 109.599 109.986 109.916 108.641 103.194 101.826 101.619 101.536 101.729 101.419 101.394 102.256 101.406 103.389
109.901 102.476 101.039 101.019 101.014 102.916 101.654 101.806 104.149 102.321 101.024 101.039 101.094 101.139 101.461 105.681 108.849 110.131 108.901 108.096 106.891 107.006 103.309 102.981 100.916 102.151 100.969 101.006 101.911 101.006 101.326 101.651 105.159 109.109 110.766 110.449 110.629 107.786 103.489 104.079 101.449 101.406 101.364 104.579 106.336 109.066 107.286 105.144 101.314 101.336 103.489 103.294 103.501 106.926 109.809 110.089 109.676 108.861 105.479 101.746 101.704 101.489 101.789 101.384 101.366 101.714 101.389 101.941
109.881 101.609 101.086 101.011 101.006 102.571 101.369 101.041 101.179 102.481 101.519 101.956 103.239 102.011 101.591 105.721 108.876 110.249 107.221 104.664 105.541 105.981 103.059 103.604 100.926 101.714 100.931 100.981 101.289 100.981 101.544 101.476 105.434 108.964 110.629 110.824 110.624 106.056 101.771 101.506 101.469 101.391 101.594 102.414 102.991 103.346 102.734 102.241 101.326 101.314 101.391 101.516 101.524 105.084 109.874 110.421 110.189 108.931 105.791 102.166 101.699 101.436 101.946 101.321 101.291 102.231 101.369 102.029
107.979 102.601 101.109 102.339 103.126 102.586 101.679 102.834 102.951 102.146 101.279 101.999 102.409 103.484 104.074 104.779 108.539 110.011 109.359 108.896 109.064 109.096 103.209 101.919 100.904 101.069 100.884 100.954 101.371 101.201 101.684 101.969 105.754 108.826 110.539 110.834 110.961 105.854 102.521 102.021 102.289 102.401 102.181 101.939 102.709 103.626 101.861 101.384 102.039 102.511 102.301 102.801 102.444 105.091 109.066 109.944 110.466 109.021 105.876 101.774 101.634 101.304 101.546 101.276 101.289 101.819 101.261 102.006
107.866 102.931 100.814 100.786 101.721 102.956 101.981 101.531 101.321 100.896 100.924 100.931 101.384 102.571 103.779 104.864 108.939 110.216 109.399 108.349 108.061 107.609 102.624 101.426 101.141 102.146 101.029 100.926 101.251 101.041 101.151 102.024 105.129 108.801 110.259 110.751 110.961 107.756 101.604 101.366 101.501 101.286 101.214 101.174 101.301 102.896 102.261 101.729 101.761 101.776 101.471 101.571 101.546 104.036 108.521 109.431 109.999 108.991 106.639 101.511 101.399 101.224 101.679 101.224 101.236 101.506 101.396 101.849
107.909 102.914 101.071 100.904 101.699 103.016 102.876 101.411 101.479 100.886 100.881 100.891 101.314 102.729 104.594 104.524 108.194 109.879 109.319 108.066 108.016 105.904 102.519 102.526 101.031 104.341 101.254 100.889 100.824 100.814 100.954 101.524 104.566 109.159 110.084 110.789 110.579 108.874 101.931 102.504 102.664 101.714 101.211 101.186 101.521 104.519 101.959 101.406 101.266 101.284 101.341 101.879 102.686 104.056 109.064 109.464 110.041 109.121 105.939 101.411 101.546 101.141 102.019 101.174 101.226 101.609 101.491 101.931
108.661 105.224 101.459 100.979 100.869 101.419 103.761 101.714 100.974 101.391 101.676 101.736 101.439 102.464 101.664 103.671 108.164 110.244 109.686 108.059 108.096 107.151 102.536 102.029 101.431 102.254 100.921 100.841 100.804 100.754 100.826 101.441 103.446 108.046 109.629 110.884 110.599 109.381 105.536 104.794 103.439 102.481 101.491 101.784 101.884 102.286 102.594 101.731 101.259 101.374 102.076 104.141 104.419 105.826 109.701 109.519 110.259 109.286 107.076 101.954 102.239 101.126 101.204 101.139 101.149 101.416 101.404 102.004
109.474 106.576 102.454 100.821 100.726 101.011 101.604 101.704 101.339 102.126 102.194 101.879 101.134 101.616 101.601 102.594 107.906 110.221 109.764 108.344 107.999 108.094 104.394 101.206 100.896 101.196 101.509 100.816 100.786 100.731 100.804 101.389 102.004 107.571 109.801 110.849 110.884 109.924 106.119 105.204 102.221 102.244 101.116 101.131 101.209 101.861 103.264 102.071 101.706 101.739 101.626 103.899 104.569 105.416 109.484 109.401 109.581 108.946 107.974 101.716 101.584 101.121 101.776 101.091 101.131 101.534 103.291 101.856
109.469 107.316 102.261 100.774 100.899 101.074 102.329 101.306 102.321 100.996 100.996 100.876 100.896 101.024 101.496 101.979 107.729 109.959 109.856 109.096 108.959 108.836 106.979 101.119 101.149 100.724 101.286 100.761 100.736 100.779 100.754 100.939 101.299 107.264 109.576 110.829 110.539 110.084 105.571 103.949 102.344 101.111 101.071 101.059 101.074 101.656 101.581 101.111 101.116 101.141 101.166 102.216 101.919 102.494 108.829 109.869 109.809 109.469 108.304 103.441 102.364 101.254 101.421 101.141 101.069 101.129 101.319 101.539
109.251 107.044 101.389 101.319 100.936 100.824 102.929 100.964 100.924 100.904 101.296 100.924 100.936 100.996 101.476 101.926 106.974 109.724 110.019 107.314 106.286 104.179 102.674 101.181 101.174 100.674 100.711 100.721 101.011 101.866 100.701 100.984 101.986 108.106 109.416 110.689 110.576 109.931 104.779 102.844 101.154 101.084 101.126 102.189 101.831 101.479 101.976 101.126 101.086 101.079 101.111 101.186 101.659 101.631 108.141 110.326 110.376 109.666 108.401 103.476 102.406 101.236 100.959 100.969 101.021 100.991 101.099 101.191
109.599 107.074 100.736 100.576 100.564 100.539 102.981 101.764 101.566 101.501 101.954 101.566 101.384 101.841 101.749 101.669 106.639 109.846 109.859 107.564 107.319 107.741 107.876 101.151 101.056 100.651 101.426 100.686 100.704 102.551 100.701 101.054 102.356 107.444 109.554 110.734 110.964 110.829 105.616 103.729 101.304 101.461 101.686 101.984 101.961 102.299 103.439 102.346 101.616 101.779 102.116 101.491 101.529 101.521 107.226 109.024 110.179 109.721 108.266 103.359 101.406 101.079 101.379 101.201 100.961 100.951 100.869 100.971
109.599 108.221 100.651 100.606 100.576 100.834 102.311 101.871 101.599 100.761 100.794 100.779 100.826 100.844 101.041 101.486 106.024 109.581 109.864 108.991 108.811 108.599 108.524 101.051 101.091 100.674 101.354 100.666 100.636 100.851 100.636 102.161 103.279 105.089 107.664 107.681 108.679 109.831 108.196 103.719 100.941 101.056 101.281 101.069 100.934 101.304 103.081 101.506 101.221 101.311 101.104 101.201 101.089 101.134 106.009 108.636 109.586 109.641 108.404 104.014 101.361 101.116 100.969 101.159 100.914 100.894 101.234 102.591
107.654 105.999 100.714 100.729 101.974 100.744 101.551 103.454 100.634 100.689 100.729 100.766 100.809 100.841 101.374 101.571 105.449 109.869 109.916 108.709 107.584 107.424 105.864 101.951 101.886 103.671 101.104 100.574 100.659 101.164 100.566 101.014 101.396 105.154 107.514 107.641 108.566 109.829 108.369 104.639 100.971 101.361 101.246 100.864 101.674 102.239 103.169 101.294 101.046 101.156 101.231 101.066 101.024 101.079 105.404 109.026 109.474 109.714 108.561 102.359 101.396 100.971 100.796 100.869 100.846 100.859 102.529 101.356
108.546 106.329 100.644 100.531 101.604 100.451 101.834 104.111 101.161 100.714 100.796 100.741 100.756 100.896 100.886 101.446 104.656 109.259 110.334 108.941 107.704 107.644 104.604 102.236 101.379 101.041 102.111 100.536 100.554 101.389 100.544 100.909 101.034 108.209 108.636 108.511 108.791 109.809 108.534 104.606 100.919 101.524 101.864 100.906 101.739 102.424 103.371 101.254 101.004 101.006 100.976 100.934 102.564 103.726 106.381 107.929 107.809 108.214 106.791 102.234 101.499 101.149 100.759 101.239 100.799 100.801 101.416 100.869
108.669 107.146 100.999 100.599 100.626 101.359 101.299 102.644 101.851 101.366 101.256 102.019 102.684 101.804 103.474 102.111 104.774 108.401 109.861 109.031 107.736 107.501 106.531 101.839 101.859 100.481 101.044 100.491 100.531 100.949 101.844 101.129 101.421 104.169 106.099 105.206 107.236 109.861 109.521 106.039 102.976 102.079 101.466 101.739 102.506 102.834 102.826 101.391 101.381 102.001 102.216 103.209 103.544 104.529 104.536 105.564 104.014 105.791 104.801 102.404 101.509 101.004 100.724 101.079 100.729 100.739 101.044 100.694
108.916 107.264 101.884 101.076 100.791 103.106 101.479 100.826 100.779 100.614 100.739 102.154 102.049 101.581 103.519 101.394 103.801 108.216 109.756 109.206 108.574 108.706 108.816 104.466 101.209 100.429 100.821 100.429 100.454 101.051 101.629 101.334 101.736 102.699 104.824 105.364 107.564 109.609 109.684 106.606 103.761 100.996 100.811 100.804 100.864 100.864 101.799 100.854 100.954 101.349 101.024 102.111 102.476 104.036 105.574 109.181 109.366 109.849 108.909 104.956 100.984 100.966 100.669 101.381 100.659 100.694 101.164 100.701
108.876 107.386 102.664 100.321 100.291 100.716 101.084 100.699 101.201 100.756 100.826 101.429 102.159 101.236 101.916 101.309 102.739 108.066 109.644 109.289 108.466 107.726 106.341 102.339 101.179 100.534 100.879 100.586 100.431 100.586 100.476 100.516 100.854 105.586 108.496 108.434 108.426 109.504 109.706 107.249 102.754 100.976 100.846 100.791 100.809 101.236 102.464 102.241 100.876 100.744 100.819 101.141 101.566 101.481 102.446 108.524 109.321 109.946 109.166 108.249 101.659 101.041 100.651 101.659 100.774 100.651 101.104 101.701
108.976 107.464 102.804 100.901 101.041 100.799 100.684 101.399 102.044 100.839 101.136 102.029 102.649 102.311 102.371 102.936 103.879 107.844 109.759 109.261 104.051 105.599 104.241 103.174 101.961 100.709 100.436 100.446 100.334 100.569 100.709 100.321 100.706 103.044 107.211 107.174 107.621 109.409 109.719 107.041 103.899 101.434 101.341 101.336 101.064 102.604 104.771 105.449 100.959 100.741 100.859 102.609 102.594 100.996 102.289 107.886 109.064 109.871 109.219 107.599 101.859 100.894 100.604 100.884 100.596 100.569 100.866 101.716
