LIDAR-DSM-2M-TQ28ne/tq2887_DSM_2M.asc
ncols 500
nrows 500
xllcorner    528000
yllcorner    187000
cellsize     2
NODATA_value -9999
[rows 270 to 299 of 500, columns 335 to 401 of 500]
116.044 116.094 116.241 117.589 114.946 113.324 113.629 114.664 114.261 112.021 112.439 116.431 115.416 111.879 111.326 111.251 111.154 111.121 111.064 111.046 111.111 111.094 111.101 111.779 114.731 123.536 127.019 126.816 121.741 112.686 112.011 112.644 111.951 111.886 111.611 115.241 118.029 128.326 112.774 111.426 115.669 117.709 119.921 121.166 122.041 124.289 126.921 126.999 127.076 127.084 127.129 126.469 112.676 108.899 109.346 109.351 110.411 110.416 109.446 110.316 109.099 110.209 113.871 113.254 115.829 109.039 105.641
115.174 115.736 117.559 115.981 113.806 113.359 113.269 113.761 114.994 112.781 112.106 112.401 112.526 111.869 111.801 111.714 111.629 111.586 111.559 111.526 111.541 111.594 111.636 111.756 115.339 121.756 126.066 126.631 119.199 112.241 113.044 113.529 111.926 112.474 112.986 114.471 119.254 113.366 114.919 116.361 117.886 120.274 120.811 122.421 124.796 126.866 126.864 126.869 127.036 127.196 127.146 127.121 126.161 111.309 108.751 109.289 109.371 109.561 110.811 111.364 111.649 111.794 112.886 114.479 112.181 108.571 108.101
113.956 113.844 113.886 113.704 113.556 113.474 113.439 113.396 113.809 113.189 112.574 112.391 112.346 112.296 112.266 112.166 112.106 112.064 112.034 112.024 112.056 112.134 112.209 114.034 114.134 117.636 120.186 119.504 115.409 112.959 111.901 111.804 111.736 111.656 111.671 112.116 112.579 119.009 126.591 122.504 120.421 120.624 123.189 124.901 126.536 126.896 126.876 126.874 126.884 127.134 127.114 127.176 127.106 126.829 111.791 108.839 109.399 109.589 113.324 115.439 111.501 112.119 112.414 112.646 113.071 107.164 106.989
115.136 113.894 113.814 113.749 113.654 113.631 113.571 113.601 114.179 113.274 112.926 112.866 112.781 112.744 112.689 112.626 112.566 112.539 112.531 112.574 112.639 112.884 113.174 113.446 113.999 114.146 114.476 112.746 112.591 112.066 111.939 111.891 111.864 111.794 111.756 111.869 120.184 126.309 127.119 125.584 122.791 123.856 124.514 126.881 126.866 126.981 126.909 126.856 126.849 126.954 127.099 127.146 127.046 127.046 121.071 110.131 109.259 109.559 110.469 109.631 110.124 112.344 109.774 112.736 110.079 106.671 106.374
116.261 114.394 114.069 113.834 113.761 113.739 113.684 113.634 114.019 113.469 113.391 113.339 113.249 113.209 113.129 113.069 113.026 112.986 113.146 113.464 113.624 114.339 113.471 112.976 112.819 112.699 112.574 112.436 112.324 112.154 112.011 111.941 111.864 112.039 111.596 114.704 124.181 127.194 127.326 127.121 126.991 126.736 126.879 127.029 126.891 126.839 126.836 126.874 126.984 127.096 127.104 127.069 127.171 125.141 117.741 109.201 109.779 109.636 109.876 110.444 111.624 113.811 111.854 110.499 108.636 106.606 106.471
118.329 115.599 114.531 114.416 114.156 113.946 113.809 113.776 113.849 114.216 113.849 113.714 113.666 113.606 113.701 113.556 114.016 114.429 113.986 113.744 116.416 116.294 115.781 116.554 113.399 112.819 112.681 112.551 112.539 112.406 112.154 112.011 111.929 111.939 112.024 111.326 120.686 127.186 127.284 127.224 127.236 127.114 126.876 126.869 126.849 126.816 126.871 126.871 127.099 127.081 127.106 127.124 124.809 118.334 112.264 110.571 110.254 109.829 109.661 110.411 109.604 110.386 110.561 107.629 109.484 106.739 106.756
117.996 117.156 115.504 114.799 114.666 114.481 114.186 113.946 113.939 114.579 114.924 114.061 114.144 114.856 115.114 114.796 114.174 113.719 113.594 114.451 117.559 120.524 118.504 117.946 116.321 114.124 112.971 112.686 112.616 112.461 112.246 112.151 112.771 112.016 112.026 112.334 111.831 125.036 127.206 127.144 127.234 127.214 127.074 126.879 126.829 126.696 126.876 126.884 127.146 127.184 127.151 121.734 117.501 110.224 110.916 110.886 110.636 110.119 109.934 110.009 110.664 108.721 107.541 107.706 112.504 107.524 111.234
116.264 118.571 118.396 115.909 114.951 114.896 114.811 114.521 114.224 114.141 114.181 114.196 114.254 114.391 114.259 114.051 113.939 113.814 113.701 119.101 118.694 119.826 120.349 118.194 114.171 114.301 113.739 112.784 112.646 112.531 112.636 112.294 113.941 113.016 112.071 112.091 112.109 113.594 124.136 127.116 127.126 127.244 127.374 126.939 126.931 127.099 127.046 127.129 127.371 128.116 123.616 112.999 112.369 111.621 111.664 111.511 110.666 110.296 110.184 110.549 110.301 107.489 107.706 110.581 108.754 109.596 111.174
116.516 118.309 118.881 118.876 116.831 115.409 115.366 115.216 114.866 114.616 114.439 114.331 114.344 114.329 114.279 114.259 117.814 119.159 118.519 119.909 119.419 121.254 119.506 115.649 114.326 114.719 114.194 112.921 112.801 112.689 114.104 116.061 117.456 117.761 113.324 112.114 112.324 112.204 115.576 123.534 127.169 127.116 124.524 127.234 127.296 127.274 127.191 127.256 126.154 124.324 114.009 112.436 112.024 112.124 111.566 111.249 110.914 110.594 110.234 110.334 108.329 107.561 107.804 109.799 113.544 116.291 111.689
116.166 116.554 118.034 118.876 118.771 117.421 117.626 117.959 117.251 115.459 115.094 114.894 114.734 114.711 114.784 115.966 119.779 118.649 117.894 117.831 119.659 118.751 116.801 114.731 115.346 117.401 116.286 114.501 112.894 113.199 118.601 121.009 119.379 120.026 117.169 112.739 112.179 112.099 111.984 116.356 125.864 127.191 125.559 125.931 127.104 127.146 127.261 125.741 118.944 116.839 113.066 112.571 112.286 111.904 111.574 111.401 111.166 111.046 110.939 108.989 107.859 107.714 111.389 111.891 114.791 116.981 112.884
116.234 116.219 116.131 118.036 118.904 118.946 118.869 119.141 119.754 116.976 116.221 115.371 116.121 115.391 115.501 118.339 116.694 120.374 116.624 118.629 117.939 116.326 115.094 114.764 119.246 120.016 117.359 115.044 113.079 113.901 120.131 121.144 116.259 119.044 118.626 117.524 116.844 112.259 112.459 112.234 119.511 125.584 127.166 127.136 127.284 127.106 127.184 115.274 113.414 112.496 112.289 112.644 112.421 111.789 111.784 115.074 115.746 115.566 111.199 108.169 107.954 110.324 112.994 114.594 115.704 112.786 115.101
116.444 116.354 116.274 116.181 117.021 119.479 119.866 118.316 118.359 116.816 117.916 117.321 116.224 116.539 116.414 116.031 116.024 120.306 120.274 117.456 119.969 115.416 116.039 115.539 118.046 119.621 116.584 114.846 113.671 114.811 119.929 117.724 116.064 120.041 122.851 122.736 117.766 113.406 112.329 112.359 112.094 116.956 126.716 127.046 127.161 126.146 120.206 112.796 112.144 112.576 112.601 112.656 111.976 111.976 114.416 111.849 115.734 113.581 111.009 108.836 108.166 109.791 112.449 113.606 113.236 114.074 116.904
116.669 116.521 116.406 116.306 116.306 118.626 118.966 119.136 116.819 118.549 119.351 118.629 117.314 117.821 117.676 117.624 118.856 119.884 119.234 118.939 120.356 116.661 118.514 116.611 117.006 116.806 116.676 115.029 115.906 122.769 126.629 122.346 116.779 118.689 121.441 121.626 120.196 113.444 112.376 112.381 112.419 112.761 118.144 127.099 123.766 115.551 109.314 111.859 112.419 112.724 112.506 112.164 112.559 112.884 115.621 114.366 113.049 111.749 113.776 112.104 108.389 110.989 114.936 114.571 115.561 114.429 118.454
116.829 116.734 116.574 116.459 118.011 117.169 117.951 117.466 116.681 116.674 118.944 118.151 115.896 118.889 119.564 117.949 119.341 119.659 117.829 121.499 121.059 122.011 120.221 119.374 119.116 115.344 116.079 118.974 123.391 127.134 127.751 127.001 120.459 118.994 120.706 122.884 123.754 117.289 117.139 112.389 112.396 112.484 114.814 121.989 113.734 109.826 111.076 112.939 112.889 112.956 112.349 112.176 112.024 111.801 112.231 113.849 110.659 112.226 111.874 108.709 108.574 108.356 110.581 115.109 114.149 113.394 116.026
116.911 116.851 116.911 117.629 117.314 116.969 116.814 116.699 116.839 116.664 116.861 116.656 117.979 119.456 119.246 117.596 119.869 119.224 117.601 119.291 120.924 120.529 119.031 119.149 115.906 116.151 119.301 126.551 127.664 127.869 127.801 127.686 125.964 123.039 122.076 124.291 124.344 124.929 119.559 119.046 112.371 112.489 113.154 113.729 110.241 111.521 112.261 112.291 112.244 114.026 112.941 112.121 112.171 112.379 113.489 113.419 111.314 112.534 109.009 108.839 108.676 108.484 108.471 112.619 116.864 112.019 116.419
117.099 116.974 117.849 117.559 117.214 117.076 116.954 116.844 117.026 116.736 116.736 116.656 117.641 119.934 117.516 116.166 116.181 116.279 117.154 119.264 120.039 119.331 119.286 119.216 120.776 118.701 119.129 126.251 127.731 125.696 127.514 127.761 127.681 123.814 127.026 124.674 130.654 128.859 125.921 117.894 112.401 112.346 112.861 112.731 112.136 112.224 112.251 112.249 112.241 112.136 112.134 112.654 112.194 111.439 110.936 109.951 109.534 109.316 109.119 108.986 108.741 108.744 108.676 112.921 112.804 110.896 112.889
117.304 118.211 118.089 117.414 117.291 117.224 117.126 117.024 116.914 116.861 116.844 116.806 116.911 118.259 116.844 116.286 116.191 116.379 117.496 119.809 119.909 119.924 121.271 122.244 122.451 122.191 116.539 121.511 127.146 124.676 127.416 127.836 127.744 126.709 126.569 127.709 129.551 128.124 126.414 115.816 112.554 112.389 112.314 112.289 112.426 112.234 112.264 112.296 112.176 112.061 112.244 111.999 111.614 110.321 110.786 109.874 109.609 109.464 109.249 109.131 108.941 109.001 109.286 109.326 109.861 110.299 111.779
118.379 119.034 117.691 117.494 117.426 117.339 117.284 117.199 117.111 117.094 117.019 116.951 117.146 117.189 117.096 116.911 116.366 117.731 119.934 119.921 119.906 119.681 119.404 123.049 120.969 122.284 119.529 116.671 125.211 127.369 127.801 127.866 127.806 127.701 126.781 128.514 127.209 123.034 122.359 122.594 116.389 112.431 112.364 112.306 112.581 112.954 113.211 112.606 112.201 112.131 112.184 111.719 110.414 111.311 110.864 110.176 110.184 109.664 109.551 109.699 110.131 110.739 108.996 108.806 109.491 109.154 109.434
118.889 117.924 117.744 117.641 117.559 117.491 117.421 117.371 117.311 117.239 117.184 117.114 117.084 117.079 117.219 117.134 118.096 119.969 119.944 119.856 119.501 117.779 117.841 119.881 122.306 121.621 122.066 117.799 117.106 126.996 127.716 127.814 127.864 125.806 124.886 124.929 120.019 120.936 121.179 122.309 119.734 112.419 112.431 112.371 112.496 113.701 113.754 113.239 113.441 112.511 111.709 110.684 110.734 111.389 110.474 110.101 112.541 112.806 112.131 111.401 114.924 113.829 110.671 108.944 108.834 109.571 109.099
118.769 117.961 117.871 117.796 117.714 117.636 117.589 117.559 117.501 117.431 117.361 117.266 117.199 117.191 117.246 118.799 120.154 119.949 119.886 119.694 117.846 117.329 117.239 118.134 119.886 121.399 118.749 118.919 116.456 121.559 127.304 126.204 125.484 124.904 124.891 124.546 118.304 116.961 117.939 120.144 116.594 113.404 113.184 112.456 113.004 113.019 112.531 113.136 112.884 111.484 111.236 111.589 110.674 110.551 110.374 110.774 111.626 113.389 112.926 112.591 113.706 114.879 113.944 111.481 109.324 110.644 108.266
118.141 118.096 118.039 117.919 117.886 117.849 117.811 117.771 117.696 117.629 117.544 117.431 117.344 117.416 118.939 120.031 119.946 119.914 119.364 117.776 117.331 117.256 117.159 118.039 120.439 120.129 118.764 118.539 115.976 117.021 123.099 125.244 124.739 124.904 124.651 116.446 115.599 115.294 118.846 118.724 117.561 114.059 114.571 112.514 113.231 112.631 113.736 112.644 111.429 111.196 111.329 111.154 110.841 110.654 111.999 112.071 112.281 112.416 113.994 112.764 112.291 113.551 114.671 112.799 110.479 108.389 107.901
118.251 118.176 118.154 118.094 118.046 118.009 117.999 117.944 117.926 117.839 117.741 117.599 117.564 118.914 120.081 119.946 119.876 119.749 117.844 117.346 117.251 117.169 117.244 119.589 119.754 119.779 119.224 120.766 120.289 116.411 120.091 124.159 123.546 121.956 117.984 115.426 115.054 115.064 119.019 117.461 116.254 116.706 115.411 113.509 112.346 112.219 111.929 111.801 112.201 111.496 111.244 111.126 111.171 111.789 115.009 117.574 112.509 113.981 112.971 112.399 112.931 112.229 112.329 110.034 107.949 107.916 107.889
118.811 118.306 118.196 118.184 118.144 118.164 118.141 118.109 118.064 117.981 117.881 117.791 118.786 120.036 119.951 119.894 119.744 117.491 117.361 117.239 117.156 117.154 117.186 118.894 120.194 119.659 122.711 122.259 120.866 116.616 116.046 119.539 117.399 115.521 115.269 115.066 115.086 115.111 121.331 119.291 118.141 117.074 116.626 112.394 112.241 112.091 111.894 112.266 111.924 111.521 111.351 112.654 112.489 116.036 116.836 117.789 114.286 113.166 112.726 112.214 112.114 111.899 110.721 109.191 108.074 107.926 107.931
118.951 118.596 118.431 118.339 118.274 119.239 120.871 120.054 118.431 118.051 118.001 118.676 119.789 119.951 119.911 119.266 117.799 117.314 117.251 117.159 117.126 117.154 117.134 117.381 118.886 121.109 122.006 123.624 122.039 120.884 116.609 117.089 115.196 115.129 115.224 115.271 115.261 115.321 118.876 123.604 122.219 122.316 117.281 112.444 112.269 112.129 112.031 111.941 111.779 111.621 111.514 113.154 117.129 114.799 113.444 114.661 117.286 113.059 112.454 112.144 112.116 111.701 112.876 115.594 108.846 108.041 107.941
119.974 119.861 118.681 118.534 118.444 120.406 121.966 121.356 118.851 118.321 118.879 119.956 119.934 119.866 119.656 117.579 117.356 117.256 117.161 117.361 117.851 117.339 117.144 118.264 118.171 119.496 120.404 118.366 119.104 118.716 118.509 116.601 115.356 115.336 115.354 117.369 115.466 116.696 118.434 120.219 122.639 124.084 114.671 118.381 112.349 112.309 112.204 112.054 111.851 111.651 117.579 115.691 119.656 115.126 115.021 114.634 113.836 112.389 112.511 112.451 112.196 112.019 113.334 115.571 110.651 108.739 107.984
120.424 120.554 120.559 119.634 118.799 119.941 121.929 121.614 118.646 118.971 120.039 119.939 119.896 119.536 117.866 117.401 117.284 117.164 117.186 117.196 117.814 120.439 122.554 128.749 130.164 131.489 128.321 119.964 117.989 117.049 117.059 116.889 115.701 118.391 117.349 118.919 117.684 119.954 119.034 117.694 116.761 118.274 119.446 117.431 112.546 112.444 112.264 112.046 111.934 112.394 117.471 115.379 114.891 118.374 113.324 113.721 112.391 114.739 113.931 112.491 112.166 112.159 116.501 113.494 113.449 109.746 108.609
120.769 120.139 120.306 120.381 119.204 120.201 122.009 121.609 119.149 119.996 119.996 119.911 119.281 118.059 117.404 117.306 117.239 117.194 117.199 118.461 123.159 128.989 134.424 136.414 137.509 138.231 135.024 134.156 131.089 125.874 119.429 116.931 119.501 117.791 118.151 119.954 120.756 122.279 118.169 114.884 115.141 114.401 114.119 112.846 112.649 112.454 113.501 112.219 112.176 115.389 118.531 118.559 114.841 114.506 112.496 112.324 112.366 113.924 114.784 112.901 112.226 112.256 113.689 112.139 116.381 110.479 109.621
122.681 120.831 120.334 122.111 121.219 120.846 122.754 121.271 118.559 119.196 119.944 119.246 117.991 117.416 117.364 117.246 117.226 117.199 118.964 126.596 134.306 134.364 135.556 135.461 136.794 137.899 136.954 136.021 134.574 134.371 121.721 118.219 121.561 119.589 117.519 120.414 121.426 121.754 116.121 114.029 114.756 113.139 113.041 112.864 112.839 114.801 118.456 114.391 112.256 112.399 114.231 115.394 114.121 112.516 112.429 112.311 113.199 114.019 114.891 113.749 112.424 112.291 112.191 112.176 111.876 110.951 110.089
124.324 119.941 120.004 121.521 120.801 122.056 120.794 120.536 118.734 119.881 120.046 118.074 117.446 117.369 117.326 117.231 117.201 118.439 128.366 134.201 134.189 134.161 134.164 134.181 130.704 135.201 131.251 135.156 134.449 134.411 117.059 118.436 121.674 116.921 118.714 120.156 120.631 118.134 115.534 113.381 113.326 113.204 113.101 113.391 114.741 116.396 118.039 117.374 112.476 113.016 112.286 112.456 112.369 112.571 112.756 112.849 113.219 114.381 113.266 112.626 112.634 112.271 112.159 112.149 111.974 111.186 110.299
127.316 122.089 119.491 119.704 120.024 121.706 124.089 121.461 122.079 120.079 119.989 119.609 117.546 117.316 117.281 117.209 117.249 125.084 134.216 134.214 134.199 134.174 134.199 130.979 134.541 134.261 131.699 134.209 134.201 129.769 118.074 116.794 119.096 118.151 116.831 118.416 115.844 115.039 113.579 113.544 113.429 113.241 114.281 115.659 114.919 115.236 118.464 119.126 113.731 112.489 112.249 112.316 112.411 112.421 112.686 113.181 112.604 113.244 113.266 112.604 112.429 112.434 112.189 112.121 112.036 111.356 110.626
