LIDAR-DSM-2M-TQ28ne/tq2889_DSM_2M.asc
ncols 500
nrows 500
xllcorner    528000
yllcorner    189000
cellsize     2
NODATA_value -9999
[rows 420 to 449 of 500, columns 136 to 203 of 500]
89.264 89.269 89.309 89.316 89.339 89.361 89.404 89.401 89.424 89.439 89.434 89.469 89.489 89.519 89.554 89.531 89.634 89.761 89.981 90.201 90.211 90.169 90.339 90.316 90.294 90.284 90.229 90.249 92.909 94.449 92.984 91.974 90.421 90.466 90.474 90.569 91.989 90.731 90.561 90.554 91.974 90.594 90.569 90.586 90.574 90.609 90.634 90.629 90.636 90.694 90.681 90.691 90.741 90.706 90.696 91.016 91.839 94.504 94.956 98.291 96.276 96.779 95.589 95.996 91.072 91.212 90.812 94.627
89.269 89.301 89.304 89.306 89.356 89.381 89.411 89.406 89.434 89.441 89.459 89.489 89.516 89.531 89.581 89.599 89.689 89.789 89.994 90.286 90.314 90.329 90.371 90.444 90.461 90.476 91.321 90.389 90.374 92.364 92.811 91.129 90.501 90.521 90.509 92.636 92.409 94.056 95.741 92.176 94.959 97.064 90.606 90.589 90.599 90.586 90.621 90.661 90.659 90.771 90.691 90.689 90.691 90.679 90.659 90.654 92.454 93.561 95.624 94.394 95.301 91.824 98.444 94.919 91.157 91.134 90.792 93.844
89.291 89.299 89.329 89.336 89.364 89.399 89.451 89.451 89.466 89.461 89.489 89.486 89.551 89.571 89.581 89.649 89.744 89.801 90.009 90.346 90.414 90.436 90.469 91.851 91.691 91.314 90.731 90.596 90.566 90.511 90.491 90.486 90.519 90.531 91.071 94.869 96.174 92.349 97.604 92.269 96.129 92.936 91.391 90.594 90.616 90.624 90.646 90.669 90.696 90.669 90.664 90.661 90.646 90.646 90.606 91.579 91.001 92.854 96.384 96.366 95.999 94.974 94.219 93.214 90.507 90.569 90.729 97.292
89.291 89.324 89.331 89.371 89.404 89.386 89.436 89.464 89.474 89.476 89.499 89.554 89.559 89.564 89.601 89.691 89.729 89.839 90.021 90.381 90.521 90.531 90.589 91.209 91.799 92.946 91.139 91.004 90.926 90.711 90.654 90.576 90.594 90.659 90.981 95.269 96.934 95.106 91.126 96.401 95.079 98.306 93.089 90.641 90.669 90.649 90.701 90.684 90.644 90.651 90.664 90.659 90.659 90.624 90.586 90.599 91.104 94.461 92.504 93.021 94.716 94.879 94.396 90.444 90.922 91.399 90.779 94.067
89.294 89.349 89.371 89.381 89.396 89.424 89.484 89.456 89.476 89.511 89.526 89.546 89.584 89.581 89.616 89.689 89.741 89.886 90.136 90.496 90.666 90.649 90.699 90.776 91.384 90.964 90.886 90.869 91.369 92.149 93.666 92.319 90.826 91.084 90.694 93.739 96.431 95.086 94.861 99.051 95.199 92.374 90.676 90.651 90.666 90.629 90.664 90.656 90.619 90.614 90.639 90.651 90.674 90.641 90.606 90.639 90.646 93.354 91.829 93.061 91.516 93.771 93.426 91.201 90.602 91.119 91.017 92.099
89.359 89.374 89.391 89.386 89.429 89.439 89.509 89.494 89.534 89.544 89.554 89.586 89.594 89.621 89.651 89.671 89.809 90.006 90.251 90.596 90.806 90.779 90.826 90.874 90.906 93.599 92.079 90.966 96.924 97.089 97.184 95.136 90.906 90.879 90.699 93.391 91.256 94.054 94.884 93.021 93.056 93.576 90.619 90.629 90.651 90.606 90.594 90.601 90.619 90.644 90.659 90.689 90.719 90.674 90.676 90.656 90.694 90.679 92.759 93.874 93.456 94.541 93.236 90.486 90.634 92.277 93.074 93.079
89.371 89.404 89.414 89.446 89.449 89.459 89.521 89.524 89.536 89.561 89.554 89.584 89.596 89.756 89.891 91.029 89.994 90.191 90.511 90.704 91.216 90.882 90.909 90.951 93.799 95.519 95.401 91.464 97.201 97.729 97.691 96.659 90.899 90.926 90.731 90.609 91.374 93.016 95.229 90.576 90.569 90.626 90.619 90.596 90.606 90.556 90.571 90.576 90.589 90.679 90.674 90.726 90.726 90.789 90.721 90.896 91.516 91.071 91.331 92.621 92.061 93.396 90.959 90.481 90.627 91.877 93.014 93.054
89.441 89.719 90.146 90.609 91.306 91.916 90.646 91.886 91.234 90.491 90.416 91.191 90.821 91.041 93.459 92.011 91.201 90.659 90.994 91.484 91.074 90.944 90.969 91.809 94.299 94.954 94.619 91.909 96.784 96.976 96.879 95.824 91.191 90.911 90.724 90.611 91.021 90.489 90.494 90.524 90.561 90.601 90.636 90.601 90.579 90.584 90.606 90.611 90.631 90.691 90.686 90.934 90.956 91.016 91.031 92.396 91.446 91.381 91.231 91.636 93.584 91.699 90.706 90.511 90.617 91.767 93.062 93.027
90.709 94.556 95.919 96.111 93.824 95.024 93.761 93.776 92.356 94.659 95.789 91.139 95.316 92.916 95.501 92.214 90.814 93.861 92.419 91.586 91.224 90.999 91.004 91.149 92.919 97.406 94.779 92.731 93.766 92.029 91.274 91.114 90.971 90.894 90.949 90.621 90.584 90.544 90.509 90.524 90.544 90.591 90.601 90.611 90.614 90.636 90.619 90.646 90.636 90.666 90.714 91.896 93.526 93.071 91.451 91.739 93.289 94.171 91.336 91.286 93.794 92.724 92.539 91.049 90.602 91.169 91.457 91.122
94.374 94.124 95.921 94.624 92.911 95.126 93.431 91.219 90.659 91.176 92.566 92.489 96.986 93.871 92.044 91.511 92.369 95.566 92.556 91.114 91.024 91.029 91.061 91.059 91.191 91.344 93.601 93.891 92.419 91.056 91.041 91.029 90.949 90.956 90.859 90.676 90.606 90.579 90.579 90.589 90.556 90.599 90.621 90.661 90.654 90.639 90.664 90.664 90.666 90.694 90.706 91.471 95.536 94.044 92.369 93.941 96.079 93.671 91.606 94.186 94.919 94.996 95.106 91.294 90.672 90.664 91.252 91.259
89.686 92.029 95.061 95.871 93.066 92.186 91.146 90.381 91.531 92.286 89.264 92.994 95.646 96.446 90.809 91.271 92.539 91.276 91.076 91.074 91.066 91.056 91.091 91.104 91.121 91.149 91.224 93.789 92.129 91.159 91.076 91.079 91.071 90.964 91.179 90.706 90.651 90.641 90.649 90.636 90.646 90.619 90.686 90.689 90.704 90.701 90.694 90.701 90.696 90.709 90.769 92.614 94.144 94.201 93.769 92.496 93.689 94.524 91.666 93.806 94.989 96.669 95.301 92.726 91.349 90.764 90.794 91.377
89.374 91.716 94.246 91.471 92.761 92.671 90.469 90.476 89.606 88.634 90.194 92.799 93.121 91.846 90.959 91.041 91.049 91.106 91.104 91.096 91.089 91.126 91.119 91.129 91.139 91.134 91.464 93.896 92.456 91.791 91.986 91.836 91.231 91.031 91.079 90.706 90.691 90.661 90.694 90.681 90.696 90.689 90.716 90.689 90.709 90.724 90.744 90.749 90.791 91.704 92.211 91.436 92.281 92.766 91.367 91.344 91.331 91.379 91.374 93.089 95.479 95.246 94.136 93.591 92.087 90.874 91.669 91.714
89.749 90.444 92.889 92.194 91.174 90.544 90.534 90.606 90.746 90.776 90.889 90.891 90.929 90.996 91.004 91.029 91.114 91.121 91.151 91.181 91.154 91.151 91.179 91.391 91.856 91.361 91.696 93.566 92.799 93.254 93.166 92.434 90.926 90.849 90.759 90.699 90.696 90.681 90.691 90.751 90.734 90.764 90.909 90.901 91.019 91.156 91.181 91.259 91.449 92.486 92.411 91.411 91.084 91.384 91.421 91.456 91.436 91.434 91.424 93.239 95.224 92.701 92.426 94.086 92.117 91.339 93.577 94.019
91.576 91.544 93.269 92.499 90.869 90.711 90.714 90.839 90.906 90.959 90.994 90.986 91.029 91.054 91.064 91.131 91.159 91.696 91.331 91.274 91.199 91.211 91.226 93.549 98.159 94.911 91.471 91.791 92.064 92.036 91.656 91.339 91.314 92.146 91.976 91.564 90.981 91.056 91.176 91.256 91.086 91.169 91.371 91.419 91.499 91.524 91.541 91.554 91.709 92.199 91.554 91.401 91.181 91.436 91.536 91.554 91.586 91.539 91.499 91.509 92.124 92.894 92.249 91.594 91.102 91.859 94.667 93.364
90.186 90.104 91.094 93.114 91.484 90.789 90.921 90.939 90.991 91.011 91.169 91.344 91.214 91.151 91.556 92.009 91.666 92.606 91.994 91.289 91.266 91.241 91.236 96.269 104.054 99.721 92.934 93.476 93.614 94.064 94.801 94.834 94.876 94.931 94.946 94.516 91.624 91.496 91.501 91.504 91.451 91.846 92.806 91.684 92.469 92.849 93.336 93.896 92.536 91.609 91.529 91.479 91.324 91.511 91.574 91.701 92.336 91.641 91.586 91.599 91.586 91.586 91.179 91.151 91.179 92.412 92.249 92.354
90.291 89.761 90.526 90.806 90.881 90.936 90.959 90.989 91.049 91.224 91.439 91.971 92.359 92.416 93.441 93.781 93.306 91.614 91.411 91.346 91.344 91.286 91.289 91.469 96.441 96.134 94.856 94.964 94.861 94.974 95.036 94.866 94.879 94.931 94.921 94.864 92.309 92.969 93.339 93.554 94.296 94.591 94.921 94.914 94.904 94.889 94.909 94.904 93.406 91.681 91.556 91.531 91.469 91.561 91.619 91.864 92.271 91.729 91.669 91.609 91.739 92.421 91.264 91.211 91.227 91.234 91.864 91.872
90.244 90.616 90.911 90.949 90.954 90.994 91.044 91.201 91.331 91.434 91.666 94.234 94.276 93.981 93.776 94.331 94.701 92.356 91.739 91.479 91.539 91.521 91.386 92.264 94.276 95.009 94.894 94.899 94.876 94.916 94.881 94.891 94.901 94.906 94.911 94.876 94.884 94.856 94.879 94.854 94.854 94.854 94.854 94.909 95.007 94.941 94.951 94.849 93.776 91.586 91.589 91.551 91.571 91.564 91.596 91.641 91.694 91.731 91.656 91.661 92.791 94.544 91.491 91.256 91.257 91.374 92.009 92.152
90.966 91.021 91.014 91.069 91.321 91.304 91.181 91.144 91.171 92.571 94.026 94.921 94.871 94.834 94.779 94.806 94.831 92.731 91.811 91.609 92.169 93.366 93.504 93.899 94.191 95.039 95.091 94.984 94.966 94.944 94.969 94.894 94.891 94.936 94.866 94.849 94.931 94.926 94.966 94.814 94.839 94.809 94.821 94.819 94.926 94.882 94.961 94.859 94.749 91.591 91.789 91.604 91.574 91.671 91.586 91.599 91.674 91.681 91.621 91.686 93.359 94.219 91.931 91.301 91.274 91.289 92.007 92.047
91.084 91.109 91.551 91.511 92.121 91.721 91.116 91.159 91.279 92.544 94.041 94.786 94.856 94.829 94.806 94.816 94.954 94.861 94.604 94.681 94.694 94.816 94.851 94.851 94.856 94.869 94.864 94.864 95.079 95.304 95.584 95.036 94.814 94.946 94.829 94.814 94.886 94.904 94.946 94.904 95.011 94.846 95.006 94.839 94.931 94.899 94.926 94.874 94.916 91.911 92.096 91.606 91.566 91.596 91.601 91.916 91.826 91.644 91.729 92.191 94.271 94.969 92.404 91.344 91.344 91.329 91.332 91.334
92.311 93.109 91.816 91.604 92.456 91.341 91.151 91.186 91.469 91.646 94.019 94.816 94.856 94.896 94.821 94.811 94.851 94.819 94.811 94.794 94.781 94.801 94.831 94.899 95.481 96.206 96.439 97.744 97.581 96.846 96.749 95.129 94.861 94.866 94.879 94.964 94.884 94.886 94.871 94.866 94.871 94.896 94.854 94.884 94.901 94.926 94.899 94.904 94.939 91.766 91.589 91.574 91.561 91.559 91.594 91.736 91.689 91.681 91.904 91.724 93.289 93.819 92.829 91.711 91.372 91.359 91.369 91.367
94.204 92.906 91.349 91.231 91.214 91.189 91.164 91.194 91.221 91.379 93.844 94.594 94.864 94.849 94.804 94.809 94.856 94.806 94.784 94.779 94.769 94.789 94.804 94.824 95.674 96.886 97.231 97.761 97.661 97.204 97.239 95.279 94.914 95.094 94.901 94.899 94.899 94.899 94.916 94.924 94.919 94.916 94.924 94.966 95.051 94.956 94.959 94.676 94.329 92.279 91.536 91.581 91.571 91.591 91.651 91.674 91.671 91.681 91.751 91.754 92.007 92.286 91.876 91.964 93.194 92.012 91.407 91.399
92.844 91.574 91.249 91.259 91.229 91.204 91.196 91.201 91.196 91.309 93.726 94.539 94.871 94.821 94.919 94.816 94.931 94.839 94.131 94.586 94.831 94.834 94.861 94.871 95.346 97.426 97.489 97.699 97.751 97.684 97.766 95.931 94.956 94.939 94.946 94.921 95.014 94.959 94.874 94.766 95.039 93.754 93.632 93.539 92.839 92.071 91.824 91.889 91.589 93.211 93.161 91.971 91.564 91.614 91.691 91.886 91.726 91.726 92.139 92.101 91.791 93.464 92.549 91.744 91.907 94.929 93.019 91.712
91.599 91.626 91.254 91.256 91.251 91.236 91.219 91.191 91.216 91.281 93.504 94.526 94.861 94.821 94.846 94.871 94.824 94.864 93.396 93.306 92.876 92.736 92.701 92.439 93.416 97.834 97.829 97.809 97.836 97.726 97.659 96.191 94.974 94.299 93.469 93.334 93.244 92.466 91.691 92.074 91.811 91.632 91.621 91.604 91.569 91.634 91.631 91.591 92.401 94.431 94.716 93.059 91.574 91.604 91.656 91.684 91.691 91.739 91.811 91.809 91.821 94.254 93.151 92.796 92.679 93.512 93.222 91.997
93.606 92.856 91.599 91.284 91.279 91.264 91.279 91.216 91.229 91.366 93.254 94.459 94.886 94.846 94.939 94.841 94.829 94.871 93.901 91.751 91.621 91.604 91.801 92.584 93.624 96.176 97.351 97.531 97.314 96.974 97.109 94.324 91.656 91.624 91.591 91.599 91.601 91.621 91.789 92.091 91.654 91.594 91.559 91.549 91.541 91.601 92.206 92.374 91.786 93.179 94.069 93.031 91.781 91.666 92.281 91.761 91.701 91.809 91.871 91.884 91.844 93.511 94.071 92.096 92.432 92.199 92.612 91.917
94.699 93.329 91.906 91.271 91.274 91.311 91.244 91.259 91.284 91.596 92.874 94.386 94.891 94.874 94.974 94.889 94.859 94.841 94.309 92.046 91.591 91.654 91.691 91.676 91.666 96.014 96.974 96.519 95.414 96.856 94.789 94.076 91.591 91.571 91.556 91.559 91.584 91.604 91.559 91.594 91.534 91.549 91.494 91.829 91.881 92.241 92.609 92.681 91.646 91.651 93.874 94.229 94.206 93.824 93.456 91.916 92.066 92.019 92.016 91.949 93.601 93.951 92.854 94.049 94.159 91.774 91.787 91.727
94.536 93.484 92.604 91.376 91.584 91.289 91.266 91.261 91.264 91.321 92.769 93.804 94.851 94.854 94.874 94.756 94.806 94.851 93.761 92.596 91.599 91.736 91.604 92.709 93.989 94.314 95.049 94.389 92.736 92.829 92.059 91.706 91.541 91.541 91.531 91.526 91.664 92.564 95.174 92.631 92.356 92.731 93.174 91.836 92.371 94.574 92.949 94.909 93.724 94.229 96.866 95.631 96.109 95.846 96.056 96.791 92.976 92.056 92.014 91.926 96.676 94.426 97.691 94.964 93.959 92.952 93.177 97.927
94.689 92.911 93.336 91.329 91.279 91.276 91.881 91.286 91.256 91.969 91.471 92.901 94.901 94.889 94.851 94.789 94.826 94.864 93.354 92.834 92.781 91.776 91.611 92.579 94.296 92.511 91.619 91.841 91.566 91.541 91.559 91.561 91.589 91.654 92.104 92.824 91.799 92.556 94.249 92.706 95.421 96.289 95.709 94.526 94.574 95.784 97.341 96.396 95.824 95.424 96.589 97.669 95.654 98.841 96.999 96.324 92.456 91.976 92.144 92.161 97.759 97.194 96.494 97.779 93.204 95.164 96.979 97.174
94.551 93.866 93.094 91.351 91.286 91.299 92.231 91.301 91.274 91.294 91.466 93.206 94.331 94.771 94.611 95.999 94.941 93.656 95.331 96.851 95.311 92.821 91.731 94.619 94.949 91.854 91.681 91.739 91.761 91.796 93.636 94.026 92.634 92.114 93.464 95.681 95.221 94.199 95.824 96.884 97.636 101.204 98.661 96.779 94.399 96.936 96.171 94.521 94.364 92.801 96.746 96.374 98.166 96.779 95.079 94.906 93.206 92.474 92.629 94.759 95.396 98.301 96.094 96.736 98.827 96.474 98.017 99.059
94.774 94.359 93.779 91.764 92.189 91.331 91.729 91.344 91.936 92.956 93.074 92.381 93.079 93.496 93.431 98.676 97.551 95.179 95.966 97.114 96.834 95.276 94.371 96.116 94.311 92.176 92.189 93.084 96.591 96.421 96.369 94.846 94.566 92.726 95.446 96.006 96.174 95.589 95.716 97.426 96.466 99.776 95.404 93.954 94.274 94.686 97.606 93.994 94.241 93.661 93.314 97.616 93.411 97.626 95.744 94.659 93.531 94.526 92.884 95.254 95.524 96.851 97.881 95.281 97.734 96.097 94.097 96.307
94.896 94.121 93.976 93.491 93.326 92.656 91.931 91.774 93.319 92.736 91.796 92.721 93.174 92.444 94.646 99.974 100.911 93.611 96.351 96.474 97.926 99.374 95.111 95.879 93.294 92.181 92.556 95.916 98.936 97.836 95.706 97.111 99.006 94.491 97.691 98.364 95.694 95.656 95.751 95.424 96.501 95.034 94.016 94.161 93.129 95.909 99.271 94.666 93.816 93.421 94.334 94.056 94.936 94.731 95.166 95.056 95.034 96.451 94.226 97.424 98.976 96.791 94.764 97.349 97.522 96.144 96.759 93.009
