LIDAR-DSM-2M-TQ28ne/tq2887_DSM_2M.asc
ncols 500
nrows 500
xllcorner    528000
yllcorner    187000
cellsize     2
NODATA_value -9999
[rows 390 to 419 of 500, columns 0 to 66 of 500]
116.824 118.551 115.914 115.826 115.806 112.839 112.934 113.244 113.636 113.699 113.686 112.849 111.714 111.826 112.631 112.629 112.701 113.019 112.904 112.379 112.354 112.344 112.379 112.571 112.526 112.396 112.369 112.394 112.516 112.761 112.799 112.864 112.834 112.946 113.071 115.039 115.531 115.404 120.684 123.954 118.821 120.231 119.984 121.314 124.026 121.669 119.976 120.099 120.311 120.686 120.994 121.151 120.666 120.759 123.016 124.829 124.779 126.974 129.209 128.871 128.171 127.274 128.186 129.344 131.241 132.374 128.116
114.441 117.721 117.324 115.431 112.826 112.614 112.286 111.641 112.391 113.629 113.641 112.521 111.706 112.116 112.689 112.601 112.794 113.129 112.766 112.349 112.396 112.376 112.371 112.441 112.546 112.426 112.399 112.361 112.439 112.771 112.741 112.731 112.756 112.846 113.214 114.959 115.591 115.741 116.209 120.801 120.976 120.311 120.699 121.761 122.466 120.209 120.314 120.351 120.809 120.846 121.141 121.026 120.779 121.274 124.546 124.661 125.714 129.214 128.831 126.186 125.261 125.064 125.104 132.336 132.949 132.741 132.051
114.561 115.939 115.299 114.959 112.914 112.836 111.926 110.681 110.419 110.779 112.139 111.744 111.709 112.069 112.751 112.746 112.809 113.139 112.549 112.471 112.594 112.446 112.324 112.331 112.346 112.411 112.754 112.349 112.329 112.731 112.809 112.659 112.819 113.069 114.939 115.221 115.436 120.029 118.486 121.534 119.266 120.044 123.859 125.744 128.964 120.684 120.481 120.566 136.879 127.366 120.884 121.884 123.016 123.269 124.719 125.006 128.851 129.226 125.831 125.191 125.401 125.301 125.176 125.326 132.566 132.876 132.324
112.961 113.766 115.109 114.091 113.104 113.139 113.164 111.504 110.851 111.041 111.201 111.484 111.599 111.686 112.461 112.881 112.769 112.991 112.591 112.509 112.374 112.341 112.324 112.324 112.346 112.434 113.336 112.391 112.371 112.729 113.009 112.669 112.829 114.706 115.614 115.251 115.189 116.434 117.159 116.904 117.466 117.716 118.851 126.624 122.926 120.554 120.736 120.971 120.704 121.001 120.719 121.614 122.954 123.301 124.721 125.151 129.271 128.869 125.226 125.516 125.376 125.191 125.196 125.236 127.579 129.759 126.731
113.499 113.256 114.741 113.956 113.381 113.636 115.779 112.619 111.884 111.276 111.231 111.384 111.454 111.446 111.366 112.594 112.824 112.776 112.666 112.594 112.404 112.341 112.329 112.319 112.339 112.584 113.104 112.304 112.419 112.919 113.081 112.759 113.409 115.379 115.344 115.524 115.916 116.171 116.954 117.094 117.696 118.139 118.966 122.314 120.696 120.689 120.736 120.901 120.804 120.889 120.681 120.496 120.749 122.654 124.956 124.674 129.224 127.829 125.236 125.259 125.209 125.149 125.209 125.204 125.174 125.336 125.184
112.861 113.219 113.694 112.926 112.916 114.796 115.084 112.949 112.901 112.574 112.099 111.691 111.394 111.379 111.289 111.634 112.124 112.079 112.116 112.491 112.386 112.311 112.309 112.329 112.346 112.491 112.709 112.331 112.644 113.066 113.071 112.756 114.646 116.446 115.431 115.546 115.966 116.591 116.736 117.434 117.974 118.094 119.221 120.636 120.806 121.011 120.716 122.391 124.339 124.436 124.231 123.126 123.544 125.801 129.184 128.899 133.486 129.681 126.949 125.241 125.206 125.236 125.261 125.221 125.179 125.101 125.131
112.374 112.856 113.549 113.381 112.716 114.249 113.491 113.224 112.906 112.809 112.796 112.824 113.479 111.916 111.299 111.279 111.254 111.239 111.296 112.304 112.516 112.351 112.304 112.299 112.319 112.326 112.336 112.599 112.786 112.914 112.704 113.206 115.941 116.674 115.366 115.541 116.174 116.729 117.541 118.286 118.611 118.841 119.856 120.874 120.984 122.044 124.379 124.891 124.894 125.256 124.831 124.851 127.416 131.069 132.706 135.191 136.476 134.251 132.304 128.874 126.289 125.194 125.201 125.226 125.184 125.184 125.109
112.044 112.691 113.401 113.244 112.546 112.761 113.001 115.461 113.986 112.726 112.761 112.776 113.981 112.519 111.386 111.276 111.246 111.269 111.299 111.281 112.006 112.564 112.404 112.339 112.349 112.394 112.676 112.794 113.036 112.919 112.654 113.984 115.784 115.756 115.484 115.981 116.396 116.881 117.609 118.211 118.809 119.369 120.814 121.271 121.249 121.819 124.889 125.071 125.064 124.711 126.041 129.524 131.441 134.044 136.821 137.404 137.744 137.236 135.921 134.586 132.419 126.891 125.209 125.239 125.224 125.176 125.151
111.484 113.191 113.979 113.354 113.766 112.729 112.796 113.726 112.981 112.724 112.809 112.936 113.701 112.736 112.126 111.656 111.236 111.214 111.671 111.806 111.391 111.489 112.274 112.684 112.751 112.804 112.801 112.814 112.849 112.766 112.741 113.866 115.806 115.569 115.714 116.146 116.036 116.916 118.044 118.381 119.349 119.601 121.096 121.326 121.649 121.259 124.411 124.979 125.176 127.731 130.374 132.846 136.096 138.159 139.131 139.139 139.246 137.879 137.424 136.486 134.249 125.974 125.186 125.221 125.221 125.231 125.394
110.819 113.074 115.351 113.594 113.401 112.636 112.781 113.479 113.391 112.744 112.696 113.481 113.251 112.976 115.684 115.454 111.319 111.276 111.289 111.226 111.706 111.626 112.341 112.781 112.819 112.791 112.806 112.784 112.779 112.806 112.879 113.596 115.779 115.431 115.391 116.211 116.324 116.954 117.799 118.506 119.289 120.261 121.171 121.471 121.526 121.494 125.049 125.039 126.064 131.679 134.429 137.214 138.359 139.264 139.836 140.276 140.094 139.039 139.099 138.369 136.174 129.934 125.181 125.206 125.234 125.221 125.764
110.774 111.909 112.694 112.671 113.066 112.721 112.776 112.801 112.761 112.799 112.709 113.934 112.791 112.681 114.986 115.899 112.429 112.014 111.261 111.241 111.229 111.309 111.544 111.634 112.246 112.964 112.796 112.809 112.786 112.736 113.051 113.784 115.839 115.581 115.686 115.999 116.434 117.224 117.999 118.741 119.526 120.479 121.966 121.534 122.524 124.544 125.049 125.211 128.551 135.136 136.771 138.169 139.476 140.059 140.349 140.424 140.449 140.204 140.171 139.001 137.539 134.831 127.161 125.186 125.204 125.339 125.261
110.521 111.596 112.204 112.701 113.196 112.594 112.774 113.199 113.051 112.724 112.721 114.104 112.704 112.726 112.916 113.096 113.204 111.894 111.281 111.201 111.269 111.294 111.206 111.219 111.481 112.741 112.841 112.796 112.694 112.601 112.746 113.979 115.484 115.644 116.039 116.029 116.761 117.554 118.254 119.016 119.744 120.956 121.571 121.626 123.376 125.051 124.996 124.766 129.926 137.029 138.359 139.654 140.246 140.374 140.784 140.829 140.526 139.741 139.909 139.841 138.464 136.634 132.341 125.131 125.166 125.204 125.446
110.424 111.446 111.999 112.769 112.839 112.549 112.724 113.664 114.024 112.884 113.736 113.724 112.674 112.721 112.781 112.821 112.584 111.324 111.241 111.281 111.266 111.261 111.211 111.226 111.751 112.891 113.049 113.034 112.801 112.741 113.259 114.836 115.399 115.791 116.204 116.331 117.051 117.826 118.539 119.256 120.001 121.509 121.554 121.651 121.996 123.896 124.901 125.961 131.494 135.594 138.496 139.556 140.334 140.409 140.561 141.629 140.919 140.691 140.284 140.326 139.291 137.806 136.896 126.459 125.139 125.366 125.186
110.309 112.819 115.251 111.929 113.136 112.626 112.739 112.826 114.394 113.121 114.406 113.076 112.684 113.156 112.876 112.831 112.186 111.291 111.279 111.314 111.261 111.266 111.256 111.249 112.189 113.004 115.881 117.006 112.796 112.781 114.376 115.414 115.244 115.781 116.119 116.531 117.299 118.091 118.796 119.541 120.271 121.624 121.554 121.599 121.839 122.071 124.429 124.926 129.711 131.681 137.471 138.654 140.414 140.964 140.471 140.764 141.201 141.266 140.621 140.414 140.139 139.424 138.414 130.301 128.231 126.231 125.181
110.026 111.696 112.469 111.931 112.124 112.794 112.801 112.756 112.821 113.216 113.684 112.661 113.324 115.736 114.624 112.809 111.581 111.249 111.239 111.324 111.256 111.234 111.246 111.311 112.501 112.836 113.244 113.009 112.904 113.301 115.331 115.256 115.314 115.794 116.144 116.811 117.564 118.304 119.034 119.759 120.609 121.744 121.601 121.706 121.834 122.386 122.404 124.126 125.541 131.071 132.849 137.069 139.189 140.741 140.381 140.579 140.991 141.411 140.814 140.536 140.401 140.176 139.151 137.176 130.314 128.164 125.176
110.364 111.571 114.736 111.979 113.186 112.769 113.464 112.716 112.951 113.541 112.974 112.896 112.759 113.186 113.219 112.336 111.311 111.244 111.229 111.249 111.241 111.221 111.236 111.496 112.751 113.014 112.999 112.776 113.086 114.131 115.641 115.306 115.516 115.744 116.344 117.001 117.744 118.534 119.291 119.999 120.904 121.599 121.621 121.674 121.736 121.904 121.644 123.731 124.929 128.206 131.739 133.761 138.311 139.669 140.306 140.414 140.724 141.326 141.131 140.589 140.459 140.361 139.846 138.594 135.151 129.516 127.356
111.229 112.764 114.989 112.146 112.659 112.556 112.764 112.904 113.486 114.244 112.666 112.711 112.776 112.801 112.979 111.989 111.276 111.261 111.291 111.249 111.241 111.224 111.221 111.811 112.799 112.811 112.844 112.714 112.764 115.381 115.504 115.449 115.636 115.871 116.581 117.264 117.996 118.751 119.536 120.291 121.301 121.631 121.669 121.741 122.014 121.964 121.709 122.364 124.066 124.929 127.241 131.726 135.789 139.024 139.984 140.354 140.564 140.596 140.659 140.636 141.084 140.399 140.246 139.481 138.251 131.269 127.856
114.851 114.596 112.516 112.411 112.654 112.566 112.719 112.784 114.509 114.046 112.674 112.736 112.756 112.789 112.866 111.576 111.214 111.269 111.271 111.224 111.216 111.296 111.349 112.369 114.114 114.184 112.741 112.974 113.081 115.851 115.689 116.141 115.784 116.119 116.836 117.534 118.286 119.016 119.914 120.631 121.519 121.621 121.676 121.764 121.951 121.906 122.994 124.106 124.914 124.789 124.749 129.049 132.676 137.154 139.189 140.261 140.379 140.516 140.641 140.861 140.469 140.264 139.716 139.901 139.094 136.871 127.156
110.644 114.596 112.571 112.774 113.371 112.609 112.659 112.859 114.609 113.526 112.696 113.461 113.529 112.806 112.676 111.316 111.226 111.209 111.249 111.229 111.224 111.291 111.746 112.781 115.061 117.629 112.711 112.716 113.641 115.661 115.831 115.916 115.809 116.371 117.089 117.796 118.524 119.314 120.046 121.111 121.644 121.744 121.744 121.839 121.986 122.196 123.154 124.059 124.909 124.984 124.806 125.639 130.034 133.391 138.599 139.851 140.894 140.439 140.814 140.569 140.261 139.309 138.089 139.264 139.734 139.269 133.726
116.204 113.516 111.644 113.951 112.521 112.689 112.644 112.899 114.214 113.101 112.769 115.211 113.921 112.786 112.209 111.319 111.236 111.264 111.266 111.241 111.241 111.264 112.119 112.951 112.816 113.486 113.629 113.301 114.234 115.614 115.739 115.819 115.994 116.666 117.366 118.051 118.764 119.536 120.224 121.676 121.021 121.119 121.474 122.076 122.139 122.331 122.796 123.496 124.319 124.606 124.571 124.764 127.514 131.769 135.614 138.269 139.899 140.379 140.236 139.694 138.476 138.101 137.301 138.344 139.896 139.076 137.461
111.791 110.996 111.869 112.896 112.896 112.671 112.619 112.754 113.926 112.676 112.704 112.771 112.789 112.899 111.824 111.249 111.206 111.226 111.246 111.261 111.234 111.256 112.564 113.166 112.821 113.376 114.156 115.209 116.026 115.756 115.594 115.944 116.184 116.931 117.636 118.336 119.021 119.679 120.584 121.519 120.904 120.499 121.099 122.096 122.291 122.414 122.574 123.036 123.686 124.294 124.594 124.536 127.561 131.994 132.924 137.814 139.111 139.859 139.489 138.559 138.081 138.196 138.939 139.336 138.471 137.719 136.564
109.701 111.201 111.986 114.989 113.246 113.031 112.631 112.829 113.344 112.669 112.759 112.776 112.769 112.471 111.426 111.246 111.234 111.216 111.231 111.236 111.204 111.434 112.814 113.016 112.924 113.656 114.456 115.674 115.871 115.804 116.194 116.829 117.114 117.476 117.834 118.561 119.264 120.121 121.039 121.381 120.504 120.799 121.656 122.064 122.394 122.556 122.719 122.836 123.239 123.971 124.701 124.384 124.744 128.936 131.706 134.681 138.116 138.246 138.331 137.234 138.444 139.719 139.369 138.079 138.266 136.101 135.136
110.191 112.904 113.124 114.861 112.781 112.611 112.779 113.271 112.734 112.899 112.719 112.794 112.806 111.874 111.256 111.211 111.209 111.221 111.251 111.274 111.231 111.874 112.919 115.454 112.744 113.271 114.859 116.371 119.181 118.131 116.234 116.951 117.289 118.059 118.889 119.111 119.496 120.234 120.999 121.669 120.544 121.506 121.969 122.184 122.379 122.676 122.894 123.046 123.004 123.469 123.856 123.811 124.441 124.614 129.796 131.679 136.789 137.194 138.054 137.339 137.461 138.616 137.744 136.811 136.974 135.461 135.199
110.939 115.274 114.476 113.284 113.259 112.516 112.581 112.706 112.671 112.906 115.709 113.316 113.009 111.471 111.221 111.214 111.216 111.251 111.219 111.221 111.266 112.199 112.829 114.376 113.136 112.711 115.669 120.656 120.396 121.139 117.206 119.716 117.454 118.134 118.841 119.281 120.014 120.836 120.574 120.779 121.359 121.736 121.711 122.119 122.331 122.771 123.119 123.156 123.311 123.314 123.644 123.741 123.691 124.534 125.031 127.616 131.249 135.289 137.946 137.556 136.726 137.194 136.306 135.584 135.579 135.459 135.299
111.829 112.669 111.509 113.119 112.681 112.534 112.856 113.194 112.889 112.714 114.946 113.249 112.661 111.229 111.184 111.216 111.236 111.221 111.191 111.234 111.601 112.656 112.861 112.756 113.809 113.779 117.129 121.314 118.874 116.961 118.396 123.624 117.836 118.449 119.026 119.341 120.049 120.734 120.821 120.874 121.954 122.039 121.866 122.144 122.371 122.754 123.329 123.381 123.466 123.676 123.771 123.876 124.061 124.646 124.906 126.159 125.744 134.174 135.834 137.161 136.816 136.131 135.691 135.564 135.471 136.574 135.579
112.786 112.741 113.156 112.211 112.891 112.551 113.586 113.016 112.711 112.754 112.784 112.789 112.224 111.229 111.201 111.214 111.264 111.211 111.221 111.311 112.091 112.854 112.821 112.791 114.789 116.019 119.871 120.441 119.584 119.179 124.436 121.444 117.791 118.594 119.404 119.949 120.451 121.099 120.854 121.269 121.664 122.081 121.911 122.064 122.541 122.981 123.219 123.836 123.559 123.781 124.039 124.471 124.719 126.834 127.211 129.809 127.656 134.289 135.599 136.214 137.341 136.336 135.574 135.586 135.561 135.294 134.459
110.064 111.114 112.581 112.709 112.424 112.546 113.966 112.926 112.896 112.784 112.854 112.814 112.106 111.276 111.204 111.256 111.239 111.259 111.226 111.364 112.501 113.021 113.501 112.779 114.074 120.929 123.389 121.329 121.389 116.344 119.434 117.381 118.064 118.969 119.316 119.851 120.574 120.704 120.801 121.346 121.736 122.041 121.846 122.044 122.771 123.251 123.279 123.539 123.724 123.891 124.086 124.999 125.336 127.059 129.241 129.194 128.051 132.294 135.104 135.481 136.501 135.784 135.546 135.481 135.021 134.249 133.039
110.051 110.996 114.204 113.516 112.304 112.514 112.691 113.356 113.711 114.019 112.921 112.834 112.781 112.671 112.169 111.626 111.421 111.219 111.256 111.559 112.811 112.999 116.859 113.351 113.161 115.766 117.401 115.466 121.161 115.979 116.894 117.641 118.286 118.966 119.516 119.886 120.301 120.526 120.689 121.796 122.089 122.119 121.881 122.114 122.896 123.701 123.446 125.131 124.414 123.906 124.134 124.364 127.464 127.151 128.471 127.569 134.456 127.951 133.299 133.714 134.841 135.664 135.229 134.701 133.486 132.064 126.001
111.306 113.156 113.046 112.614 112.654 112.556 112.619 113.446 112.666 113.209 112.809 112.944 113.114 112.811 112.869 112.739 112.774 112.241 111.874 112.094 112.884 113.001 113.406 112.874 112.801 115.184 117.189 116.014 117.429 116.441 117.106 117.774 118.436 119.154 119.629 119.894 120.404 120.106 120.349 121.886 121.796 121.731 121.986 122.121 122.539 123.754 123.874 124.481 125.019 123.874 124.141 124.319 126.199 129.201 131.869 129.416 132.669 127.854 130.044 134.291 135.574 134.746 134.101 129.784 128.586 125.471 124.724
113.346 117.141 116.034 113.041 112.456 112.491 112.484 112.831 112.794 113.876 113.174 112.924 112.789 112.869 113.106 114.339 112.839 112.804 112.799 112.804 112.844 112.804 112.896 112.754 113.154 116.024 119.924 123.664 119.621 116.659 117.329 117.966 118.559 119.296 119.636 119.814 121.746 120.619 120.319 121.614 121.974 121.779 121.856 122.086 122.381 123.026 123.326 123.384 123.696 124.144 124.331 124.321 124.474 125.854 128.741 126.724 130.426 127.114 125.431 131.171 134.496 133.161 129.231 126.091 124.396 125.014 124.539
