LIDAR-DSM-2M-TQ28ne/tq2888_DSM_2M.asc
ncols 500
nrows 500
xllcorner    528000
yllcorner    188000
cellsize     2
NODATA_value -9999
[rows 62 to 92 of 500, columns 142 to 212 of 500]
101.554 101.947 101.159 101.962 98.147 100.909 98.099 103.799 96.282 105.017 99.369 100.844 102.859 103.424 105.927 104.299 101.924 110.764 101.127 100.277 98.217 107.252 108.857 102.849 101.769 99.479 105.367 102.547 103.044 100.612 107.674 106.782 105.439 105.699 101.489 100.739 101.494 105.114 102.777 104.007 101.879 98.842 100.042 105.542 104.184 107.434 101.474 102.607 103.009 102.617 107.647 106.709 104.737 105.217 101.489 102.072 104.039 104.324 102.799 104.454 107.812 105.599 103.387 100.154 100.362 100.919 102.877 100.179 99.789 100.082 100.379
96.102 100.422 101.212 100.939 101.247 101.554 102.024 103.214 101.497 100.909 99.089 98.742 102.067 99.282 107.627 109.199 103.284 109.544 98.927 100.454 96.734 109.689 105.247 106.744 98.354 102.954 103.477 104.232 100.874 100.717 105.659 103.569 100.854 102.929 102.179 104.449 103.784 100.534 104.692 104.692 103.934 101.959 100.012 98.992 105.334 106.479 106.904 106.732 105.529 107.389 111.329 111.134 103.484 101.539 103.907 105.439 105.509 104.227 101.729 102.922 104.709 105.729 102.524 99.437 104.442 99.709 102.387 102.619 100.434 100.634 101.132
97.302 97.164 97.092 101.704 100.649 97.629 100.687 105.599 104.449 102.584 98.014 100.329 100.162 103.854 108.517 102.589 105.467 102.749 101.897 98.504 99.377 98.687 105.922 105.612 103.354 102.627 100.739 97.659 100.429 101.179 104.037 106.512 100.739 97.714 102.539 105.389 101.952 103.524 103.234 101.354 103.327 102.802 97.554 100.022 99.752 106.584 107.369 102.562 107.367 102.254 108.802 108.149 104.782 101.952 103.554 100.819 101.584 103.277 107.017 103.639 100.282 101.427 106.457 98.534 99.027 100.977 104.982 102.664 101.377 100.617 100.969
99.454 98.084 98.884 102.422 102.804 99.334 102.319 103.722 101.969 102.489 103.677 101.689 98.912 104.414 106.614 106.107 103.184 101.967 99.572 103.047 100.082 102.712 99.664 99.724 102.492 99.549 99.712 103.592 103.597 102.749 101.512 103.239 105.862 103.737 102.999 103.992 104.049 101.752 101.172 101.739 100.012 101.284 100.782 105.184 101.829 98.219 103.259 98.417 98.729 101.794 100.719 100.074 109.204 103.212 99.502 104.849 106.122 105.524 103.022 99.699 105.169 106.597 106.459 105.459 98.642 100.769 102.972 102.374 99.789 99.664 104.014
100.572 99.984 100.439 101.794 99.899 103.152 100.832 103.754 103.914 101.842 101.229 98.744 98.517 101.349 104.189 105.342 101.119 97.482 99.589 108.374 99.679 101.072 104.144 100.842 103.779 98.469 97.232 102.734 103.519 106.784 105.249 102.272 101.474 103.009 100.152 100.414 99.249 103.759 102.762 101.974 99.919 103.044 100.737 105.282 104.529 106.249 108.517 101.749 104.269 106.744 103.912 103.274 107.444 102.569 99.737 105.682 103.274 102.052 101.327 100.962 99.992 101.419 107.464 103.109 99.887 102.527 102.487 105.717 109.124 101.989 103.714
98.974 100.312 102.347 103.947 100.589 98.544 99.929 100.734 102.004 104.407 102.422 103.254 100.434 100.419 104.749 102.069 98.337 101.019 102.802 103.439 104.487 99.392 97.412 104.404 102.542 100.434 101.499 99.764 101.699 106.627 103.309 104.134 102.422 99.979 101.282 100.547 100.267 102.182 102.174 100.717 104.414 101.612 102.994 101.657 101.197 99.624 101.277 108.689 103.382 102.304 102.727 101.229 100.922 99.569 100.957 105.414 103.209 101.484 104.342 107.749 105.877 102.937 104.742 100.509 103.929 103.977 103.894 107.084 107.602 103.684 104.137
103.012 97.587 99.752 100.094 99.839 98.919 99.417 102.242 102.412 100.639 101.234 101.929 97.807 97.702 102.364 104.294 99.872 103.142 103.189 101.002 101.992 97.362 97.222 102.597 103.174 101.502 98.824 100.399 99.819 102.894 102.519 100.802 98.987 101.204 100.874 99.609 99.757 103.437 104.319 107.772 104.607 105.409 101.132 100.789 101.212 101.564 99.892 105.384 107.069 101.947 101.362 104.197 100.332 104.532 100.572 106.179 101.917 103.662 108.852 110.049 105.914 102.044 101.472 100.679 106.137 105.059 106.587 104.412 99.137 100.182 100.954
101.294 98.517 99.402 100.594 98.339 99.374 104.829 100.462 100.132 105.372 99.817 104.412 102.057 100.669 97.409 105.019 100.572 101.582 100.242 100.382 98.919 97.317 97.812 101.489 99.657 101.792 99.464 98.792 102.422 101.147 98.419 97.579 98.552 103.987 103.554 101.847 101.952 102.462 100.577 101.769 103.312 104.404 101.967 98.354 100.272 98.554 104.869 102.557 102.369 98.859 100.777 102.849 104.572 103.612 99.402 103.947 106.602 101.727 106.729 101.604 102.809 102.207 103.132 100.299 101.269 102.792 103.734 105.169 100.907 98.204 98.237
98.762 99.259 97.102 97.924 98.347 101.497 97.104 101.194 103.574 106.147 103.344 102.044 103.504 102.524 100.839 103.192 102.682 101.019 101.864 99.969 101.017 98.112 97.944 100.272 98.377 100.254 98.704 99.839 100.892 98.412 98.214 97.727 99.564 102.404 101.759 102.887 101.502 101.574 100.847 103.304 104.404 104.852 100.729 103.457 103.389 99.052 100.712 100.067 97.929 97.962 102.917 106.377 101.937 102.767 105.812 102.359 104.424 104.664 100.437 103.162 105.739 102.584 104.074 100.584 100.127 100.559 99.774 102.614 103.579 107.589 101.234
97.172 98.839 99.552 100.519 99.167 101.399 103.804 102.324 104.209 103.709 104.547 102.254 102.549 102.289 99.022 106.684 102.612 100.612 101.682 100.092 100.272 99.024 98.962 101.987 98.204 99.169 99.467 98.839 101.759 101.619 101.379 99.407 99.882 100.804 100.722 100.392 101.037 102.794 100.409 102.112 101.857 101.412 102.282 99.552 100.549 103.754 99.629 97.982 98.514 97.979 104.137 102.019 106.634 102.304 100.012 103.567 102.317 105.359 105.782 105.564 98.194 98.887 101.557 102.252 104.202 99.719 98.379 101.209 105.559 102.357 101.022
101.379 103.842 104.022 99.007 100.749 98.549 100.527 100.037 101.559 103.314 104.097 99.449 103.537 101.027 99.917 100.669 104.392 103.199 99.987 104.654 99.464 102.254 103.614 99.477 103.392 103.637 100.942 104.552 98.392 99.687 100.972 100.319 101.204 107.357 99.834 102.342 103.874 102.064 102.177 101.312 102.062 106.172 101.639 100.047 99.609 100.537 100.384 99.442 98.157 99.887 104.714 103.689 102.222 106.614 103.442 101.307 101.417 101.029 99.572 105.797 100.382 99.157 103.599 99.887 101.239 98.377 98.574 107.767 105.339 103.359 101.429
101.984 102.327 106.329 102.614 103.899 97.237 98.622 98.679 99.032 101.922 101.544 102.804 102.357 100.032 102.894 103.024 105.614 102.049 102.867 103.077 101.239 102.902 100.992 103.117 102.019 104.064 101.944 101.267 97.712 97.642 101.419 103.704 100.887 103.844 102.337 103.474 101.509 100.492 100.852 99.832 98.487 100.904 101.444 99.622 102.159 99.889 98.792 101.497 101.762 100.322 104.577 102.214 100.239 103.972 99.679 105.362 99.397 105.564 106.374 106.084 101.884 101.089 104.027 98.367 98.377 98.409 98.979 107.644 102.457 101.949 101.214
99.754 103.664 99.082 101.727 100.749 104.032 97.859 101.162 99.999 100.562 103.089 105.622 104.107 103.467 102.184 101.374 98.329 99.872 101.054 100.524 100.747 100.834 100.984 103.447 102.372 102.304 100.849 101.392 99.392 97.682 104.814 103.829 101.727 106.954 99.942 101.502 102.859 99.952 99.797 99.197 99.484 101.169 102.279 102.297 103.937 104.332 100.704 101.869 101.324 107.384 103.802 105.132 102.467 102.679 104.517 108.252 102.507 101.759 99.684 102.877 99.319 99.639 99.137 98.617 98.624 98.609 100.767 104.477 102.199 103.174 101.257
99.719 103.869 107.952 102.257 101.504 103.357 99.617 100.724 100.252 105.664 105.002 103.664 102.414 101.137 101.482 106.117 103.167 100.217 100.452 99.119 101.974 100.274 100.484 101.069 100.907 98.119 103.349 97.739 103.069 97.667 101.269 105.164 104.662 111.464 108.012 99.519 104.749 100.922 99.157 101.174 100.394 103.532 103.647 104.532 105.649 100.272 99.444 102.569 101.624 100.729 102.609 101.972 105.337 101.724 105.749 107.072 103.712 105.787 101.442 103.079 104.997 100.679 103.982 99.742 99.647 99.437 99.737 100.737 100.697 105.217 99.604
99.032 99.864 106.632 105.679 101.472 100.862 101.152 104.722 100.019 102.557 104.749 100.419 105.372 103.457 102.609 100.589 100.564 98.679 100.197 101.492 104.144 101.477 99.804 99.654 100.619 100.987 102.857 100.572 99.429 99.127 100.062 103.932 101.734 106.057 102.624 103.552 100.189 100.847 101.927 105.799 102.527 101.202 102.039 104.537 107.949 102.654 107.022 107.462 105.719 103.329 102.642 100.437 99.159 101.137 105.992 102.649 104.354 102.702 100.169 102.592 106.507 99.887 104.102 103.997 99.194 98.717 99.904 104.569 103.177 99.474 100.804
103.859 100.912 100.504 106.267 104.242 101.857 100.189 101.269 102.932 104.604 106.294 103.959 97.994 101.922 100.382 101.469 99.139 100.612 100.222 99.424 102.034 99.142 98.594 100.012 100.087 98.234 98.657 97.764 101.129 100.537 101.887 101.644 102.007 106.674 103.919 103.662 99.544 103.474 104.212 101.724 104.289 100.287 100.842 106.187 105.164 103.792 100.802 105.337 102.364 101.587 104.209 102.349 103.954 101.384 100.387 99.282 100.497 98.752 100.327 98.972 102.682 101.952 100.254 98.859 98.732 98.827 99.179 100.427 100.342 101.739 98.712
106.129 100.767 100.399 103.064 101.692 99.512 101.252 100.632 101.569 107.342 100.997 105.094 101.314 102.629 97.992 100.917 101.374 99.682 99.589 101.859 99.337 99.347 100.089 103.024 99.207 98.992 97.887 97.767 98.224 99.747 102.112 100.397 104.032 99.902 102.364 104.089 103.134 103.739 103.687 101.679 100.587 103.167 103.864 103.329 105.672 101.487 101.182 101.959 103.112 103.344 101.599 103.422 105.794 105.432 104.144 103.144 106.642 99.497 99.112 99.192 99.762 101.789 100.754 98.927 98.707 99.772 101.679 99.679 101.152 101.799 99.454
103.004 100.542 102.762 102.707 103.174 100.992 100.619 108.099 102.804 102.664 103.584 103.237 100.822 104.249 101.739 99.379 101.234 99.937 101.312 101.402 100.437 101.044 101.494 102.987 98.064 98.322 98.284 101.829 97.784 104.397 102.464 100.562 101.397 100.787 103.139 103.582 102.417 104.979 105.274 105.109 101.614 102.874 104.499 105.084 102.884 103.212 101.432 102.384 103.552 102.877 103.719 102.757 106.159 105.592 101.982 103.082 101.219 101.362 99.229 100.347 100.582 103.439 102.294 100.019 99.897 99.912 99.742 100.649 102.532 101.439 98.777
97.732 97.867 100.817 101.602 101.214 101.664 101.572 106.814 101.447 98.219 100.622 100.084 104.332 104.832 102.957 101.322 103.569 99.319 100.872 102.752 100.889 101.104 100.522 101.587 98.437 99.004 105.177 98.747 97.829 98.079 98.679 98.932 101.044 103.727 101.549 102.142 99.614 105.487 101.947 104.329 103.787 104.527 106.517 104.849 101.629 100.824 101.799 105.832 105.979 106.037 104.297 101.577 103.142 104.144 102.964 98.917 100.609 101.007 99.484 99.264 100.414 100.587 104.604 100.234 100.614 99.074 98.752 100.217 99.089 100.434 101.687
100.729 100.112 106.037 103.819 102.679 100.884 101.709 101.697 100.317 98.264 99.364 100.364 102.472 104.429 103.704 104.397 102.542 99.062 102.297 106.399 102.832 103.632 99.007 98.959 100.079 99.479 102.017 101.224 98.164 107.667 100.204 100.497 103.749 106.239 104.634 103.659 102.894 104.184 106.004 103.284 103.662 100.887 107.089 100.929 103.327 110.634 104.357 103.537 103.799 103.177 102.214 100.927 101.859 102.894 103.699 103.759 100.739 101.177 99.217 99.087 101.954 102.749 104.144 101.339 100.782 99.722 99.844 105.084 101.264 102.507 104.412
102.312 102.117 103.652 101.284 104.969 101.459 102.144 104.109 99.489 100.449 98.724 99.747 101.412 102.552 98.309 101.854 100.767 100.042 102.874 107.879 104.297 104.007 102.372 99.617 98.984 102.059 101.577 102.564 103.489 109.124 103.534 98.392 105.679 104.224 106.852 103.982 100.642 100.407 101.412 107.342 107.094 103.944 104.862 103.757 106.314 103.789 106.429 106.479 106.157 106.779 101.837 100.609 101.929 104.762 106.834 102.464 102.149 102.449 99.627 99.067 101.162 103.022 107.037 103.769 101.069 100.017 100.094 103.974 101.127 102.542 104.479
100.924 105.497 105.149 103.357 103.119 103.809 103.724 105.407 101.754 101.154 100.714 101.094 103.432 101.137 100.389 100.644 103.677 103.304 103.837 107.902 105.674 105.934 103.802 101.284 98.894 100.409 109.149 101.199 107.287 102.934 102.739 101.577 101.097 108.774 103.764 104.514 102.819 107.584 108.187 108.654 99.872 104.809 101.622 102.467 103.479 105.519 105.534 109.227 106.527 101.577 100.859 101.719 102.549 105.592 102.012 103.209 104.942 104.904 103.137 101.884 103.299 101.137 100.697 107.269 105.957 100.987 101.759 102.854 104.192 103.142 106.154
104.612 104.422 102.532 106.672 101.612 103.247 106.129 104.987 100.214 100.467 100.134 102.184 103.007 102.252 104.492 101.257 102.092 101.697 104.174 107.219 104.027 104.934 104.337 101.689 98.412 98.634 100.999 103.939 110.014 106.074 103.217 103.839 108.364 103.622 105.832 106.447 106.432 102.969 106.182 101.237 104.979 103.809 105.589 105.882 107.937 108.772 104.149 105.994 111.822 108.447 103.734 102.992 100.452 102.222 106.497 106.794 101.094 103.647 102.022 102.799 102.834 99.087 100.179 109.997 103.187 100.899 100.237 99.467 100.242 99.599 99.857
104.329 99.664 104.282 100.782 100.674 103.867 102.207 106.694 100.947 103.397 102.287 102.904 100.109 101.999 100.044 100.649 106.977 103.217 102.622 107.214 106.532 102.127 101.402 100.947 100.387 106.587 102.622 105.699 102.937 101.019 101.572 103.807 104.197 102.077 104.097 103.794 107.702 104.177 104.937 104.232 106.749 103.102 105.102 105.787 110.069 109.677 104.019 110.067 106.767 109.214 101.972 103.402 103.347 102.907 106.352 107.122 100.697 102.212 104.397 105.269 109.437 105.012 100.887 105.512 107.557 109.662 105.187 103.447 100.367 99.214 99.119
105.017 101.439 99.662 103.517 101.077 103.372 103.832 101.217 98.637 99.529 105.347 101.969 102.597 102.699 100.164 99.432 104.704 106.532 101.139 105.587 102.354 104.177 103.074 107.259 100.337 101.364 105.802 104.504 103.687 100.584 98.962 105.729 104.259 105.617 107.999 105.872 107.637 105.544 104.327 103.364 103.054 103.259 105.549 106.854 108.132 106.177 100.587 107.112 105.487 108.582 103.347 103.004 103.272 102.764 102.037 100.564 101.437 102.522 105.337 102.094 105.262 109.184 103.882 105.582 103.914 104.167 102.079 101.212 100.329 100.477 103.869
105.712 99.422 100.897 101.599 101.619 99.087 104.809 98.822 99.234 100.892 101.902 103.594 101.287 104.142 101.482 103.539 103.302 103.034 109.707 105.539 103.892 102.444 104.427 105.717 107.992 102.167 106.194 104.934 105.832 103.947 100.412 99.529 101.492 104.139 102.294 105.529 108.449 108.107 105.319 107.584 105.294 106.567 103.319 101.642 102.514 106.229 106.724 107.812 103.214 105.282 106.404 105.967 101.417 101.334 105.052 104.102 101.977 103.652 104.112 109.579 103.312 100.924 107.452 104.822 103.129 106.594 104.789 107.829 104.954 102.404 101.212
100.104 99.134 99.932 100.502 99.634 103.252 105.812 103.102 103.469 104.804 99.259 100.652 101.434 102.404 101.097 99.787 101.842 104.734 107.147 105.329 99.852 104.224 103.287 110.712 108.707 103.829 104.302 103.159 102.937 104.009 102.562 103.369 102.747 103.354 102.484 107.927 107.084 108.734 108.342 103.817 100.774 105.069 109.837 105.664 108.402 109.349 103.604 101.472 102.479 105.304 109.549 107.519 107.992 105.994 104.819 102.744 101.802 101.844 102.114 103.152 106.844 104.367 107.687 104.939 104.089 105.219 109.689 108.922 104.074 104.987 102.759
107.602 103.754 102.427 99.957 99.509 104.807 103.644 101.867 101.244 104.364 99.544 98.947 99.514 100.577 102.882 101.289 104.592 104.947 102.387 104.157 101.587 100.882 108.234 102.592 101.777 105.822 105.239 100.014 106.707 107.659 99.364 100.367 110.484 102.469 101.637 104.767 106.839 109.479 109.699 106.884 102.379 106.677 107.572 104.247 107.799 107.104 105.497 103.944 101.432 102.147 103.367 104.357 107.924 109.562 105.154 102.959 106.502 104.137 101.129 103.352 104.197 105.714 105.089 101.992 106.522 106.442 103.407 103.087 105.347 105.264 105.412
108.617 106.682 100.602 99.834 101.899 107.212 100.224 100.874 103.579 106.767 100.377 100.304 100.737 100.092 104.159 100.047 103.727 105.367 99.752 102.994 99.662 103.192 103.344 102.729 98.789 98.802 100.309 98.882 101.192 103.094 105.802 103.692 104.834 105.132 104.644 100.667 103.054 106.724 110.102 106.974 102.064 105.229 105.114 105.172 106.342 102.529 104.882 110.492 108.017 107.672 103.317 108.184 108.469 107.732 101.907 101.987 102.792 104.697 102.657 101.847 102.897 106.842 104.159 103.172 105.952 106.052 105.197 103.187 105.507 104.222 102.769
103.739 102.814 104.519 99.129 105.924 109.152 99.969 104.194 105.507 106.097 103.057 100.537 99.829 98.837 101.729 100.814 98.807 101.619 100.569 105.042 100.609 101.297 101.279 106.132 99.337 99.149 102.359 101.744 104.077 99.934 101.444 105.324 100.642 101.719 101.644 102.397 102.459 103.967 106.627 103.659 103.119 103.919 105.387 106.332 105.112 107.212 104.479 107.117 106.062 106.644 103.577 107.659 109.887 104.914 106.357 105.854 107.117 105.329 106.724 104.417 104.032 103.172 102.759 105.384 102.874 104.087 103.889 107.142 107.852 102.822 104.642
102.107 102.519 106.739 104.187 103.859 104.439 101.517 102.749 106.522 102.417 103.889 102.619 99.502 99.339 99.409 98.837 98.922 99.594 99.364 103.282 100.647 100.532 100.832 101.357 99.387 99.592 101.299 101.767 102.679 101.494 103.832 104.024 102.169 100.232 103.094 103.007 102.439 103.844 103.312 102.472 100.674 100.359 104.444 103.052 102.654 106.499 105.962 105.782 112.149 107.502 106.782 102.909 107.204 106.342 107.672 103.177 102.099 102.277 103.789 102.199 100.884 101.592 101.747 102.214 100.604 105.154 99.742 103.872 104.879 101.924 101.279
