LIDAR-DSM-2M-TQ28ne/tq2887_DSM_2M.asc
ncols 500
nrows 500
xllcorner    528000
yllcorner    187000
cellsize     2
NODATA_value -9999
[rows 180 to 209 of 500, columns 201 to 267 of 500]
132.117 124.979 121.107 120.894 120.614 120.429 120.292 120.104 119.854 119.857 120.169 119.549 120.837 120.759 118.997 120.959 121.084 119.862 118.574 119.189 118.702 118.169 118.769 118.092 118.697 116.119 115.652 115.237 117.607 122.167 114.019 113.569 113.654 111.569 112.052 114.437 114.547 114.574 114.862 115.214 115.282 112.887 109.667 109.074 109.004 109.809 109.592 109.522 111.809 111.892 109.667 108.957 109.407 111.834 111.749 107.019 106.462 108.859 111.117 107.959 105.597 107.607 111.207 107.549 106.849 104.774 103.264
132.247 124.094 121.902 121.879 120.982 120.909 121.687 120.924 120.102 120.542 120.219 119.252 120.379 120.682 121.024 117.764 115.884 117.472 118.134 117.772 118.499 117.984 117.307 118.499 118.079 115.589 115.332 114.892 117.219 123.069 116.079 116.477 115.597 112.242 111.764 112.664 112.617 113.467 114.587 115.112 115.259 111.769 109.547 108.922 108.872 108.889 108.952 109.499 111.914 111.844 110.837 109.214 110.007 111.872 111.672 108.947 107.247 107.042 107.554 107.497 105.952 106.422 107.327 107.387 105.492 108.454 103.189
132.002 120.999 120.974 120.724 120.382 120.252 120.174 120.709 119.099 119.627 119.219 119.599 119.527 120.704 121.222 118.359 116.697 116.494 116.274 116.207 116.274 116.892 118.204 118.374 115.662 114.957 114.522 116.939 120.112 120.502 119.187 121.242 119.512 113.349 111.244 111.269 111.164 112.487 114.594 115.187 115.267 110.229 108.979 108.734 108.732 108.722 108.779 109.287 111.692 111.899 111.107 110.372 111.712 111.867 111.917 107.909 107.819 106.054 107.524 108.804 106.047 109.992 107.519 110.937 107.157 109.957 105.862
132.012 122.604 121.499 121.354 121.269 120.689 120.289 120.847 120.764 119.239 119.507 119.434 119.702 118.269 119.624 119.049 117.489 116.234 115.984 115.887 115.764 117.042 124.069 123.444 120.212 114.754 114.907 118.114 122.314 126.067 123.952 121.507 122.774 113.699 111.137 111.077 111.137 112.104 114.679 115.272 115.172 108.912 108.764 108.577 108.567 108.662 109.042 108.749 109.832 111.267 111.239 111.247 111.289 111.214 111.349 108.849 108.619 109.227 108.772 106.912 105.052 108.149 108.042 111.157 107.867 106.294 103.412
132.034 124.144 120.822 120.264 119.984 119.649 120.429 119.407 119.629 118.897 118.857 119.189 118.954 119.334 118.484 119.422 119.467 117.082 116.754 116.304 116.004 115.817 122.609 125.834 124.187 115.202 114.747 113.977 115.539 122.827 119.874 122.234 123.852 114.304 112.164 111.587 111.264 113.022 114.639 115.159 114.847 109.974 108.677 108.469 108.422 108.619 109.414 108.582 110.464 111.274 111.227 111.302 111.314 111.307 111.279 108.509 106.534 112.929 108.852 104.019 103.819 105.404 107.482 109.449 106.674 105.244 102.944
131.252 123.687 121.429 122.682 122.762 120.749 120.242 120.449 120.094 119.002 119.644 119.157 118.764 119.912 119.684 118.062 118.012 118.049 118.057 118.202 118.717 118.434 115.577 114.914 117.454 114.257 113.889 114.349 113.642 118.464 118.759 120.557 119.917 116.794 114.927 114.614 114.577 113.627 111.647 112.389 112.169 109.689 108.617 108.402 108.309 108.372 108.982 108.944 110.832 111.587 109.677 108.934 108.892 110.207 111.272 109.172 106.344 106.349 106.129 106.084 105.277 106.709 107.239 105.849 103.122 102.977 102.999
133.354 126.097 121.389 120.634 120.977 120.432 120.234 121.332 119.804 118.944 120.514 123.662 122.562 119.999 117.272 118.044 117.984 117.932 117.959 118.109 118.542 118.557 115.434 114.022 115.717 115.019 116.582 115.297 113.759 113.267 116.302 115.324 115.722 114.659 111.569 111.519 110.387 110.604 110.197 109.077 108.809 108.704 108.579 108.317 108.212 108.482 110.117 108.879 110.079 111.474 110.504 108.567 108.447 110.284 111.274 108.992 108.127 107.409 107.989 108.709 107.387 107.629 105.137 103.979 103.107 103.562 103.462
133.179 125.819 121.024 119.842 119.799 119.609 119.254 119.472 119.452 118.887 119.397 121.389 122.947 124.407 117.487 117.462 116.357 115.959 116.594 117.992 118.447 118.559 115.749 113.104 116.719 115.019 116.122 117.902 116.644 111.967 113.299 117.667 115.007 113.624 110.439 110.189 109.947 111.894 112.842 110.367 110.719 110.499 108.562 108.252 108.189 108.254 108.472 108.407 110.869 111.339 110.417 108.572 108.254 110.642 111.317 108.752 111.542 110.974 110.482 111.869 107.364 107.147 105.162 103.092 102.859 102.654 101.694
130.142 122.624 122.072 120.904 120.244 120.064 119.652 119.442 119.247 119.414 120.042 122.064 122.787 121.032 121.369 116.794 114.709 114.767 116.157 117.957 118.407 118.577 115.297 112.837 114.502 114.144 115.374 113.042 112.292 111.839 111.452 114.329 111.659 110.647 110.377 110.117 109.842 111.694 112.339 113.734 112.789 111.539 111.719 108.204 108.157 108.177 108.212 108.249 110.112 111.274 111.177 109.019 108.434 110.324 111.322 110.922 110.827 109.509 108.384 108.222 106.649 104.229 103.164 102.912 102.377 102.139 101.522
128.174 121.172 121.237 120.232 119.537 118.869 118.529 118.252 118.067 117.939 118.037 118.539 118.042 119.317 115.874 114.634 114.569 114.592 115.552 117.962 118.542 118.579 114.077 112.787 112.787 113.399 114.789 113.564 113.799 111.907 111.394 111.084 110.842 110.614 110.334 110.067 109.769 113.164 113.382 109.287 110.879 108.444 108.259 108.159 108.167 108.159 108.159 108.132 108.067 107.927 107.817 108.284 108.682 108.359 112.084 113.862 114.877 108.444 108.842 109.209 103.489 103.237 103.282 103.074 102.639 102.274 101.914
125.994 122.012 122.207 121.077 119.922 119.419 120.364 118.879 119.439 119.407 118.084 119.029 118.804 117.092 116.242 114.879 114.674 114.577 115.589 118.039 118.594 118.559 113.057 112.767 112.679 112.584 113.692 113.074 116.899 115.177 112.384 111.004 110.719 110.457 110.169 109.904 109.629 109.357 109.604 108.822 108.547 108.334 108.219 108.164 108.179 108.187 108.149 108.057 107.962 107.864 107.757 107.599 107.517 107.334 111.832 115.702 117.217 112.809 107.404 104.739 103.567 103.404 103.632 103.022 102.634 102.369 102.122
126.072 121.064 120.867 120.402 119.712 119.534 120.204 118.459 118.029 117.662 117.522 118.762 119.932 117.787 117.349 117.429 116.752 116.699 117.689 118.197 118.679 118.642 114.887 112.794 112.627 112.462 112.819 117.049 113.309 114.157 113.007 110.859 110.602 110.339 110.059 109.819 109.522 109.289 109.014 108.797 108.557 108.429 108.299 108.249 108.197 108.159 108.144 108.029 108.344 108.534 108.137 107.619 107.582 107.122 108.189 109.797 113.102 110.067 109.429 104.602 103.729 103.512 103.277 103.054 102.802 102.542 102.854
124.714 120.964 120.879 120.962 120.069 120.002 118.957 118.674 118.119 118.169 118.259 118.117 120.809 119.772 116.719 117.387 117.842 117.927 117.949 118.307 118.632 118.574 114.254 112.802 112.589 112.427 112.212 112.079 112.857 113.042 111.447 110.854 110.572 110.319 110.084 109.862 109.584 109.329 109.114 108.859 108.739 108.872 108.537 108.314 108.399 109.237 108.582 108.059 108.292 108.359 107.932 107.684 107.442 108.169 107.727 106.814 108.547 108.997 109.219 104.879 104.032 103.852 103.732 103.207 103.004 102.814 103.819
124.042 121.327 121.802 121.112 120.722 119.517 119.022 118.659 118.252 117.707 117.617 117.792 120.037 118.467 116.669 116.914 116.689 117.187 117.989 118.232 118.459 118.547 115.109 112.779 112.582 112.412 112.207 111.997 111.727 111.444 111.172 110.917 110.687 110.662 110.167 109.969 110.404 110.329 109.224 108.939 109.064 109.119 108.574 108.394 108.322 108.284 108.212 108.084 108.277 107.942 107.854 107.657 107.804 107.552 107.234 106.917 107.189 109.309 108.792 106.007 104.542 106.477 106.069 109.472 106.429 104.467 104.322
121.682 121.039 120.862 120.119 119.464 119.624 119.509 118.584 119.264 120.927 118.317 118.529 119.429 118.557 115.969 114.772 114.634 114.809 116.144 117.957 118.387 118.569 115.574 112.747 112.599 112.442 112.264 112.044 112.257 112.137 111.342 110.982 111.487 110.897 110.322 110.027 109.902 109.619 109.287 109.032 109.219 108.949 108.759 108.579 109.362 108.614 108.209 108.047 109.839 110.364 110.494 109.842 114.397 114.487 113.232 112.852 109.429 108.484 107.024 108.147 109.934 108.062 109.659 109.417 107.104 109.432 103.407
122.522 121.887 121.859 120.224 119.869 119.389 118.882 119.837 119.629 118.509 117.824 117.414 117.664 118.517 117.637 115.544 114.932 115.109 117.307 117.962 118.494 118.567 114.399 112.737 112.584 112.477 112.334 112.084 111.884 111.762 111.419 111.114 110.887 110.602 110.487 110.234 110.394 110.572 109.642 109.237 110.102 110.949 109.604 109.969 114.842 115.194 114.859 114.412 114.807 115.167 115.247 115.194 114.854 114.772 114.802 114.767 107.017 107.997 109.862 108.812 106.762 106.232 108.807 114.069 115.687 114.912 104.387
121.129 120.979 120.497 120.087 119.539 118.854 118.527 118.257 118.057 118.117 117.769 117.454 117.884 118.829 119.817 117.872 114.999 114.999 117.452 117.999 118.537 118.582 113.212 112.724 112.639 112.554 112.434 112.504 112.489 111.742 111.462 112.492 113.194 112.419 111.017 111.039 114.559 115.467 114.829 113.937 116.377 116.387 116.374 116.472 116.012 115.642 115.509 115.812 115.207 115.122 115.147 115.249 114.974 114.692 114.744 114.697 109.104 108.609 109.354 107.954 109.357 108.342 107.177 113.099 114.157 110.034 103.344
121.632 121.209 120.987 120.627 120.334 119.609 118.889 118.457 118.672 117.989 118.412 118.234 118.137 119.532 120.357 119.047 116.469 116.109 117.164 118.099 118.569 118.477 113.682 112.754 112.669 112.697 112.622 114.134 116.514 115.544 115.174 116.782 118.219 118.087 117.772 118.099 117.412 117.432 117.437 117.357 116.552 116.367 116.394 116.484 115.907 115.822 115.819 115.724 113.102 112.867 113.297 114.494 110.084 109.899 109.354 110.849 108.864 108.014 107.422 109.567 112.622 110.154 107.697 108.857 108.437 104.837 103.397
122.782 121.832 121.619 120.862 119.599 119.384 118.739 118.899 118.267 117.784 117.602 117.467 117.532 117.682 116.239 115.982 117.599 117.967 117.962 118.262 118.654 118.567 114.544 112.759 112.694 113.817 112.994 114.589 118.942 119.089 119.079 119.094 118.114 118.079 118.112 117.982 117.442 117.404 117.427 117.577 116.469 115.502 115.974 116.004 111.717 111.257 111.989 112.002 107.664 107.512 107.557 108.309 107.844 106.979 106.864 106.917 107.229 107.527 106.624 110.264 116.994 117.484 109.164 109.494 104.474 106.319 103.874
121.409 121.359 121.329 120.702 119.729 119.337 119.372 118.789 118.987 118.889 118.324 119.009 120.787 119.912 116.817 114.907 117.842 117.962 117.949 118.132 118.427 118.552 114.197 112.787 112.712 113.309 113.464 113.782 119.059 119.057 119.089 118.917 118.122 118.079 118.109 118.204 114.434 114.437 113.882 114.444 108.569 108.564 108.792 108.939 108.499 108.312 108.347 108.457 107.902 107.924 107.879 108.527 107.864 107.232 107.232 107.214 107.009 106.812 106.502 108.132 115.937 116.347 113.814 112.519 104.384 104.439 103.722
122.309 121.681 121.701 121.064 119.916 119.716 119.154 118.456 118.246 118.019 118.066 120.039 120.664 121.624 118.204 114.851 115.174 115.331 116.621 117.954 118.379 118.566 115.106 112.844 112.746 113.101 114.169 113.769 117.806 118.359 118.374 118.576 112.021 112.184 111.666 110.941 109.824 109.606 109.771 109.514 108.976 108.754 109.314 109.271 108.504 108.396 108.426 108.631 108.266 108.071 108.049 108.636 108.066 107.496 107.416 107.299 107.144 106.904 106.609 107.196 112.921 113.644 115.876 115.544 105.321 106.806 109.696
121.576 121.006 120.561 120.724 119.296 119.081 118.779 119.481 118.841 119.554 118.884 118.246 117.791 118.186 117.771 114.866 114.654 115.046 116.746 117.954 118.456 118.596 114.729 112.856 112.831 113.551 114.224 111.589 111.471 111.444 111.641 111.621 110.631 110.336 110.376 110.491 109.844 109.719 109.869 109.849 111.156 119.526 112.054 110.559 111.116 108.561 108.511 110.629 111.589 109.794 108.319 108.946 108.346 107.634 107.494 107.351 107.174 108.976 108.924 109.864 113.499 110.824 110.474 113.444 108.419 107.806 107.846
122.106 121.921 120.574 120.154 119.479 119.451 122.179 122.926 121.396 121.711 120.981 117.671 117.629 117.289 116.064 114.881 114.881 114.674 116.306 118.009 118.539 118.606 113.564 112.959 112.951 113.136 113.929 111.591 111.484 111.461 111.424 111.306 110.551 110.381 110.374 111.099 110.289 109.801 109.679 109.906 113.186 112.739 113.316 118.064 110.291 109.311 108.676 114.466 111.889 115.676 110.971 109.696 108.336 107.939 107.776 107.579 107.626 110.136 107.231 111.101 113.846 111.841 110.524 112.516 108.209 106.331 105.531
122.309 123.091 120.394 119.956 119.934 119.746 119.519 119.551 121.116 119.609 118.139 117.624 117.674 117.236 116.056 114.966 114.766 114.601 115.996 118.049 118.524 118.401 113.089 113.084 113.074 113.834 113.244 111.799 111.464 111.461 111.426 111.926 113.124 113.014 111.634 112.656 113.069 110.666 110.009 110.321 115.331 121.894 114.574 114.641 113.314 113.566 111.946 110.644 111.466 111.656 112.936 111.324 109.614 108.739 109.601 108.574 108.881 108.484 107.866 107.734 109.171 109.651 113.156 106.509 110.229 105.119 103.666
121.109 120.919 120.424 120.114 120.661 119.356 119.659 120.504 119.614 118.841 117.869 118.056 119.406 118.221 117.519 115.266 114.856 114.626 116.051 117.026 116.696 116.674 114.391 113.324 113.256 114.204 112.814 112.084 111.914 112.106 112.009 112.869 113.709 113.824 112.951 112.264 114.029 113.926 111.039 112.301 114.319 112.639 120.811 119.696 117.581 117.156 111.066 113.401 115.444 115.304 112.539 111.769 110.539 110.156 110.516 110.391 110.921 109.306 107.849 107.349 106.519 106.684 107.326 107.999 105.476 105.421 103.796
122.454 121.801 120.921 120.254 120.191 120.251 118.886 119.031 118.481 118.851 118.584 118.886 118.254 118.366 116.654 115.756 116.359 115.454 115.009 115.651 116.021 116.999 114.204 113.456 113.444 113.541 113.279 113.106 113.139 112.599 112.396 112.664 112.026 111.581 111.439 111.391 112.144 112.266 113.901 115.951 116.526 115.759 120.141 120.851 113.019 117.479 113.419 112.909 111.406 111.086 111.054 111.641 112.144 112.256 112.504 111.189 111.969 111.419 109.871 107.814 107.029 109.519 110.981 110.281 107.116 110.281 107.236
121.291 120.814 120.586 121.079 121.159 120.491 119.909 119.996 119.531 119.204 118.366 117.586 117.201 116.854 116.519 116.144 115.674 115.466 115.101 116.029 116.444 115.479 113.736 113.651 113.606 113.671 114.136 113.611 113.466 113.281 113.094 114.759 111.691 111.419 111.286 111.416 111.764 111.596 112.299 112.241 114.151 113.136 119.454 117.621 112.031 116.991 118.564 114.011 110.751 110.709 110.666 110.596 110.596 110.526 110.454 110.371 110.824 111.764 113.781 111.461 106.446 107.006 111.369 111.306 108.241 106.441 109.256
123.441 122.514 121.851 121.499 120.386 119.809 119.446 119.084 118.706 118.336 117.944 117.616 117.306 117.054 117.234 116.579 115.949 116.126 115.661 114.709 114.391 114.146 113.916 113.819 113.734 113.766 113.804 113.549 114.079 117.271 118.674 123.821 119.951 112.289 111.201 111.186 111.141 111.114 111.079 111.056 112.361 111.251 112.046 111.109 111.979 112.461 113.104 110.776 110.754 110.734 110.709 110.639 110.611 112.091 113.749 115.926 115.876 114.164 109.101 109.701 109.376 109.089 107.161 108.926 109.279 113.566 111.936
123.606 122.616 124.221 123.031 120.296 119.789 119.421 119.099 118.581 118.304 117.944 117.551 117.219 116.869 116.491 116.104 115.679 115.379 115.091 114.786 114.474 114.289 114.101 113.921 113.874 113.836 114.551 113.441 117.161 122.604 124.471 127.589 127.181 119.644 111.239 111.184 111.136 111.121 111.079 111.019 111.006 110.989 110.964 110.939 110.904 110.866 110.824 110.794 110.774 110.736 110.714 110.639 110.629 111.146 115.339 112.461 115.226 115.681 111.451 109.514 114.011 112.631 106.799 108.836 112.499 116.086 113.264
124.294 126.016 123.499 124.001 121.621 119.754 119.266 118.884 118.466 118.131 117.761 117.386 117.051 116.689 116.376 116.374 115.899 117.304 115.961 114.861 114.664 114.316 114.136 114.024 113.956 113.926 113.874 113.346 119.261 124.641 126.714 128.854 129.087 115.564 111.254 111.174 111.159 111.131 111.066 111.069 111.049 110.964 110.986 110.956 110.904 110.864 110.846 110.811 110.789 110.759 110.711 110.664 110.631 114.109 117.201 119.276 117.199 115.359 111.801 109.064 116.926 116.041 108.499 105.816 110.884 116.759 110.936
