LIDAR-DSM-2M-TQ28ne/tq2887_DSM_2M.asc
ncols 500
nrows 500
xllcorner    528000
yllcorner    187000
cellsize     2
NODATA_value -9999
[rows 150 to 179 of 500, columns 201 to 267 of 500]
137.282 137.994 138.724 136.622 136.784 124.909 123.382 123.487 122.609 122.472 122.344 122.269 123.812 130.144 125.859 122.907 121.529 119.399 119.694 118.939 118.857 121.067 121.562 121.779 118.674 115.889 115.519 115.472 115.369 115.309 117.014 116.172 114.342 114.014 113.647 113.387 113.089 112.839 112.627 112.357 112.159 111.987 111.882 111.779 111.639 111.544 111.512 112.499 112.929 111.467 113.914 114.984 112.939 111.439 115.252 114.452 120.247 117.689 114.834 110.814 108.752 108.662 109.164 112.402 113.592 112.814 110.739
137.027 137.882 137.179 127.842 127.622 126.239 126.052 123.989 122.674 122.564 122.429 122.299 124.857 129.992 127.732 127.507 126.462 122.087 122.109 121.962 121.657 122.162 121.217 119.977 118.004 115.749 115.672 115.649 115.539 115.934 119.069 117.254 115.682 114.072 113.794 113.477 113.089 112.762 112.524 112.297 112.137 112.009 111.889 111.714 111.602 113.037 112.024 113.484 114.149 112.659 111.254 111.722 111.152 112.267 116.349 115.294 116.477 119.807 113.934 109.052 109.074 109.699 110.812 109.879 111.439 111.249 110.844
126.814 127.194 126.244 128.002 127.774 126.127 126.392 125.429 123.752 123.354 122.787 122.482 123.772 125.199 123.717 122.174 123.409 122.402 122.372 122.724 123.089 123.104 120.132 117.644 116.667 115.979 115.882 115.817 115.762 116.977 116.857 117.219 116.537 114.069 113.924 114.292 113.362 112.994 112.712 112.474 112.262 112.072 113.334 111.844 113.802 114.657 114.347 116.487 113.549 113.617 111.267 111.534 112.932 114.902 114.444 115.639 115.652 112.227 110.027 109.332 109.424 110.204 108.874 106.884 109.032 110.257 105.839
130.232 129.257 131.124 136.022 135.784 128.902 127.679 127.929 126.937 125.834 124.544 123.814 123.289 122.829 120.942 119.832 121.432 121.517 121.874 122.399 122.944 123.104 118.927 117.537 116.349 116.189 116.112 116.037 116.044 117.379 115.669 115.839 116.787 115.489 114.644 114.809 114.279 114.467 115.222 114.699 114.604 113.639 117.122 114.019 114.592 115.292 117.104 113.409 111.944 111.547 111.319 112.312 114.584 114.474 115.102 114.589 110.304 110.769 109.857 110.264 110.062 109.817 107.354 107.827 109.717 107.757 105.202
137.607 137.504 136.417 136.382 136.372 131.124 124.957 124.804 124.799 125.192 123.197 124.674 123.082 123.479 120.544 119.652 119.079 119.012 119.522 122.354 123.069 123.124 120.239 116.982 116.509 116.354 116.372 116.742 116.274 117.157 115.769 115.719 115.817 114.517 114.879 114.167 113.627 113.814 114.199 113.539 115.877 118.209 112.862 118.182 112.699 114.879 114.622 114.702 112.989 114.014 113.337 112.657 114.802 113.369 113.024 109.944 109.847 109.212 109.819 109.067 109.792 111.752 107.794 106.444 105.999 105.359 104.814
137.587 137.419 136.597 136.879 133.867 124.059 123.497 123.342 123.212 123.367 123.282 122.804 123.132 122.544 120.117 119.764 119.227 118.972 119.924 122.407 122.889 123.119 119.859 116.752 116.637 116.494 116.814 117.544 116.492 119.312 121.614 120.699 118.427 114.452 115.067 114.109 113.602 113.579 113.184 112.902 114.927 116.692 113.479 113.579 112.517 114.769 116.147 116.104 116.194 116.157 116.052 115.577 111.847 109.284 111.732 111.582 111.417 109.779 111.052 109.637 110.209 108.824 107.519 107.229 105.537 104.839 104.977
137.634 137.414 137.022 137.737 134.659 125.217 123.454 123.372 123.239 123.162 123.479 125.639 125.642 124.124 120.784 120.417 119.902 118.984 120.542 122.404 122.994 123.124 118.479 116.742 116.647 116.609 117.369 117.759 116.814 120.532 123.242 123.257 122.674 120.847 121.257 114.974 114.172 113.837 113.082 112.979 113.582 113.132 112.702 113.724 111.617 112.114 112.607 113.462 112.787 112.682 111.649 112.272 110.639 108.902 111.569 112.942 112.764 109.599 109.817 112.019 109.647 109.142 109.194 106.377 105.289 104.759 104.714
137.744 137.549 137.042 137.834 135.684 124.652 123.454 123.379 123.757 124.837 123.697 126.554 127.304 125.227 123.144 123.144 123.297 122.349 121.179 122.859 122.994 123.202 119.664 116.749 116.637 116.589 116.739 117.569 116.592 121.277 122.812 123.269 122.937 122.259 122.302 121.054 120.687 120.494 116.524 116.332 114.787 112.797 112.999 112.357 111.627 111.694 111.157 110.952 111.757 111.229 110.047 111.009 109.504 108.504 111.399 112.397 112.942 110.884 112.512 111.167 110.537 107.927 107.999 108.662 108.064 106.522 104.889
138.244 138.499 138.717 138.269 132.602 126.422 124.629 124.582 126.274 124.807 124.217 125.959 125.642 124.074 122.819 122.882 122.882 123.064 123.472 123.464 120.664 117.179 116.954 116.769 116.587 116.574 118.227 117.084 116.652 121.547 122.122 122.169 122.282 121.874 122.069 121.492 121.344 121.419 120.719 120.657 120.387 118.684 118.674 118.247 118.182 117.567 116.782 116.084 116.759 115.794 114.872 115.049 109.124 108.737 110.642 110.767 110.749 110.747 112.387 110.742 111.257 108.402 107.362 108.134 107.599 107.744 105.587
137.637 138.274 137.779 137.334 133.429 126.572 123.897 124.167 123.457 123.559 123.492 123.674 122.059 120.867 122.452 122.877 122.884 122.882 123.177 123.469 121.394 117.597 117.549 117.227 116.587 116.524 118.187 119.437 117.084 119.889 122.124 122.134 121.437 121.164 121.414 120.909 120.892 120.992 120.612 120.649 120.422 119.994 119.997 119.847 119.679 119.627 119.079 118.527 118.574 117.922 117.622 116.449 109.384 109.814 109.809 110.804 110.769 110.777 109.704 111.534 110.947 110.529 107.204 107.514 107.454 107.197 105.534
137.769 137.874 137.879 137.719 134.792 126.857 125.484 123.549 124.017 123.984 123.527 122.442 120.789 120.489 120.362 119.532 120.699 122.864 123.142 123.452 121.269 118.389 118.719 117.967 116.577 116.452 117.399 116.367 116.957 118.229 118.642 116.917 120.717 121.069 121.092 120.192 120.164 120.019 119.767 120.009 120.389 119.437 119.749 119.404 118.912 119.447 118.617 118.229 118.562 117.219 117.372 117.529 109.377 111.644 110.857 111.154 111.092 110.917 109.257 107.864 109.542 109.322 107.007 107.352 107.584 107.019 107.457
137.684 137.167 136.499 128.262 127.724 124.932 124.337 123.527 123.782 124.149 123.692 123.269 121.514 120.739 119.912 119.592 119.479 122.519 123.004 123.454 121.932 118.964 118.924 118.187 116.564 116.412 116.297 116.314 117.352 117.874 116.982 115.987 117.534 116.574 115.374 119.209 119.632 120.039 119.569 119.504 119.347 118.829 118.809 118.454 118.199 118.219 117.544 117.392 117.382 116.647 116.402 116.594 111.107 110.632 112.144 112.284 112.167 111.279 108.827 107.744 108.197 109.612 108.024 108.982 107.419 106.134 105.469
133.449 133.762 132.882 124.329 123.789 123.692 123.567 123.469 123.544 123.969 123.812 123.104 123.592 122.282 120.919 121.157 120.602 122.912 123.087 123.464 121.567 118.802 118.334 117.329 116.582 116.382 116.217 116.112 117.127 117.499 115.339 114.959 115.422 115.192 113.877 115.184 114.192 114.282 117.814 117.424 118.407 118.852 118.817 118.619 118.214 118.189 117.624 117.374 117.442 116.724 116.444 115.539 110.182 109.314 110.537 111.674 112.194 110.682 108.854 107.729 107.689 108.862 108.809 108.087 106.822 105.009 104.237
125.349 129.379 128.994 124.784 124.882 125.454 124.702 123.902 123.222 121.892 120.964 120.709 121.404 120.622 120.317 119.677 119.224 119.132 119.517 118.622 117.859 118.134 117.612 116.804 116.547 116.309 116.092 115.892 115.827 115.779 115.134 114.629 114.664 114.754 114.352 114.674 112.727 113.459 114.299 113.619 113.527 114.142 112.494 113.802 113.639 111.879 113.744 112.507 112.522 112.799 112.857 111.952 109.642 109.522 109.109 111.127 112.072 109.474 107.784 107.664 107.522 108.869 109.309 107.342 105.969 104.634 104.097
124.099 123.857 123.784 124.527 124.114 123.389 122.562 122.254 121.674 121.282 120.944 120.609 120.427 120.599 120.107 119.567 119.499 118.697 118.932 118.734 117.869 117.462 117.124 116.827 116.549 116.249 116.009 115.724 115.402 115.067 114.814 114.507 114.637 114.339 113.739 113.817 113.172 112.779 112.752 112.002 113.447 112.244 111.987 111.949 111.849 110.862 110.767 111.994 113.652 111.719 110.694 109.277 110.077 111.222 111.269 111.722 112.022 108.959 108.087 107.759 107.637 108.739 111.589 109.652 108.314 107.099 105.347
124.022 124.257 123.969 123.744 123.902 123.032 122.272 122.469 122.147 121.197 120.839 120.539 120.309 120.519 119.934 119.319 118.967 118.609 118.564 118.497 117.767 117.397 117.114 116.792 116.507 116.222 115.919 115.572 115.279 114.967 114.659 114.329 114.032 113.727 113.482 113.299 112.909 112.727 112.907 112.109 112.614 111.909 111.112 111.147 111.104 110.412 110.137 111.052 112.269 110.114 109.439 109.427 110.124 110.552 110.597 111.804 112.069 111.594 111.387 109.654 107.957 109.919 116.739 117.252 113.267 110.139 109.634
123.872 123.704 123.377 123.067 122.774 122.512 122.129 121.797 121.457 121.167 120.822 120.492 120.177 119.819 119.532 119.207 118.889 118.619 118.342 117.959 117.672 117.364 117.072 116.747 116.449 116.142 115.834 115.519 115.224 114.957 114.614 114.262 113.974 113.642 113.337 113.017 112.729 112.449 112.507 111.897 111.747 111.527 110.967 110.857 111.037 110.172 110.102 110.459 109.602 109.339 108.779 109.512 108.882 108.627 109.104 111.729 111.922 112.109 112.179 110.407 108.224 108.162 116.549 118.982 116.862 110.844 111.244
123.857 123.649 123.387 123.102 124.117 124.129 123.684 122.579 121.369 121.084 121.124 121.189 120.507 120.637 120.319 119.144 118.874 118.897 119.327 118.724 117.627 117.289 117.099 117.702 116.934 116.132 115.799 115.484 115.187 115.384 114.997 114.224 113.929 113.592 113.282 112.982 112.644 112.329 112.027 111.709 111.377 111.059 110.807 110.544 110.299 110.052 109.767 109.507 109.204 108.937 108.677 109.087 109.064 108.664 109.437 110.832 110.874 108.957 108.762 109.222 107.299 106.882 109.352 111.637 111.624 109.377 108.514
123.814 123.639 123.912 124.844 123.682 126.732 124.002 121.679 121.312 121.014 120.867 120.667 120.199 119.797 119.499 119.119 118.914 119.017 118.824 118.597 118.389 117.954 117.777 117.329 117.314 116.817 116.547 115.762 115.474 115.422 114.999 114.209 113.819 113.492 113.622 113.297 112.587 112.224 111.927 111.594 111.287 111.032 110.752 110.537 110.342 110.109 109.869 109.569 109.277 108.954 108.637 108.377 108.279 108.334 110.042 110.767 110.759 107.307 106.662 106.517 106.369 106.624 108.989 110.834 110.032 106.322 107.502
124.842 125.092 123.744 124.054 123.484 123.899 124.027 122.199 121.419 121.357 121.752 123.307 122.577 122.154 122.202 119.654 119.484 119.079 121.384 121.099 121.339 121.009 121.187 120.994 119.304 117.779 117.349 117.287 116.887 116.547 115.812 115.474 114.822 114.254 114.467 113.534 112.767 112.972 112.217 111.477 111.152 110.899 110.697 110.489 110.314 110.157 109.989 109.712 109.337 108.972 108.639 108.579 108.662 108.707 108.712 110.569 110.222 107.244 107.809 106.519 106.372 107.312 116.719 112.634 114.734 112.107 113.059
135.637 135.854 125.994 121.982 122.752 122.602 122.309 121.939 121.849 122.819 122.359 122.869 123.574 123.302 122.439 118.917 118.527 118.647 121.047 126.992 127.014 126.984 126.989 126.767 119.897 118.502 118.589 117.167 117.059 118.112 115.832 116.067 115.884 115.437 114.902 113.784 112.422 112.147 111.902 111.339 111.004 110.752 110.612 110.419 110.289 110.162 110.217 110.964 111.839 111.907 111.822 111.667 111.504 111.674 111.814 110.259 108.292 107.417 107.754 109.242 110.322 108.604 108.404 112.802 112.307 113.417 106.967
136.542 136.604 123.712 121.704 122.017 122.082 122.072 121.622 122.372 122.847 122.032 121.742 122.442 122.679 122.527 119.644 118.354 118.332 122.579 127.007 127.164 127.539 127.214 127.239 121.984 122.569 119.104 117.389 117.334 117.134 115.554 116.362 115.792 115.804 115.859 113.812 113.032 112.397 111.824 111.344 110.952 110.619 110.469 110.339 110.279 110.164 110.179 111.492 112.917 112.877 112.847 112.852 112.889 112.899 112.907 110.799 107.524 106.734 107.692 107.344 109.962 110.052 110.374 110.732 105.689 110.264 111.427
136.557 136.529 124.532 122.627 122.662 122.709 122.792 122.317 123.017 123.664 123.744 123.414 121.737 121.937 121.659 118.559 118.424 119.057 123.509 127.214 127.247 127.452 127.002 126.832 125.362 124.214 120.227 117.687 117.132 116.474 115.987 115.822 115.984 115.807 115.719 114.809 114.154 113.844 113.032 112.682 111.769 110.549 110.364 110.239 110.192 110.459 110.172 112.007 112.999 112.052 111.532 111.754 112.337 112.907 112.907 110.377 107.132 108.842 108.989 108.257 106.374 106.687 108.424 107.972 109.892 109.384 105.172
136.187 135.714 124.812 122.552 121.942 121.807 121.762 121.534 121.294 121.777 121.412 121.592 120.292 120.174 120.957 118.404 118.102 118.627 124.634 127.009 127.029 127.024 127.007 126.484 120.412 119.439 116.942 118.944 117.892 116.347 115.674 115.824 115.792 115.969 115.747 115.432 115.447 115.472 116.144 116.149 113.854 110.897 110.262 110.122 110.234 111.424 110.164 112.049 112.867 112.082 110.117 110.059 111.624 112.922 112.899 109.357 107.394 106.669 106.424 107.277 108.512 107.979 108.702 106.257 105.972 109.692 105.622
136.047 134.852 123.369 122.997 121.237 121.749 122.129 121.757 121.227 121.589 121.002 120.724 120.987 119.982 121.277 120.139 119.484 118.387 123.662 125.564 125.532 125.449 125.739 125.842 117.157 116.912 116.674 116.312 115.724 115.419 115.222 115.372 116.344 116.139 115.687 115.492 115.459 115.504 115.999 116.132 113.774 110.657 110.099 109.977 110.092 110.917 110.044 111.884 112.864 111.679 110.289 110.282 112.067 112.877 112.802 108.749 107.584 106.512 107.519 109.877 108.382 104.852 106.154 104.834 105.789 105.032 105.772
136.104 134.599 124.202 123.739 121.257 121.442 121.444 121.252 122.104 124.614 120.674 121.152 120.572 119.347 119.329 120.759 120.939 119.334 118.057 118.017 119.302 119.767 117.802 117.677 117.722 117.532 116.759 116.074 115.559 115.119 114.644 116.032 118.099 116.662 114.047 112.092 112.612 115.194 115.792 116.127 114.137 110.777 109.959 109.824 109.824 109.837 109.842 111.959 112.902 111.537 112.209 112.057 112.647 112.874 112.927 109.402 107.452 106.824 109.384 110.417 107.662 104.737 104.657 105.292 105.497 105.332 107.147
134.439 129.879 122.797 122.462 121.732 121.804 121.359 121.239 121.199 120.954 120.714 120.592 121.084 120.274 118.964 120.982 120.957 119.999 117.944 117.922 117.669 117.712 117.817 117.664 117.794 116.984 116.514 116.272 116.127 115.217 114.762 114.782 119.137 120.412 112.884 111.907 112.579 115.482 115.794 116.102 113.282 109.924 109.749 109.679 109.684 110.202 109.707 110.387 112.437 111.867 112.294 112.477 112.534 112.694 112.844 108.582 108.687 107.069 107.654 110.239 106.702 104.592 104.702 105.462 105.252 106.104 108.119
132.042 127.227 121.389 121.154 121.112 121.007 121.004 120.744 120.604 120.769 120.684 119.984 120.289 118.862 119.662 121.059 120.957 119.434 118.219 118.247 117.654 117.627 117.949 117.612 117.889 117.034 118.122 118.659 116.897 115.084 114.422 114.952 121.229 126.479 116.007 111.959 112.749 115.172 115.942 116.134 112.819 109.732 109.574 109.522 109.517 110.557 109.809 109.347 111.737 111.879 111.869 111.867 111.892 111.827 111.727 108.162 108.927 108.024 109.167 110.094 105.579 104.479 106.614 105.024 104.629 108.162 111.057
132.317 126.349 121.514 121.304 121.204 121.089 120.777 120.449 120.294 120.179 120.054 119.562 119.869 119.067 119.194 120.809 121.164 118.589 117.629 117.642 117.872 117.779 117.892 117.897 117.464 117.104 116.062 115.749 115.617 114.184 113.902 114.324 118.214 122.289 115.484 113.027 112.679 115.282 115.957 116.127 114.134 109.657 109.469 109.347 109.347 109.864 109.669 110.027 111.957 111.847 111.787 111.484 111.914 111.867 111.662 108.617 108.497 107.627 108.769 109.529 104.767 105.632 107.414 109.229 104.769 103.719 109.534
132.112 125.022 121.324 121.059 121.892 121.399 120.879 120.432 120.317 120.339 120.667 120.509 120.767 119.244 118.862 121.082 121.087 119.079 117.587 118.414 118.032 117.844 118.394 118.064 117.377 116.492 115.589 115.349 116.194 115.862 113.579 113.699 114.179 112.747 112.544 114.379 114.609 114.722 115.222 115.494 115.482 111.492 109.904 109.187 109.189 109.737 109.699 109.672 111.569 111.692 109.379 108.929 108.994 111.714 111.892 108.874 106.679 107.362 107.907 108.352 106.077 104.689 109.712 107.849 108.872 103.987 104.744
