LIDAR-DSM-2M-TQ28ne/tq2885_DSM_2M.asc
ncols 500
nrows 500
xllcorner    528000
yllcorner    185000
cellsize     2
NODATA_value -9999
[rows 448 to 479 of 500, columns 72 to 143 of 500]
41.822 41.795 41.765 41.727 41.765 41.73 41.697 41.65 41.615 41.607 41.652 41.672 41.63 42.282 42.902 48.117 48.117 44.232 46.312 47.292 53.507 49.172 45.607 44.672 41.41 48.177 47.382 41.7 42.55 40.675 40.815 42.215 43.095 44.427 46.84 51.445 53.64 50.227 40.69 40.682 44.66 44.225 44.255 46.217 47.85 45.07 46.777 48.365 44.362 42.732 40.517 41.75 42.562 42.642 42.67 42.717 42.805 42.385 41.967 42.932 41.987 39.55 39.055 39.09 39.097 39.077 39.432 39.215 39.847 45.565 40.79 39.027
41.745 41.777 41.76 41.785 41.707 41.695 41.705 41.667 41.572 41.625 41.54 43.645 45.057 44.597 48.26 47.605 46.89 47.745 48.07 50.332 51.475 48.287 51.252 46.975 45.297 44.382 41.867 40.67 40.922 41.605 42.757 44.672 47.182 50.85 53.637 53.562 53.535 51.847 42.46 41.08 41.917 45.595 44.502 47.082 49.295 46.157 45.08 45.472 43.335 39.767 42.635 42.582 42.595 42.645 42.775 43.055 43.687 42.06 42.992 44.287 42.79 40.992 39.097 39.075 39.067 39.062 39.14 39.21 39.04 39.86 38.99 38.907
41.705 41.75 41.745 41.69 41.757 41.61 41.61 42.102 41.567 42.385 45.947 42.18 45.975 48.295 47.492 48.627 48.852 45.66 48.917 50.782 51.815 47.67 47.402 49.017 49.132 47.562 46.537 41.922 42.857 43.802 46.575 50.99 53.352 53.582 53.85 54.207 53.485 53.51 49.29 40.662 40.655 42.11 45.382 45.8 45.347 42.04 43.855 48.087 41.965 40.46 42.25 42.582 42.637 42.792 42.422 42.955 44.977 45.887 42.22 43.992 45.335 43.36 39.275 39.032 39.052 39.065 39.01 39.01 39.012 38.972 38.915 38.922
41.71 41.787 41.715 41.735 41.627 41.68 41.66 45.287 41.615 45.48 45.127 42.61 45.575 51.522 49.127 45.455 47.032 51.017 45.817 44.75 49.547 46.485 50.165 46.655 45.575 42.17 45.087 43.972 47.32 50.342 52.53 53.605 53.572 53.542 54.787 55.6 53.875 53.505 53.77 45.035 40.575 44.497 47.265 44.087 46.795 44.737 44.03 46.04 44.275 39.462 40.975 42.642 42.752 42.682 42.912 43.042 45.967 47.235 45.787 45.457 48.527 48.845 40.335 39.037 39.01 39.05 39.012 38.957 38.995 38.965 38.925 38.927
41.707 41.765 41.715 41.677 41.715 41.61 45.99 46.592 45.582 45.59 46.445 46.975 48.32 45.965 46.232 45.19 45.84 47.5 46.54 44.422 45.51 45.96 43.177 42.205 41.972 44.84 46.305 50.407 53.702 53.715 53.667 53.57 53.507 53.49 53.747 55.517 54.717 53.52 53.765 49.292 40.662 42.59 44.49 42.902 46.162 45 44.107 43.762 46.352 39.472 39.942 41.89 42.61 42.502 44.442 45.307 44.415 46.92 48.78 50.02 48.927 49.045 47.765 39.087 39.125 39.012 38.987 38.925 38.96 38.955 38.96 38.92
41.682 41.667 41.845 43.065 44.447 48.07 47.987 49.117 49.107 44.105 46.177 47.897 46.45 48.46 46.942 46.362 47.745 45.41 45.14 43.102 43.097 46.31 43.06 44.385 47.305 50.69 53.602 53.587 53.617 54.482 53.54 53.495 53.475 53.48 53.517 53.702 53.712 53.322 51.772 51.18 44.93 43.107 44.77 45.1 41.757 40.85 41.635 42.042 39.935 41.887 43.02 41.192 42.31 42.375 43.96 46.552 45.977 47.82 50.882 51.235 49.895 48.832 49.097 43.22 39.562 38.972 38.955 38.962 38.942 38.907 38.9 38.882
41.672 41.665 41.732 44.71 48.522 45.925 49.29 49.752 50.135 47.645 47.25 46.997 43.02 51.342 49.437 47.222 45.682 44.06 43.19 42.14 42.747 43.482 46.057 50.772 52.382 53.625 53.567 53.542 53.93 55.567 54.672 53.545 53.622 53.632 53.567 53.145 52.182 51.087 50.927 50.312 45.557 40.857 42.945 45.747 42.407 41.637 39.477 39.497 42.69 46.415 44.515 43.015 41.92 42.022 41.075 46.587 48.93 51.115 51.275 51.262 51.487 49.775 46.767 41.75 39.082 39.005 38.975 38.937 38.925 38.885 38.855 38.917
41.697 43.28 44.837 49.942 46.877 47.125 46.36 45.222 48.212 48.112 47.13 47.645 44.695 45.117 47.837 43.032 43.402 42.01 42.977 44.457 46.502 50.362 53.067 53.582 53.587 53.597 53.552 53.51 53.472 54.64 55.17 53.602 53.575 53.555 52.33 51 51.07 50.447 47.07 45.965 46.03 43.735 40.37 39.912 39.54 39.53 39.477 43.03 46.802 47.27 48.662 45.955 43.647 44.747 43.55 47.93 48.992 49.812 51.487 51.25 51.062 48.205 40.865 39.49 39.265 39.002 38.952 38.962 38.877 38.847 38.952 39.007
45.885 43.765 43.742 48.14 50.057 46.925 48.69 46.39 50.427 48.85 48.502 42.192 43.445 43.097 41.947 44.44 43.28 44.185 47.752 49.742 51.715 53.592 53.532 53.547 53.52 53.567 53.547 53.62 53.512 53.51 53.602 53.525 52.142 52.01 51.922 49.77 48.652 45.827 45.93 45.862 46.005 45.622 42.057 39.852 39.642 39.537 39.477 40.077 46.34 50.997 52.577 51.242 48.252 51.34 47.9 49.355 48.827 49.112 50.325 51.067 45.82 40.382 39.027 39.62 39.395 38.972 38.952 38.882 38.837 38.95 39.585 43.3
47.525 42.262 43.942 45.465 47.782 45.325 47.61 48.025 46.48 50.27 49.34 41.775 41.905 42.02 42.48 43.28 45.857 49.17 51.52 53.597 53.542 53.515 53.612 53.487 53.497 52.962 53.572 53.6 53.56 53.515 51.987 51.775 50.927 50.715 49.282 46.642 46.027 45.725 45.572 45.597 46.06 45.807 43.782 39.88 39.617 39.527 39.487 39.397 42.225 51.525 52.547 52.575 52.567 52.457 52.63 51.27 49.265 48.772 47.432 45.115 40.032 39.145 39.157 38.962 38.995 39.015 38.94 38.872 38.952 39.74 45.327 49.397
46.887 44.722 43.7 45.542 43.605 48.79 44.735 46.877 48.187 49.14 41.872 42.082 42.4 42.682 43.982 48.567 51.917 53.567 54.147 54.29 53.022 53.505 53.645 53.67 53.51 53.552 53.617 53.562 52.577 51.267 50.932 50.99 48.317 46.002 46.102 45.767 45.737 45.907 45.94 46.342 46.01 45.32 40.997 41.227 39.587 39.545 39.532 39.435 39.372 45.927 52.035 52.57 52.59 52.615 52.59 52.597 50.87 49.12 42.647 39.09 39.047 39.23 39.587 39.002 38.987 38.935 38.925 38.94 39.452 44.667 48.795 48.937
45.537 46 46.79 46.072 44.005 46.092 45.9 46.802 45.495 44.405 42.21 42.615 45.272 48.587 52.102 53.677 53.545 53.54 54.235 55.617 54.02 53.542 53.522 53.61 53.575 53.36 52.245 51.227 51.242 50.91 45.99 41.902 44.282 45.895 45.645 45.617 45.83 45.995 45.775 44.767 43.11 40.872 41.275 42.982 41.845 39.517 39.477 39.455 39.372 39.317 45.827 52.235 52.55 52.565 52.555 52.507 50.075 41.047 39.112 39.002 39.01 39.167 39.07 38.99 38.935 38.942 38.997 39.022 45.375 49.112 49.347 48.66
45.922 44.842 47.732 47.89 45.247 45.237 44.492 44.247 42.567 43.84 45.112 47.172 50.375 53.58 53.53 53.54 53.515 53.525 53.54 54.942 54.252 53.567 53.577 53.555 52.372 51.042 50.957 50.052 45.36 41.127 41.632 42.32 44.635 45.647 45.657 45.61 45.56 45.71 42.777 41.577 41.352 41.202 41.255 46.465 46.345 42.812 39.462 39.45 39.402 39.317 39.415 48.617 52.247 52.517 52.46 51.397 43.175 39.125 39.217 39.047 39.007 39.02 38.972 38.912 38.98 39.007 40.285 45.12 48.525 47.86 49.052 49.205
46.79 41.787 43.102 41.892 42.207 41.97 42.435 43.74 45.92 48.152 51.565 52.697 54.282 53.555 53.505 53.667 53.91 53.5 53.502 53.632 53.657 53.43 52.49 51.342 51.355 50.142 47.382 44.227 42.167 42.422 42.552 42.962 43.577 45.565 45.6 45.76 45.102 43.797 41.142 42.247 41.025 40.95 41.575 45.89 47.375 45.97 39.452 39.402 39.392 39.352 39.29 39.305 49.18 52.055 48.375 42.677 39.157 39.095 39.33 39.067 39.04 38.987 38.962 38.992 39.287 40.902 46.56 49.185 48.937 48.575 48.48 48.96
42.987 41.827 41.862 43.22 42.107 43.177 44.412 50.007 52.702 53.28 53.56 54.155 55.63 54.135 53.51 53.48 53.74 53.517 53.54 53.585 52.455 51.935 51.185 50.987 46.885 44.03 42.145 41.485 41.01 41.712 42.005 42.037 42.695 43.205 44.897 44.402 43.93 43.975 41.805 42.167 42.397 42.702 43.77 44.307 44.55 41.552 39.72 39.397 39.38 39.352 39.3 39.235 40.252 43.167 41.162 39.19 39.125 39.147 39.135 39.087 39.01 38.955 39.03 39.742 39.395 49.022 48.75 48.547 49.285 48.772 48.007 45.28
41.837 41.86 42.312 42.857 45.82 46.152 52.662 53.337 53.582 53.532 53.515 53.26 55.192 54.805 53.52 53.537 53.552 53.447 52.792 52.21 51.167 51.565 49.21 41.895 40.76 40.98 39.952 39.945 40.357 41.112 41.647 41.59 41.747 41.597 42.272 43.877 43.962 43.93 43.255 42.2 42.422 42.24 41.885 42.107 44.745 43.237 40.477 39.392 39.325 39.332 39.29 39.207 39.255 39.205 39.305 39.135 39.157 39.16 39.145 39.097 38.997 39.052 39.445 42.92 47.215 49.09 49.525 48.687 48.645 49.197 44.265 42.157
42.392 42.942 44.917 47.572 50.975 53.547 53.577 53.522 53.625 53.817 53.49 53.48 53.862 53.762 53.59 53.627 52.657 52.142 51.77 50.635 47.917 43.375 40.635 41.072 41.302 41.14 40.547 40.847 40.95 41.037 41.54 41.807 41.292 41.277 41.585 43.152 43.972 44.042 44.11 44.207 43.965 43.682 41.157 41.277 43.262 44.06 44.442 39.382 39.315 39.287 39.282 39.202 39.205 39.197 39.19 39.175 39.182 39.14 39.167 39.087 39.072 39.637 42.547 49.127 48.857 48.495 49.172 49.475 47.837 43.692 41.775 42.152
44.117 47.73 51.307 52.685 53.612 54.977 54.142 53.54 53.465 53.695 53.525 53.53 53.587 53.662 53.34 52.26 51.12 50.99 48.407 43.617 42.882 42.155 40.952 40.917 40.992 41.005 40.987 40.955 41.07 41.292 41.262 41.285 41.267 41.217 41.95 42.73 43.975 43.175 42.835 42.675 43.28 48.395 48.01 42.777 41.16 41.515 43.59 42.262 39.31 39.28 39.262 39.24 39.212 39.23 39.232 39.165 39.195 39.167 39.127 39.105 39.127 42.927 47.812 49.03 49.575 48.735 48.542 48.777 45.517 42.467 41.777 42.082
51.502 52.875 53.54 53.495 53.337 54.945 55.445 53.542 53.495 53.495 53.532 53.607 53 51.78 51.552 51.412 49.235 43.997 42.8 42.48 41.917 41.495 41.03 40.932 40.88 40.89 41.137 41.177 41.4 41.492 41.172 41.24 41.307 41.17 41.57 42.655 42.9 42.422 42.42 44.442 47.26 48.552 49.05 48.485 41.162 42.902 43.585 42.085 39.31 39.28 39.257 39.257 39.242 39.242 39.237 39.22 39.192 39.165 39.115 39.115 39.085 45.512 48.96 48.617 49.13 49.557 47.617 42.67 42.615 42.487 42.365 42.66
53.577 53.485 53.675 53.487 53.265 53.767 54.54 53.782 53.532 53.577 53.305 52.205 51.152 50.142 49.262 45.662 43.127 43.822 42.222 41.552 41.26 41.187 41.365 41.24 41.065 40.927 41.462 41.645 41.447 41.227 41.147 41.225 41.275 41.62 42.07 42.645 42.817 42.68 42.92 46.32 48.585 48.63 49.042 43.395 40.745 43.635 44.722 44.22 41.557 39.252 39.245 39.247 39.255 39.252 39.237 39.172 39.142 39.137 39.082 39.042 39.057 40.755 47.685 48.912 48.627 48.797 43.192 42.19 42.602 42.642 42.475 42.322
53.565 53.492 53.875 53.777 53.442 53.542 53.582 53.612 53.247 51.797 51.16 52.012 49.307 45.76 42.89 42.5 42.53 41.71 41 40.67 41.022 41.242 41.365 41.507 41.372 41.31 41.14 41.085 41.2 41.205 41.172 41.205 41.332 42.122 42.265 42.04 42.957 45.095 44.417 43.272 48.74 48.867 49.042 48.01 42.962 44.482 44.392 43.6 40.167 39.227 39.222 39.257 39.227 39.245 39.19 39.175 39.167 39.095 39.032 39.025 38.962 39.005 41.265 47.807 47.865 44.985 44.835 42.532 42.537 42.652 42.567 42.39
53.24 53.457 53.545 53.557 53.547 53.592 53.272 51.95 51.317 50.902 49.885 46.735 43.755 42.842 43.015 42.027 41.117 40.735 40.495 40.465 40.44 40.422 40.65 41.21 41.32 41.23 41.272 41.345 41.3 41.3 41.27 41.54 41.962 42.162 42.622 41.935 44.43 45.35 45.737 48.05 51.107 50.06 49.322 49.527 45.405 40.875 40.687 39.772 39.15 39.195 39.255 39.257 39.227 39.18 39.157 39.177 39.15 39.035 38.982 38.952 38.897 38.935 39.062 42.852 45.205 45.107 45.195 44.145 42.667 42.637 42.645 42.052
54.425 53.535 53.537 53.577 53.222 51.985 51.007 51.017 50.332 46.73 43.247 43.895 43.207 42.857 42.045 40.912 40.815 41.04 40.4 40.582 40.982 40.435 40.292 40.385 41.087 41.31 41.312 41.302 41.387 41.32 43.3 42.567 42.055 43.457 43.82 42.41 43.1 46.947 50.265 51.337 51.365 51.285 49.982 49.835 43.787 39.997 39.26 39.142 39.09 39.152 39.25 39.21 39.185 39.335 39.162 39.16 39.082 39.067 38.935 38.91 38.86 38.865 38.865 39.872 42.74 45.027 45.09 44.97 43.842 45.565 42.997 41.922
53.61 53.622 53.077 51.887 51.67 51.102 50.625 46.78 43.975 43.165 42.765 42.46 42.397 41.007 40.762 40.66 41.067 40.742 40.435 40.375 40.285 40.197 40.1 40.175 40.395 41.207 41.122 40.987 42.345 44.952 45.837 43.925 42.047 43.107 45.112 44.565 43.687 49.892 51.357 51.425 48.497 51.23 49.615 44.39 39.532 39.297 39.107 39.15 39.192 39.172 39.142 39.182 39.19 39.187 39.142 39.145 39.08 39.015 38.932 38.835 38.82 38.76 38.775 38.742 41.662 43.947 45.142 45.377 49.33 50.63 45.612 41.977
53.387 52.675 51.042 50.995 49.982 45.927 43.775 42.915 41.377 42.895 42.162 41.065 44.017 41.205 40.662 40.637 40.575 40.52 40.44 40.332 40.26 40.165 40.075 40.045 40.102 40.72 41.06 42.86 45.357 45.795 45.63 43.95 42.53 46.345 48.215 49.997 51.005 51.367 51.345 51.367 51.297 49.287 43.655 39.342 39.372 39.937 39.162 39.172 39.167 39.135 39.12 39.24 39.17 39.762 45.28 44.03 39.117 38.995 38.892 38.835 38.772 38.702 38.69 38.67 39.187 42.485 45.027 48.947 50.542 50.607 50.675 42.33
51.097 51 50.255 46.285 44.65 43.47 40.947 41.307 40.907 41.09 41.06 41.047 40.832 40.747 40.705 40.692 40.542 40.5 40.432 40.317 40.207 40.162 40.09 40.082 40.145 40.61 44.735 45.772 45.772 44.775 43.442 42.82 42.565 45.612 48.795 51.265 51.255 51.332 51.377 51.255 48.632 42.53 39.765 39.23 39.792 39.555 39.215 39.17 39.132 39.165 39.22 39.197 39.4 43.677 49.017 49.44 43.242 39.862 39.13 38.835 38.707 38.662 38.65 38.607 38.572 39.997 42.53 48.16 50.337 50.592 50.637 48.415
50.67 47.06 43.442 43.24 43.222 42.557 40.9 40.932 40.972 41.012 40.98 40.955 40.897 40.842 40.725 40.73 40.695 40.752 43.05 40.37 40.235 40.075 40.042 40.042 40.357 39.987 43.6 45.817 44.33 42.852 44.377 45.5 42.957 46.637 48.66 50.437 51.322 51.267 51.255 47.752 42.682 39.617 39.212 39.182 39.205 39.202 39.18 39.142 39.197 39.222 39.222 40.02 44.635 48.9 49.302 48.915 49.52 43.582 41.15 38.747 38.692 38.635 38.615 38.515 38.457 38.5 38.59 43.305 48.817 50.537 50.615 50.53
43.935 43.362 42.537 42.36 42.285 41.627 40.997 41.002 41.022 41.022 41.032 40.937 40.885 40.822 40.792 40.987 44.782 49.617 51.507 43.147 40.16 40.062 39.98 39.947 40.12 39.84 40.565 45.372 43.862 45.797 48.822 48.885 44.017 47.375 48.635 48.965 51.062 50.862 45.477 41.317 39.405 39.47 39.21 39.242 39.21 39.177 39.147 39.187 39.217 39.295 40.187 46.93 48.84 49.125 49.835 49.177 48.942 45.837 41.512 39.717 38.627 39.032 38.657 38.502 38.382 38.362 38.425 39.06 47.607 50.067 49.99 49.39
42.695 42.355 41.6 41.332 41.155 41.087 41.052 41.047 41 41.002 40.977 40.97 41.292 41.125 40.877 47.74 52.367 52.27 52.24 48.08 41.25 40.062 39.905 39.935 39.88 40.452 39.847 40.982 44.617 48.665 48.78 48.725 48.607 48.767 49.087 48.492 49.345 46.182 40.535 41.265 39.995 39.762 39.212 39.255 39.185 39.157 39.212 39.247 39.277 41.4 45.327 51.102 49.56 48.827 49.285 49.86 48.055 44.24 43.94 41.03 39.47 38.805 39.122 38.485 38.4 38.247 38.295 38.72 42.907 46.897 49.457 49.547
41.905 41.565 41.265 41.597 41.67 41.107 41.07 41.02 40.982 40.94 41.572 41.18 41.607 42.192 45.627 49.902 50.537 52.282 52.27 50.217 45.945 41.415 39.92 39.84 39.865 40.287 40.167 39.825 43 47.247 48.742 48.745 48.75 48.775 49.05 48.707 46.982 41.577 39.305 39.22 39.475 39.242 39.237 39.212 39.19 39.255 39.275 39.345 40.68 47.41 51.375 51.63 51.387 49.577 48.847 46.195 45.5 45.057 45.185 43.105 40.725 38.512 38.537 38.462 38.345 38.217 38.185 38.215 38.247 45.215 48.43 49.66
41.355 41.232 41.395 41.812 41.225 41.102 41.052 41.007 41.277 46.077 44.407 40.965 44.892 48.667 52.012 50.6 52.265 52.167 48.987 45.735 45.77 44.022 39.95 39.822 39.822 39.832 39.97 39.775 40.275 48.477 48.757 48.765 48.772 48.772 48.812 45.815 40.255 39.307 39.255 39.242 39.282 39.267 39.235 39.187 39.265 39.282 39.33 42.202 48.615 49.71 51.14 50.972 51.632 51.255 46.705 43.8 43.895 45.052 45.407 46.54 40.977 38.68 38.637 40.03 38.292 38.207 38.09 38.112 38.132 41.49 47.012 45.06
41.207 41.17 41.15 41.132 41.065 41.065 41.767 40.967 40.932 43.4 45.175 42.175 47.555 51.207 52.275 51.45 52.35 52.355 48.957 45.7 45.735 45.76 42.335 39.807 39.732 39.755 39.807 39.912 39.715 45.58 48.742 48.76 48.745 48.575 45.372 39.38 39.525 39.412 39.217 39.26 39.28 39.192 39.207 39.312 39.322 40.307 42.645 48.037 49.165 48.895 50.08 51.772 50.365 45.135 42.262 41.302 43.56 45.625 48.542 48.467 42.865 39.735 38.595 39.8 39.51 38.22 38.077 38.01 38.035 38.25 39.667 36.832
