LIDAR-DSM-2M-TQ28ne/tq2885_DSM_2M.asc
ncols 500
nrows 500
xllcorner    528000
yllcorner    185000
cellsize     2
NODATA_value -9999
[rows 352 to 383 of 500, columns 72 to 143 of 500]
42.625 42.792 43.32 43.277 44.365 43.362 43.052 43.132 44.82 46.767 47.567 47.24 48.19 48.925 43.262 42.882 45.515 45.287 43.655 42.512 42.41 42.417 45.835 45.12 47.982 45.107 41.785 41.747 43.282 44.15 43.977 44.775 42.225 41.752 41.937 41.237 42.345 44.792 44.86 48.552 46.085 47.837 44.662 45.915 46.85 46.225 43.857 45.27 45.412 45.222 43.087 42.282 43.21 43.552 41.49 41.067 42.492 41.332 44.267 43.635 42.747 40.617 40.242 40.115 40.055 39.977 40.05 40.157 39.84 39.535 39.582 39.817
42.73 42.95 43.252 43.905 45.192 43.17 42.907 43.615 49.475 52.632 51.59 49.767 50.867 50.937 49.062 52.032 50.85 51.427 48.982 44.45 43.52 48.037 48.49 45.89 44.03 47.02 44.055 41.427 42.505 45.845 49.525 50.502 46.052 41.532 42.112 41.257 41.517 46.545 42.895 46.567 46.495 44.872 42.775 44.105 43.725 45.535 42.627 45.755 42.205 41.007 41.26 45.735 45.632 44.452 41.93 41.552 40.632 40.83 46.39 46.22 43.207 42.542 40.552 40.237 40.135 40.045 39.902 39.902 40.2 40.02 39.61 39.515
43.277 42.955 43.29 45.33 48.872 43.622 44.052 50.482 54.76 54.157 51.935 51.09 50.527 49.93 51.205 53.345 53.077 53.57 51.437 46.332 45.235 46.615 48.77 50.082 46.642 48.757 45.702 43.807 47.8 50.522 50.04 49.62 48.227 41.662 41.702 41.522 41.225 41.81 45.065 42.025 43.877 47.35 43.377 44 42.022 46.027 45.255 43.912 41.3 43.367 49.302 50.197 49.247 44.032 44.485 41.872 40.66 41.747 46.252 48.475 48.852 44.82 43.052 40.31 40.247 40.015 40.042 39.847 39.93 40.217 39.45 39.415
42.985 45.495 53.775 69.907 60.915 51.99 46.607 51.245 53.375 54.947 53.492 51.405 50.395 51.685 53.335 55.017 55.14 52.652 50.522 43.01 42.577 46.7 48.917 47.887 46.807 46.237 45.895 47.61 49.635 50.375 50.32 49.575 48.615 44.937 41.615 41.565 41.25 41.215 44.12 45.927 44.785 46.14 46.825 43.435 41.12 41.71 41.477 44.057 47.98 52.845 52.627 51.105 50.155 46.757 42.877 41.712 40.675 40.677 45.482 47.015 46.96 43.325 43.982 40.772 40.835 40.032 39.982 39.97 39.772 40.412 39.52 39.445
46.5 64.44 77.752 72.5 71.495 55.865 48.997 50.105 51.992 53.915 54.795 52.912 52.407 53.975 55.252 54.952 53.387 52.52 47.782 42.635 42.63 44.112 44.415 47.31 47.56 46.332 45.282 43.68 49.047 49.972 50.497 49.94 48.685 47.73 41.292 41.362 41.387 41.267 42.885 46.052 46 44.445 46.782 42.807 41.45 43.582 48.715 52.14 52.62 52.682 52.632 52.44 50.41 49.682 43.405 41.822 40.807 42.73 45.147 46.735 43.717 43.905 42.947 40.572 40.177 40.062 39.965 39.972 39.807 39.955 40.002 39.477
61.472 78.447 78.455 76.06 72.352 70.955 54.517 51.217 50.95 52.382 54.425 54.437 54.532 55.407 54.43 52.785 51.172 51.152 44.302 42.595 42.547 42.432 48.465 44.205 47.045 43.707 42.995 43.66 44.707 49.617 50.355 50.29 49.65 49.252 43.802 41.765 41.68 42.057 45.185 46.925 46.452 43.347 46.1 41.917 42.552 45.102 52.677 52.667 52.595 52.617 52.707 52.765 51.162 50.74 46.9 43.255 41.775 42.447 46.495 45.575 46.575 45.025 40.4 40.297 40.17 40.072 39.985 39.972 39.912 39.727 39.862 39.54
57.18 72.682 78.61 78.865 74.485 69.44 56.132 50.125 50.487 52.037 53.765 55.22 55.265 53.867 52.307 50.662 49.997 51.105 45.635 42.552 42.492 42.417 42.482 42.21 42.135 42.015 43.832 46.702 43.195 46.875 49.997 50.455 50.15 50.36 45.575 41.615 41.735 41.225 43.535 44.715 44.22 45.257 45.335 41.017 42.17 43.047 49.68 52.672 52.61 53.997 54.79 52.887 52.555 50.077 50.06 42.86 41.652 42.667 46.452 45.36 49.285 43.162 40.542 40.275 40.122 40.05 39.955 39.922 39.955 39.78 39.735 40.28
52.342 60.4 76.657 79.332 72.425 56.53 50.252 50.927 52.492 54.087 55.27 54.935 54.875 53.382 51.325 50.37 51.157 50.352 45.615 42.502 42.455 42.35 42.222 42.705 42.52 41.982 42.63 43.817 42.535 45.272 49.595 50.312 48.035 44.185 41.99 41.757 41.17 41.185 42.63 43.777 46.405 43.647 45.852 40.987 42.217 42.545 44.84 52.682 52.667 54.397 53.94 52.99 52.657 51.3 49.99 46.847 43.14 42.375 42.177 46.552 45.477 40.765 40.537 40.522 40.225 40.09 39.945 39.83 39.855 39.827 39.71 39.93
53.91 53.015 62.38 64.242 51.257 51.42 51.8 53.11 54.65 55.362 54.287 52.805 54.04 54.665 52.777 51.222 49.867 44.85 42.94 42.45 42.392 42.977 43.25 44.172 42.787 42.252 43.672 42.027 42.235 42.622 46.417 44.437 42.002 43.317 41.59 41.32 41.185 41.165 41.117 45.672 45.21 45.78 45.67 45.792 45.44 41.63 41.875 50.212 52.69 52.765 52.622 52.627 52.61 52.5 50.847 50.145 44.775 41.84 43.28 44.992 42.955 43.775 40.507 40.547 40.487 40.277 40.175 39.81 39.772 39.8 39.762 39.732
52.37 50.812 51.09 52.835 50.885 52.177 53.692 55.21 55.185 53.63 52.08 50.937 52.42 54.487 54.355 52.222 49.362 42.65 42.417 42.782 47.465 44.077 43.777 43.735 43.375 42.092 43.027 42.137 42.002 41.565 41.355 41.937 41.402 41.72 43.28 41.722 41.2 41.08 41.092 46.3 47.425 43.015 44.022 44.312 46.352 41.022 42.205 42.76 52.707 52.652 52.607 52.562 52.65 52.655 51.412 50.16 47.392 43.302 44.675 42.347 42.997 40.625 40.625 40.485 40.532 40.49 40.097 39.837 39.802 39.797 39.812 39.702
49.885 48.035 50.122 51.615 52.725 54.23 55.415 54.6 53.047 51.43 50.142 50.32 51.502 53.057 54.33 52.802 49.685 42.432 42.35 45.192 47.98 46.565 44.027 43.255 42.52 42.31 44.067 43.227 41.28 41.265 41.275 41.77 41.545 42.04 41.715 41.802 41.812 42.272 41.042 43.342 44.41 46.137 47.765 47.047 46.692 43.485 42.242 43.227 49.412 52.63 52.6 52.745 52.637 52.62 52.467 50.53 50.08 44.942 43.64 41.707 40.697 40.53 40.887 40.507 41.117 40.757 40.05 39.875 39.817 39.787 39.782 39.725
46.6 49.375 54.122 53.315 54.79 55.385 54.12 52.44 50.865 49.942 50.692 50.905 50.027 51.542 51.427 47.992 44.447 42.422 42.355 44.422 45.865 47.635 41.84 41.92 42.307 41.415 43.065 41.25 41.212 41.257 41.335 42.575 47.547 46.275 43.22 42.785 43.13 43.182 43.365 46.17 46.155 45.767 44.487 46.755 46.05 41.84 41.77 42.415 45.027 52.405 52.607 52.607 52.59 52.605 52.682 51.547 50.287 47.825 42.905 41.257 40.927 40.565 40.67 40.865 40.44 40.817 40.23 40.972 39.795 39.82 39.777 39.69
46.282 52.012 53.892 55.257 55.062 53.505 51.85 49.4 48.37 50.657 50.627 47.135 44.322 45.515 46.977 44.84 42.587 42.565 42.262 42.25 42.34 42.585 41.527 41.485 41.397 41.34 41.287 41.275 41.272 41.782 46.072 51.04 53.04 52.162 42.917 42.667 44.775 46.332 43.852 44.515 45.727 44.957 46.305 45.972 46.545 40.86 41.32 42.232 42.95 47.602 52.66 52.625 52.675 52.97 53.175 52.585 50.587 50.025 44.275 41.895 41.192 40.595 40.485 40.797 40.435 40.947 40.332 40.02 39.827 39.792 39.782 39.682
42.957 50.525 55.322 54.455 52.92 51.547 49.472 44.832 45.595 45.89 46.497 43.392 42.5 42.505 42.845 43.032 42.177 41.865 41.805 41.765 42.682 42.447 41.512 41.402 41.312 41.297 41.332 42.475 45.445 50.957 53.235 52.952 53 53.042 48.04 43.33 41.905 46.49 44.037 42.622 44.54 43.127 41.512 43.272 44.48 43.542 42.232 41.885 42.107 43.835 51.25 52.677 53.64 54.75 54.247 52.687 51.207 50.142 47.95 42.327 41.25 41.115 41.322 41.39 41.562 40.327 40.287 40.012 39.807 39.78 39.755 39.717
42.885 44.905 51.752 52.305 53.222 47.77 43.712 42.6 43.387 43.752 42.93 42.637 42.262 42.057 42.04 42.325 41.96 41.77 41.755 41.73 41.637 41.515 42.46 41.35 41.342 42.305 45.195 49.272 52.302 52.965 52.962 52.915 52.995 53.01 52.335 41.867 41.865 41.817 44.737 44.925 44.957 45.172 46.502 45.065 45.85 45.76 41.732 41.042 42.217 42.385 50.047 52.702 52.847 53.59 52.722 52.612 52.53 50.402 49.972 44.105 41.79 41.302 40.782 40.47 43.017 40.512 41.202 40.127 39.802 39.805 39.797 39.797
42.867 42.865 45.17 48.065 43.697 43.737 43.675 43.375 43.33 42.755 42.667 42.152 42.162 42.112 42.032 41.937 41.872 41.76 41.682 42.2 41.582 41.49 41.465 41.447 42.075 43.432 46.485 50.45 51.347 53.022 52.932 53.71 54.7 53.07 53.065 47.845 42.505 42.165 43.602 46.14 45.55 43.347 44.587 45.23 46.817 44.08 42.292 40.967 41.057 41.427 41.992 52.667 52.642 52.622 52.62 52.58 52.632 51.83 50.612 47.395 42.397 41.745 40.682 40.517 42.782 43.457 41.035 40.2 40.007 39.995 40.007 39.907
42.85 42.865 42.935 43.28 43.787 43.112 42.902 42.392 42.337 42.977 43.722 42.2 42.142 42.092 42.057 42.447 42.272 41.742 41.637 41.605 41.855 41.552 41.815 41.735 41.477 42.132 44.402 49.185 50.335 52.215 53.137 54.712 54.837 53.422 53.005 52.015 43.732 42.122 44.707 48.032 46.517 45.282 45.572 46.18 46.647 45.652 42.007 40.95 41.032 41.505 42.275 48.862 52.652 52.595 52.65 52.995 52.932 52.642 50.47 49.977 44.405 42.17 40.947 40.665 42.865 40.555 41.667 40.425 40.17 40.095 40.032 39.907
44.067 44.087 43.437 42.86 43.107 43.362 42.855 42.457 42.51 43.457 44.557 42.615 42.192 42.135 42.032 43.107 41.807 42.262 42.83 42.965 43.125 42.147 41.73 41.492 41.437 42.257 44.74 46.457 50.532 51.682 53.017 53.15 52.945 52.985 53.01 53.012 48.132 43.055 43.312 42.627 44.742 45.925 46.615 46.27 46.562 42.605 41.737 40.952 41.005 41.46 42.147 44.815 51.45 52.61 52.592 52.702 52.565 52.62 51.485 50 47.822 42.75 41.287 40.665 40.745 41.845 41.085 40.54 40.205 40.112 40.157 40.087
45.02 42.97 43.222 43.01 43.34 42.737 42.65 42.545 44.24 44.26 42.752 43.165 42.245 42.097 42.007 41.937 41.867 42.357 43.492 43.897 42.807 42.265 41.91 41.495 41.402 41.882 43.21 44.387 49.617 50.322 52.21 52.972 52.947 52.98 52.985 53.025 52.73 44.557 45.597 46.952 43.24 48.085 43.4 45.577 42.252 41.17 41.2 41.01 40.952 41.152 42.082 42.397 47.35 52.635 52.602 52.587 52.622 52.625 52.7 51.12 50.385 43.425 41.622 40.992 40.557 40.4 40.732 40.36 40.237 40.175 40.395 40.38
43.787 44.455 42.95 42.885 42.827 42.765 42.645 42.562 43.73 44.462 44.167 44.44 42.14 42.077 42.012 42.657 42.242 42.01 41.887 41.8 41.702 41.652 42.547 44.57 41.82 41.355 41.375 42.557 45.52 50.302 50.907 52.89 53.032 53.292 53.065 52.995 53.04 47.757 43.707 46.222 43.135 47.587 46.925 45.917 41.567 41.727 41.18 41.105 40.917 40.977 41.565 42.375 44.927 52.147 52.655 52.62 53.347 54.142 52.735 51.807 50.042 48.165 42.125 43.032 41.315 40.442 40.375 40.635 40.215 40.18 40.382 40.537
42.872 43.222 43.347 42.942 42.825 42.752 42.677 42.57 42.625 45.102 43.892 42.26 42.18 42.11 42.09 42.495 42.275 41.975 41.95 41.95 41.81 41.735 42.042 42.8 41.612 42.082 41.335 41.86 42.317 48.735 50.562 52.01 52.982 53.065 52.952 52.972 53.025 51.887 44.662 42.13 44.512 47.12 47.035 44.5 41.145 43.687 41.272 41.18 40.992 40.937 41.035 42.092 42.117 48.762 52.697 53.047 54.772 54.537 52.83 52.697 50.747 50.017 45.202 42.327 41.882 40.522 40.34 40.545 40.38 40.212 40.637 40.522
42.752 43.215 43.195 43.04 42.942 43.835 43.26 42.595 42.497 42.462 42.375 42.32 42.415 42.817 42.155 42.102 42.055 41.997 41.98 41.927 41.83 41.91 43.615 44.182 43.055 42.322 42.717 44.365 43.632 44.55 50.84 51.255 52.997 52.947 52.945 53.04 53.002 52.91 46.91 42.042 42.947 45.85 46.405 46.077 42.335 42.822 41.242 41.227 41.35 40.922 40.995 41.672 42.092 41.99 52.415 52.677 53.172 52.65 52.74 52.637 51.8 49.995 47.75 42.502 41.252 40.74 40.46 40.447 40.487 40.2 40.315 40.852
42.7 43.157 45.252 43.08 44.497 46.877 43.067 42.485 42.505 42.66 43.18 42.425 42.38 42.522 43.105 42.13 42.087 42.08 42.015 42.835 41.84 42.527 43.935 43.1 44.132 43.88 43.775 45.13 45.912 43.452 48.405 50.357 52.332 53 53.837 54.637 54.075 53.017 51.907 44.16 43.065 42.577 44.375 43.88 43.635 42.947 43.562 41.712 42.525 41.042 41.655 41.957 41.102 41.422 47.597 52.687 52.652 52.622 52.642 52.62 52.525 51.157 49.972 45.375 41.97 42.917 40.965 40.385 40.687 40.205 40.29 40.53
42.625 44.115 45.585 45.182 42.747 44.93 42.542 42.672 44.787 44.895 44.047 42.562 42.312 42.287 42.477 42.847 42.077 42.07 43.057 41.955 44.447 41.777 41.792 42.327 43.322 42.617 42.602 44.9 46.012 45.087 43.965 50.317 51.067 52.995 53.597 54.665 53.662 52.987 53.02 48.155 43.027 43.245 43.062 45.562 44.69 41.14 42.485 44.502 45.282 44.002 44.017 40.95 41.135 41.94 43.552 51.475 52.65 52.597 52.972 52.815 52.627 51.755 50.217 49.022 43.057 42.02 41.4 40.625 40.335 40.492 40.195 40.402
42.61 42.602 42.587 42.53 42.537 42.6 44.235 47.845 49.742 46.712 44.917 43.372 42.802 42.197 43.13 42.532 42.672 42.057 42.77 42.615 45.38 42.707 41.767 43.737 45.215 43.415 42.632 44.065 44.902 44.105 42.91 48.277 50.565 52.235 52.99 52.962 52.937 52.97 52.98 52.887 44.692 42.605 41.567 42.91 43.14 42.117 41.08 45.65 46.83 46.74 46.727 43.202 40.947 41.237 42.642 47.322 52.412 52.607 52.56 52.607 52.632 52.675 50.787 50.012 45.32 41.752 40.94 40.61 40.405 40.685 40.285 40.262
42.637 42.612 42.625 42.65 44.12 48.612 52.86 53.38 51.63 50.837 44.872 43.697 43.77 42.392 42.177 42.7 44.037 42.86 42.202 43.085 43.415 42.21 41.925 42.067 44.3 44.647 42.97 45.945 42.425 43.462 43.187 44.927 50.307 50.475 52.747 52.94 52.955 53.04 52.98 53.04 50.112 42.567 42.267 41.45 41.375 43.962 42.092 42.37 47.162 50.385 48.295 46.412 44.182 41.165 41.89 44.037 50.885 52.607 52.61 52.615 52.642 52.712 51.945 50.595 47.44 42.682 42.142 41.187 40.447 40.305 40.575 40.15
42.652 42.655 43.295 48.73 53.267 54.2 54.085 54.032 52.145 51.375 47.897 43.827 43.197 43.63 42.252 42.257 42.54 42.997 43.22 43.422 43.39 42.022 42.412 43.89 43.607 41.645 42.847 43.28 41.575 41.947 41.877 42.642 47.38 50.335 52.075 53.002 53.242 53.312 52.952 52.995 52.552 44.817 42.677 41.475 41.872 48.457 43.175 46.917 44.7 48.017 51.097 51.115 47.415 44.112 42.412 42.217 48.477 52.685 52.68 53.317 54.41 53.917 52.697 50.742 49.957 45.125 42.1 41.185 40.665 40.722 41.102 40.312
43.052 43.627 51.345 54.102 54.025 54.012 54.002 53.992 53.762 52.245 50.815 44.4 44.995 44.375 43.22 42.172 42.492 42.617 42.335 43.907 42.112 41.942 41.92 43.355 42.965 42.285 41.962 41.56 41.275 41.202 41.427 43.052 44.09 49.895 51.067 53.015 52.957 52.96 52.922 52.962 53.04 50.217 41.9 41.467 41.822 44.602 44.95 44.745 45.175 49.672 48.302 51.762 46.585 41.517 41.457 42.39 44.74 51.925 52.7 53.055 54.512 53.077 52.62 52.422 50.017 47.307 42.367 41.992 41.492 40.84 40.272 40.5
43.395 44.11 48.442 54.07 54.05 54.21 54.862 55.067 54.087 52.447 51.395 48.135 44.19 44.357 44.845 42.565 42.465 42.862 42.315 42.017 42.892 41.98 41.902 41.897 41.887 43.135 42.555 41.622 41.417 41.235 41.227 41.75 42.927 47.387 50.402 52.397 52.987 52.947 53.112 54.005 53.035 52.6 44.182 43.027 48.382 44.642 48.172 48.17 45.105 50.472 53.71 49.232 46.707 45.02 40.915 41.07 41.57 46.29 52.717 52.645 52.605 52.6 52.605 52.657 50.942 50.31 45.425 43.135 41.425 40.57 40.322 40.785
43.6 43.87 43.8 52.385 54.072 54.627 56.097 55.522 54.065 53.517 51.612 49.857 44.51 44.517 45.03 44.212 42.837 43.015 43.792 42.087 41.947 41.907 41.902 41.872 41.902 43.03 42.535 41.607 41.985 41.317 41.28 41.545 42.26 44.085 50.35 50.41 52.997 53.217 54.847 55.057 53.357 53.012 50.675 42.802 47.435 51.542 46.212 49.032 52.43 49.87 47.302 45.835 47.002 42.512 40.877 41.045 41.567 43.302 51.01 52.64 52.59 52.585 52.945 52.772 52.052 50.07 48.827 43.787 41.425 40.732 40.402 40.24
42.625 44.03 43.565 48.33 54.082 54.185 54.477 54.062 54.027 54.035 52.637 51.452 48.145 44.045 43.25 43.3 42.195 42.47 44.225 42.242 41.927 41.912 41.96 41.95 41.965 42.307 41.9 41.572 41.692 41.72 41.407 41.2 41.717 42.84 47.46 50.362 52.142 53.022 53.535 53.325 52.97 52.985 53.025 45.357 45.922 49.817 47.4 43.822 48.09 44.812 47.01 46.665 41.18 40.955 40.825 41.042 42.18 42.19 46.775 52.475 52.615 52.622 52.91 52.632 52.662 50.792 50.027 46 41.902 41.017 40.825 40.302
42.575 42.632 42.827 43.015 51.91 54.06 54.017 54.002 54.045 54.09 53.48 52.262 50.92 43.532 43.097 42.462 42.195 42.155 42.407 42.132 42.002 42.032 42.065 42.07 42.05 42.022 41.975 41.602 41.58 42.055 41.28 41.175 41.45 42.16 44.537 50.305 50.58 52.962 52.952 52.94 52.947 52.965 53.025 50.642 43.355 49.467 43.607 44.05 46.352 49.32 49.222 47.465 41.215 41.075 40.885 40.902 41.302 42.282 43.072 50.69 52.66 52.597 52.575 52.602 52.645 52.13 50.62 49.96 42.982 41.525 40.75 41.255
