LIDAR-DSM-2M-TQ28ne/tq2888_DSM_2M.asc
ncols 500
nrows 500
xllcorner    528000
yllcorner    188000
cellsize     2
NODATA_value -9999
[rows 372 to 402 of 500, columns 0 to 70 of 500]
111.477 113.345 114.137 114.115 113.375 107.022 106.277 107.372 106.945 105.425 105.36 104.73 103.75 103.837 106.972 112.977 113.73 104.85 104.577 106.947 107.54 106.602 106.405 106.497 106.695 107.385 107.852 107.345 107.532 111.3 111.362 113.002 111.822 110.412 114.145 116.847 117.29 114.022 109.012 110.242 109.602 108.085 108.162 110.875 112.877 110.292 108.915 109.785 111.225 111.392 113.587 114.537 112.017 113.445 111.405 109.777 110.23 108.795 108.882 106.932 106.67 106.78 108.442 108.842 108.427 108.825 110.922 110.005 107.715 112.74 113.667
109.27 113.212 113.767 113.835 113.707 109.95 106.717 106.472 106.867 105.77 105.52 105.38 104.175 103.91 104.027 106.642 107.68 104.535 104.472 110.24 108.087 106.695 106.49 106.785 107.28 108.722 108.365 107.147 107.347 113.592 113.005 115.852 113.2 115.56 116.945 117.567 117.657 116.875 112.495 113.657 114.21 108.25 108.132 113.285 115.165 111.667 110.532 110.727 110.122 108.515 108.45 111.635 111.7 107.94 107.9 109.175 111.102 108.957 107.747 107.385 106.835 107.115 109.042 107.475 106.835 108.22 107.225 106.355 106.115 108.55 113.205
108.855 109.885 112.607 114.75 115.852 114.682 108.545 108.08 106.627 106.147 105.657 105.595 105.08 103.967 104.085 104.182 104.195 105.067 105.517 105.047 109.312 106.3 106.59 106.64 106.845 108.827 108.735 107.04 108.405 111.542 111.072 111.29 109.317 114.855 117.382 117.367 116.632 115.215 114.712 114.762 113.335 109.767 108.317 109.54 113.152 112.492 113.92 111.527 113.655 112.212 110.145 108.125 107.975 107.942 107.972 108.662 110.042 108.77 109.732 108.137 109.607 109.005 107.577 106.917 106.875 106.472 106.047 106.177 105.955 106.262 108.635
107.95 111.072 114.587 115.747 116.105 115.625 112.855 107.502 106.707 107.217 106.29 105.752 105.667 104.597 104.15 104.24 104.34 104.862 106.622 104.982 104.852 106.51 107.79 106.862 107.15 107.162 108.347 107.532 109.042 110.817 111.7 109.755 109.357 109.45 116.38 115.167 113.502 111.352 113.532 111.555 109.065 108.645 108.4 109.962 112.567 109.867 117.892 112.507 114.562 110.357 114.56 108.155 108.045 107.945 107.975 107.967 108.37 108.997 109.875 110.465 109.667 108.73 106.755 106.645 106.592 106.587 106.427 106.192 106.545 107.125 106.83
108.072 111.36 112.382 114.662 116.295 116.247 115.367 109.765 107.747 107.885 107.652 106.292 106.082 105.635 104.33 104.332 104.382 104.42 105.605 105.067 104.865 106.157 107.72 107.467 107.357 107.837 109.755 108.015 108.732 108.635 108.587 108.03 108.08 108.05 111.397 112.75 111.245 109.64 109.25 108.687 110.01 110.97 110.452 111.257 115.247 110.015 115.985 115.535 112.507 113.855 114.272 111.205 108.132 108.205 107.932 107.742 107.642 108.117 108.192 109.855 107.382 107.017 106.755 106.675 106.602 108.252 109.377 107.567 107.03 106.582 105.73
106.382 108.62 110.867 113.185 115.307 116.077 115.77 114.25 108.155 106.935 107.477 107.135 106.185 106.575 104.832 104.395 104.47 104.572 104.57 104.61 104.805 105.062 107.337 108.305 108.27 108.775 107.865 107.23 107.342 107.65 108.742 108.032 107.965 108.852 110.12 110.642 110.275 111.057 108.53 108.622 110.997 111.167 111.207 111.177 111.097 110.322 113.52 116.582 115.69 116.54 116.377 112.79 108.152 108.305 107.847 107.647 107.547 107.442 107.79 110.47 111.175 107.102 106.872 106.807 106.852 107.902 107.78 106.26 106.072 106.165 105.827
106.142 108.732 113.28 113.565 114.415 115.66 116.377 115.675 111.307 106.912 107.065 108.082 106.33 106.162 105.957 104.592 104.55 104.627 104.657 104.727 104.73 105.07 105.665 108.95 108.41 107.505 107.672 107.155 107.327 107.485 108.182 109.18 110.31 111.245 109.467 109.17 110.55 108.815 108.34 108.29 109.44 111.157 111.177 111.182 109.085 112.135 111.942 114.202 114.31 118.542 114.855 110.987 108.195 108.155 107.972 107.71 107.54 107.417 107.35 107.897 111.322 110.355 107.66 108.335 107.98 106.66 106.22 106.097 106.245 106.175 107.092
107.355 107.7 111.09 109.742 109.745 114.645 115.882 116.06 115.38 109.497 107.195 107.37 107.422 106.152 106.612 105.55 104.59 104.71 104.802 104.822 104.852 105.032 105.372 108.222 108.04 109.095 107.627 107.14 107.762 108.475 112.77 117.317 114.077 108.352 108.45 109.132 111.517 114.78 116.377 108.545 108.252 110.802 111.167 111.197 110.547 111.847 113.21 113.935 112.62 114.64 114.61 113.175 108.222 108.335 108.475 107.737 107.565 107.482 107.422 108.435 111.772 111.72 111.617 108.972 106.775 106.372 106.212 106.145 107.042 106.67 108.675
106.8 106.185 106.965 108.127 108.462 111.685 115.36 116.177 116.195 114.185 107.89 108.08 107.662 106.257 106.48 106.885 104.912 104.805 104.907 104.945 104.977 104.99 105.262 108.565 109.525 108.387 107.425 107.17 109.1 116.767 119.327 119.532 118.4 110.277 110.337 115.32 121.057 122.402 122.395 114.797 109.062 108.867 111.145 111.187 111.192 109.68 118.587 114.707 110.827 113.02 112.012 110.34 108.23 108.125 108.62 108.385 107.68 107.542 107.49 107.547 110.767 111.577 109.315 106.615 106.427 106.362 106.27 106.315 107.72 107.382 107.967
106.37 107.05 107.802 107.05 108.585 109.372 113.572 115.82 116.155 115.537 113.075 107.17 107.202 106.802 106.32 106.822 106.057 104.845 104.942 105.02 105.097 105.092 105.147 105.527 106.812 111.335 107.872 108.925 111.875 119.56 119.565 119.552 119.552 118.877 119.295 123.645 122.81 122.657 122.345 122.3 111.875 108.267 109.595 111.165 111.142 110.84 110.612 114.22 113.025 111.095 108.557 108.34 108.202 108.082 108.03 109.567 108.025 107.807 107.56 107.462 107.462 110.237 111.232 109.352 106.597 106.427 106.495 106.69 106.945 107.11 106.702
106.712 106.51 106.527 106.527 106.847 108.615 109.92 114.657 115.832 116.08 115.445 110.697 107.197 106.81 106.422 106.537 107.29 105.4 105.012 105.097 105.165 105.187 105.195 105.397 106.002 110.352 109.412 108.17 110.66 117.925 119.552 119.55 119.525 119.952 122.297 123.302 123.085 123.61 122.77 122.367 120.735 109.307 108.312 110.93 111.115 111.152 109.632 109.642 109.502 108.6 108.697 108.38 108.18 108.1 108.107 108.9 109.47 108.277 107.692 107.562 107.5 108.94 111.512 110.317 107.135 107.287 107.66 107.732 106.892 106.522 106.425
107.027 107.16 105.75 106.352 106.63 108.242 109.512 111.16 115.552 116.2 115.802 113.957 108.087 107.327 106.927 106.485 106.63 106.537 105.102 105.152 105.257 105.305 105.327 105.337 106.052 110.185 111.027 109.767 108.242 112.147 118.537 119.57 119.557 121.002 121.68 121.27 122.525 122.872 121.18 120.635 113.67 108.295 108.365 110.212 111.13 111.145 111.165 108.827 108.48 108.515 109.117 110.245 108.327 108.15 108.052 108.492 110.207 111.705 109.34 107.695 108.042 110.59 112.01 111.832 109.952 108.765 108.987 108.242 106.565 106.515 106.435
110.215 108.567 106.512 105.94 106.732 109.547 109.607 109.752 113.982 115.935 116.36 115.957 112.015 107.372 107.167 106.597 106.667 107.65 106.325 105.195 105.332 105.41 105.387 105.43 105.507 108.192 110.97 110.742 109.635 108.167 116.25 119.58 119.845 119.652 119.825 119.545 120.685 119.047 110.982 108.202 108.285 108.415 108.405 109.577 111.08 111.15 111.152 109.98 108.53 108.48 108.657 109.472 108.437 108.237 108.05 108.457 112.62 113.815 112.74 109.767 113.22 115.067 113.982 112.24 110.33 108.68 107.697 106.76 106.57 106.505 106.467
109.37 106.877 106.327 106.035 108.165 107.772 109.362 112.355 114.267 116.332 116.602 115.992 115.412 109.195 107.242 106.797 106.63 106.94 107.062 105.762 105.335 105.445 105.547 105.505 105.52 105.792 109.225 110.812 110.572 108.505 108.707 117.817 119.737 119.595 119.54 119.555 119.555 117.865 109.945 108.245 108.265 108.507 108.365 108.382 108.717 111.152 111.167 111.027 109.155 108.485 108.537 108.847 108.8 108.16 107.975 107.927 111.382 113.807 114.672 114.847 115.465 116.095 116.775 112.36 111.507 107.362 106.635 106.587 106.547 106.492 106.477
108.077 107.61 107.727 107.812 107.302 106.762 108.832 111.557 111.55 111.667 115.335 116.08 115.852 110.482 106.97 106.85 106.765 106.755 107.495 107.005 105.487 105.515 105.615 105.705 105.617 105.617 106.46 109.14 111.09 110.75 108.547 110.202 118.492 119.557 119.565 119.557 119.587 119.65 119.437 110.527 108.27 108.3 108.427 108.477 108.352 109.56 111.142 111.132 110.752 108.522 108.522 108.537 108.837 108.382 107.992 108.115 111.132 114.835 115.795 115.935 116.53 117.117 117.227 116.077 108.495 107.02 106.665 106.602 106.547 106.517 106.522
107.015 107.36 108 106.48 106.607 108.39 109.255 109.9 110.527 111.607 114.265 113.332 108.965 107.74 107.152 107.292 106.887 106.792 106.895 107.78 106.112 105.542 105.675 105.762 105.767 105.762 105.837 108.13 111.67 111.7 110.165 109.022 113.792 119.587 119.587 119.58 119.522 119.532 119.662 118.355 109.745 108.295 108.29 108.31 108.697 109.007 110.777 111.117 111.145 109.462 108.51 108.532 108.755 108.557 108.722 112.842 115.072 116.69 117.13 117.022 117.352 116.967 116.255 115.642 111.667 107.277 106.937 106.62 106.577 106.56 108.045
107.447 106.39 105.532 105.885 107.807 108.197 109.505 110.462 110.34 111.785 111.425 115.502 113.737 110.3 107.617 107.242 106.947 106.87 106.865 106.91 106.937 105.855 105.73 105.795 105.885 105.87 105.877 107.737 112.392 114.15 111.782 110.335 110.19 116.76 119.58 119.587 119.547 119.527 119.557 119.58 116.767 108.262 108.417 108.675 108.727 108.632 109.292 111.137 111.13 110.732 108.63 108.51 108.557 108.8 111.185 116.457 117.145 116.795 117.357 117.17 116.57 116.085 115.502 114.657 112.222 107.935 108.17 106.655 107.192 108.385 107.425
108.162 105.897 105.732 106.88 107.622 106.667 107.522 109.045 108.042 110.187 118.175 121.637 120.545 116.972 111.387 107.135 107.062 107.005 106.935 106.942 107.59 107.205 105.775 105.872 105.975 105.98 105.997 110.465 109.147 111.622 112.835 109.527 109.29 110.42 119.53 119.572 119.555 119.542 119.555 119.887 119.602 115.205 116.407 110.132 108.777 108.717 108.495 110.335 109.642 108.617 109.357 108.495 108.48 109.065 108.977 115.542 117.257 117.297 116.762 116.03 115.975 115.075 111.252 110.472 108.222 107.775 108.907 108.565 108.517 107.025 107.322
108.245 108.105 106.93 105.945 105.625 107.342 108.47 108.61 112.997 116.572 120.255 120.62 119.79 118.312 116.227 107.85 107.117 107.08 107.042 107.027 107.102 107.832 106.422 105.89 105.997 106.11 106.095 111.865 111.42 110.447 116.14 112.252 108.33 108.17 113.472 119.895 119.565 119.57 119.555 119.892 119.707 119.565 119.555 118.412 109.28 109.087 112.542 117.675 109.117 108.567 110.922 111.632 108.45 108.465 108.887 110.722 117.07 116.357 115.675 115.802 113.465 109.41 108.01 107.745 107.687 107.662 109.372 109.305 110.242 107.055 107.402
107.685 107.702 105.895 105.55 107.25 108.797 107.942 108.922 113.405 118.035 118.335 120.005 119.34 117.92 117.702 113.1 107.225 107.122 107.11 107.06 107.102 107.245 107.46 106.167 106.07 106.16 106.182 106.232 111.902 114.015 109.525 114.85 111.56 108.51 108.195 117.15 119.735 119.58 119.545 119.575 119.58 119.615 119.077 116.357 108.432 109.24 118.055 119.537 114.625 115.245 119.085 116.63 108.487 108.432 108.455 108.42 113.947 115.325 114.767 109.682 108.445 108.387 107.912 107.685 107.702 107.387 109.012 110.27 107.525 106.975 106.95
106.91 108.095 107.412 108.955 108.352 109.012 109.78 110.53 110.195 114.625 118.017 118.237 117.945 117.915 117.952 117.402 115.015 108.43 107.22 107.285 107.157 107.22 108.167 107.292 106.122 106.18 106.292 106.317 107.5 111.872 108.667 109.777 112.075 109.632 108.475 109.117 118.462 119.817 119.72 119.562 119.575 119.627 115.27 108.787 107.955 108.275 116.9 119.582 119.6 119.592 119.615 119.597 114.162 108.397 108.385 109.142 109.105 111.617 111.68 107.93 107.837 108.347 108.307 107.702 107.42 107.302 107.18 108.032 107.12 107.05 106.96
106.535 107.92 108.47 109.85 110.59 110.402 110.297 110.402 110.442 109.415 116.472 117.995 117.952 117.965 117.962 117.95 118.135 112.955 108.702 109.135 107.425 109.142 107.32 107.32 106.73 106.227 106.355 106.422 106.455 109.107 112.537 108.797 108.052 108.912 108.677 108.135 111.965 119.59 119.602 119.587 119.61 119.592 119.64 118.227 117.15 115.617 118.707 119.605 119.572 119.585 119.575 119.577 118.475 108.455 108.457 110.06 110.842 109.635 107.965 108.602 109 107.94 107.57 107.5 107.922 107.327 107.26 107.207 107.112 107.25 107.572
106.667 108.532 109.935 110.252 110.312 110.46 110.622 110.272 109.552 106.707 108.885 118.002 117.972 117.945 117.93 117.417 112.6 108.697 108.86 108.812 109.522 109.655 111.11 107.412 107.445 106.54 106.365 106.48 106.567 106.622 106.605 106.947 108.17 109.885 109.135 108.977 108.52 114.925 119.135 119.587 119.612 120.575 122.392 120.55 119.575 119.582 119.572 119.797 120.022 119.637 119.602 119.58 119.61 114.772 108.357 108.94 111.825 111.247 109.137 109.91 108.74 107.662 107.62 107.855 107.9 107.375 107.345 107.22 107.77 107.95 107.11
108.212 110.09 110.172 110.357 110.542 110.712 110.5 110.205 107.605 106.952 106.025 115.157 117.99 117.992 113.25 110.367 108.697 108.022 108.875 108.687 112.335 114.1 114.412 107.827 108.132 107.497 106.457 106.532 106.58 106.675 106.725 106.67 106.852 109.2 112.11 110.79 108.607 108.492 116.385 119.632 119.622 123.562 125.817 120.08 119.602 119.582 119.597 119.707 120.07 119.605 119.595 119.607 119.622 118.705 108.537 108.307 110.587 111.875 109.097 107.865 107.8 108.632 108 107.535 107.457 107.357 107.532 108.112 107.307 107.21 107.472
110.365 110.352 110.565 110.67 110.642 110.612 109.565 107.065 106.94 106.977 106.152 112.287 117.702 111.457 109.272 110.005 107.955 109.577 108.467 108.05 110.3 113.522 111.885 111.362 107.695 107.745 106.922 106.562 106.702 106.737 106.805 106.845 106.83 108 110.98 111.035 109.385 108.385 109.75 118.942 119.63 119.937 119.842 119.567 119.6 119.587 119.585 119.597 120.282 119.765 119.995 118.277 114.352 109.537 108.367 108.215 108.312 109.752 108.117 108.6 107.885 107.807 107.652 107.78 107.477 107.367 107.555 108.552 107.555 107.575 107.445
110.372 110.357 110.56 110.575 110.682 110.615 109.075 106.98 107.01 107 106.817 106.955 110.622 109.21 112.775 110.362 111.645 113.492 109.002 108.02 108.017 108.017 108.262 112.045 109.42 107.802 107.607 106.727 106.68 106.832 106.892 106.977 106.96 107.43 108.12 108.52 110.655 109.435 111.242 113.602 119.94 119.615 119.6 119.63 119.617 119.58 119.607 119.745 118.705 114.96 111.507 108.3 108.487 109.227 109.76 108.137 108.03 107.967 108.18 108.33 107.78 108.327 109.602 110.917 108.152 107.375 107.525 107.667 107.362 107.692 109.872
110.357 109.845 110.202 110.595 110.637 110.662 110.527 107.265 107.147 107.07 107.61 108.902 108.412 111.002 109.72 112.277 111.872 110.737 108.037 108.05 108.055 108.08 108.61 110.257 111.992 107.852 107.652 107.517 106.775 106.852 106.967 107.03 107.035 107.527 107.235 107.412 108.24 110.447 109.78 108.535 112.422 118.83 119.612 119.602 119.617 118.64 118.96 115.632 111.202 108.842 108.757 109.605 109.427 109.262 108.162 108.055 107.995 107.952 107.905 107.965 109.982 110.63 111.415 111.992 110.29 107.697 107.477 107.485 109.292 113.977 116.272
110.485 109.69 107.55 107.142 110.26 110.695 110.655 108.522 107.037 107.407 107.765 109.302 109.547 110.49 109.39 112.327 110.615 112.7 108.13 108.077 108.107 108.057 108.037 109.857 113.45 107.687 107.712 107.99 107.305 106.9 107.005 107.135 107.14 107.157 107.177 107.36 107.502 108.995 107.81 108.025 108.12 109.602 115.702 115.795 113.277 110.04 109.607 108.3 108.965 109.82 109.587 108.97 108.197 108.407 108.985 108.362 108.01 108 107.952 108.367 110.605 111.432 109.26 108.34 108.862 112.87 112.4 110.242 115.975 116.467 116.565
111.952 110.34 108.267 106.185 108.71 110.012 108.517 107.802 110.38 110.452 112.56 111.22 108.93 108.187 110.88 109.365 110.732 110.18 108.127 108.767 111.68 111.195 108.137 107.97 108.732 107.817 107.735 108.112 108.382 107.15 107.07 107.18 107.257 107.242 107.252 107.365 107.392 107.62 108.637 108.69 108.115 108.137 108.17 108.495 108.215 108.547 109.38 109.89 109.215 108.242 108.255 108.582 108.807 108.577 108.38 108.137 108.072 108.065 108.102 108.9 110.202 110.4 113.617 108.052 111.87 112.91 114.507 110.34 115.54 116.872 116.537
113.362 110.995 106.985 106.265 106.735 107.012 110.852 110.467 110.862 113.495 114.512 113.075 110.355 110.697 110.43 110.32 108.83 108.81 110.88 114.827 116.73 116.205 110.53 108.032 107.945 107.902 107.817 107.812 108.047 107.675 107.125 107.207 107.307 107.392 107.365 107.385 107.782 108.137 107.935 109.585 109.502 108.71 111.335 112.617 108.317 108.805 109.032 108.37 108.227 108.617 108.922 108.592 108.175 108.167 108.145 108.152 108.15 108.667 108.662 108.067 108.737 110.202 110.882 113.135 108.285 111.192 110.167 107.627 110.427 117.59 116.802
112.26 107.94 107.05 106.705 107.112 107.242 108.38 109.142 109.347 112.252 114.017 114.265 112.532 112.015 111.377 110.557 109.575 111.882 115.6 117.08 117.512 117.447 116.385 110.88 108.062 108.002 107.947 107.85 107.957 108.4 107.502 107.26 107.375 107.422 107.49 107.5 107.525 107.88 107.837 108.03 108.372 108.435 113.13 114.377 108.377 108.145 108.187 109.197 108.827 108.525 108.252 108.197 108.237 108.212 108.175 108.147 108.092 108.207 112.015 113.847 111.07 109.142 111.28 109.36 108.237 108.262 109.06 110.735 108.39 115.067 116.54
