LIDAR-DSM-2M-TQ28ne/tq2889_DSM_2M.asc
ncols 500
nrows 500
xllcorner    528000
yllcorner    189000
cellsize     2
NODATA_value -9999
[rows 180 to 209 of 500, columns 272 to 339 of 500]
104.829 105.089 104.686 104.659 105.414 105.151 104.874 105.034 104.729 104.714 104.684 104.781 105.071 104.796 104.881 104.946 104.909 104.849 106.739 107.394 113.586 114.424 113.341 107.191 110.719 113.416 115.021 116.066 114.829 114.394 114.594 113.289 111.769 110.609 109.509 107.891 105.521 104.836 104.901 105.154 105.166 105.051 104.929 104.901 105.029 109.096 109.726 108.579 104.929 104.929 104.916 104.904 104.894 107.834 108.526 107.411 105.964 104.959 107.464 108.804 108.826 110.514 109.964 106.601 108.061 109.876 107.664 105.944
105.614 104.744 104.756 104.761 104.694 104.706 105.081 105.639 105.634 105.159 104.626 104.634 104.649 104.756 105.446 105.444 105.174 105.474 105.154 104.816 105.894 110.034 108.031 107.366 113.861 113.736 115.939 115.469 113.884 113.424 114.209 114.184 113.356 113.599 115.216 113.349 107.241 104.899 105.376 106.131 105.151 105.176 105.121 104.961 105.559 106.646 106.809 105.504 104.919 104.901 104.929 106.926 106.006 106.954 106.276 107.144 106.864 104.954 107.024 106.676 112.686 110.701 112.861 109.046 109.581 109.364 109.501 108.604
106.671 106.979 104.706 104.746 104.739 104.719 104.729 104.721 104.664 104.891 104.676 105.459 105.086 104.686 104.606 104.839 104.909 105.269 104.874 104.716 104.774 104.841 105.014 105.946 112.934 115.236 116.011 114.616 113.116 110.186 112.751 114.141 115.559 115.879 114.351 112.474 106.464 105.069 107.414 108.604 106.174 105.419 105.441 105.139 105.376 105.821 104.961 104.931 104.924 104.906 106.729 106.916 107.409 105.386 104.914 104.981 104.931 104.944 104.944 106.754 113.596 112.801 112.141 108.276 108.539 107.729 108.954 109.561
105.866 104.584 104.639 104.684 104.849 104.696 104.744 104.724 104.731 104.719 104.701 104.749 104.789 105.231 105.389 104.646 104.589 104.996 104.566 107.829 105.136 105.531 105.454 105.134 106.674 110.619 114.169 113.874 110.094 107.931 113.299 114.834 115.951 114.956 113.559 109.119 104.836 106.024 108.979 108.984 109.069 106.896 105.456 105.261 105.614 105.099 104.959 104.944 105.111 105.351 105.591 106.641 105.216 104.914 104.894 104.914 104.934 105.104 105.521 110.359 110.181 112.541 109.911 105.236 106.664 111.706 108.704 110.894
106.234 104.599 104.599 104.594 105.149 105.769 105.431 105.624 104.901 104.729 104.751 104.726 104.669 104.659 104.924 104.671 104.501 105.591 107.086 108.096 108.901 105.049 104.946 104.869 104.731 105.054 107.856 110.179 106.346 113.486 114.311 115.096 115.619 113.996 110.311 104.889 106.584 112.596 110.814 110.536 109.179 108.389 107.864 106.164 105.006 104.974 104.989 104.976 105.179 105.296 106.816 107.541 105.299 105.499 105.039 104.931 105.549 107.141 106.421 112.529 114.679 113.106 110.041 106.201 106.939 107.726 109.674 109.144
105.319 104.736 104.736 104.896 104.721 104.709 105.086 106.021 105.746 104.656 104.691 104.671 104.851 104.719 104.674 104.674 104.631 104.554 106.511 109.696 108.386 104.859 104.799 104.769 104.606 104.614 104.781 105.784 105.584 111.194 115.009 116.019 114.871 113.699 106.614 105.669 110.916 113.619 112.636 113.389 111.166 109.579 107.881 106.009 105.451 105.101 105.084 105.281 105.059 105.489 106.854 105.369 104.949 104.914 105.149 104.964 106.609 106.596 107.624 108.356 111.311 109.091 105.516 106.324 105.546 105.374 109.149 109.394
104.961 105.031 105.114 106.304 105.366 105.336 104.744 104.701 104.646 104.584 106.906 108.116 108.806 106.614 104.696 104.704 104.649 104.674 106.649 106.971 108.106 105.961 104.576 104.504 104.526 105.056 105.219 105.141 104.756 105.076 106.749 113.621 113.866 112.849 106.319 110.806 113.201 114.779 115.039 114.084 113.899 112.356 109.266 105.821 104.991 106.894 106.856 105.274 105.154 106.439 106.956 107.364 106.066 105.186 105.034 106.199 107.321 106.309 105.764 105.519 105.804 104.994 104.896 104.856 105.364 105.689 105.339 109.266
104.916 105.644 106.106 105.819 105.066 105.009 105.326 105.499 105.066 105.516 106.236 109.356 109.136 106.356 104.619 104.666 104.714 104.846 104.719 104.666 104.644 105.129 105.371 104.404 104.401 104.631 105.014 104.981 104.939 104.666 104.794 106.639 109.044 106.101 108.829 114.039 113.114 115.839 115.561 114.154 114.241 114.414 112.329 110.359 108.834 108.654 105.579 107.941 105.666 105.436 106.759 108.316 108.219 106.941 105.379 107.221 107.386 107.729 106.784 104.846 105.604 105.299 104.881 104.724 104.974 104.826 108.424 110.276
106.034 105.884 106.284 105.621 105.231 104.931 104.949 105.066 105.706 104.866 106.044 108.141 108.961 104.656 104.596 106.541 109.331 108.604 104.696 104.689 104.666 104.619 104.501 104.739 104.996 104.509 104.436 104.566 105.199 104.606 105.099 105.014 105.871 105.264 110.764 113.886 115.501 116.016 114.516 113.106 113.326 114.139 114.104 113.154 112.571 109.769 109.231 106.686 105.899 109.759 111.019 108.716 108.061 105.776 106.659 106.866 106.471 107.546 105.869 105.526 104.846 104.766 104.769 104.706 104.766 107.381 110.269 110.339
109.366 108.761 107.821 106.106 105.336 105.079 105.089 105.089 105.704 104.919 104.809 104.821 104.714 104.719 104.689 105.844 109.324 107.316 105.689 105.119 104.639 104.644 104.639 104.556 104.586 104.726 105.286 104.509 104.441 105.059 106.581 105.756 105.856 105.259 107.216 111.651 114.101 114.994 113.321 108.481 111.796 113.306 114.646 114.341 114.229 112.506 109.201 105.219 109.421 112.516 114.641 113.394 107.829 106.179 107.009 105.736 106.199 106.861 106.724 105.786 105.604 104.739 104.829 104.874 105.799 109.881 110.226 109.866
113.681 112.689 111.496 110.911 109.504 110.336 110.409 105.906 105.179 105.389 104.884 104.904 104.854 104.894 104.779 106.874 109.401 104.891 104.754 105.269 105.409 106.506 104.599 104.629 104.579 104.544 104.721 104.411 104.354 104.389 104.724 106.269 105.141 105.476 105.064 104.911 107.786 113.861 113.576 107.696 112.441 114.334 115.786 115.276 113.934 112.329 106.626 106.526 111.494 113.974 115.276 114.256 108.776 106.946 106.509 105.034 104.919 105.969 106.109 106.606 105.769 104.729 104.701 105.711 109.326 110.134 109.794 107.964
115.791 114.886 114.796 114.504 113.424 114.136 115.161 110.846 105.431 106.094 105.794 104.964 104.906 105.581 105.386 106.601 107.486 107.371 105.531 105.616 106.626 108.144 109.339 105.086 104.559 104.606 104.591 104.551 104.429 104.391 104.481 104.419 104.669 104.804 105.621 104.631 105.079 109.866 106.639 111.674 114.061 115.446 116.039 114.499 112.886 108.569 108.219 111.494 111.956 113.361 115.364 113.946 110.091 107.399 105.771 104.829 105.259 105.286 105.256 105.691 105.511 104.694 105.189 108.931 110.231 109.824 107.929 106.909
116.001 116.679 116.014 115.859 115.396 114.986 115.031 109.376 106.669 112.804 113.454 109.076 105.779 105.434 105.379 107.314 105.001 105.579 104.956 105.074 107.261 110.479 107.084 105.241 104.806 104.689 104.599 104.556 104.551 104.514 105.186 104.794 104.441 104.469 106.369 105.266 105.329 104.914 105.256 112.056 113.426 115.704 115.061 113.569 108.936 105.864 112.376 113.736 114.179 113.996 114.784 113.006 107.884 105.851 105.044 104.994 105.336 105.174 104.816 105.144 104.744 105.339 108.876 110.091 110.026 109.559 106.969 105.371
114.914 115.526 115.651 115.976 115.996 115.694 112.834 108.321 111.801 115.024 115.036 112.619 109.279 106.601 106.336 106.234 104.891 104.994 104.804 105.089 107.009 107.339 105.284 104.521 105.824 107.144 109.086 105.519 104.584 104.561 104.519 104.434 104.354 105.031 107.161 107.329 105.199 105.036 105.759 107.046 108.154 114.141 113.991 114.591 106.791 111.146 114.409 114.766 114.786 114.231 113.744 112.186 108.636 106.096 106.024 105.794 106.034 105.411 105.061 104.776 104.881 108.774 110.181 110.014 109.884 109.534 106.074 104.616
111.879 113.729 115.159 114.946 114.774 114.486 109.939 106.224 112.796 115.349 114.536 114.509 112.044 110.106 109.511 106.436 104.939 104.964 105.081 104.854 105.089 105.609 105.839 105.291 105.759 108.926 110.174 107.944 105.601 104.541 104.561 104.531 104.481 104.619 106.136 107.191 104.839 105.094 105.179 104.579 104.701 107.734 110.461 106.306 108.449 113.604 114.294 115.796 115.611 114.399 114.076 114.066 112.876 109.276 107.449 105.984 105.311 105.189 104.849 104.719 108.114 110.146 110.086 109.951 109.729 105.796 104.639 105.481
105.454 106.629 109.901 112.951 113.324 113.284 107.491 108.189 113.589 115.751 115.969 115.739 115.189 113.841 112.091 110.379 108.946 108.806 106.764 105.104 104.781 104.754 104.944 105.519 106.811 107.936 107.049 107.019 104.624 104.699 104.539 104.529 104.534 104.511 107.334 106.351 104.311 104.404 105.906 104.524 105.179 105.614 105.094 105.221 108.896 114.004 115.389 116.209 114.674 113.414 113.751 113.629 113.816 112.964 108.889 104.819 106.031 105.914 104.706 107.856 110.089 110.121 109.906 109.844 107.751 104.639 105.214 106.276
105.341 105.319 109.061 110.836 111.964 112.129 105.129 110.386 113.869 114.636 115.441 116.061 115.986 115.854 115.261 114.394 113.264 114.721 114.654 106.101 104.794 104.836 104.824 104.844 104.986 105.791 106.879 104.491 104.424 105.274 106.856 105.049 104.514 104.481 104.436 104.326 104.314 104.306 105.944 106.336 104.984 104.919 105.206 104.889 107.489 111.271 115.909 115.201 113.586 109.626 111.434 113.294 114.434 113.811 110.611 108.691 105.626 105.011 107.139 110.084 110.311 110.069 109.819 107.744 104.689 104.594 104.654 105.474
105.776 105.224 105.086 105.201 106.936 108.146 105.389 111.881 112.676 113.299 114.761 115.426 115.704 115.924 116.074 115.709 114.646 115.169 114.426 107.699 109.649 112.356 108.314 104.986 104.796 104.804 106.026 105.096 105.144 106.056 108.321 107.349 105.379 104.494 104.426 104.466 104.416 104.341 107.644 106.861 104.709 104.674 104.546 104.674 104.809 105.744 111.806 113.926 112.971 106.691 112.181 114.116 115.504 114.991 113.629 111.339 105.046 107.531 110.499 110.329 110.276 110.206 108.844 104.654 104.654 104.594 105.519 106.939
105.809 105.194 105.294 105.214 104.996 105.281 104.991 107.994 110.776 111.984 111.239 113.291 114.756 115.291 115.731 115.786 115.794 114.689 111.901 107.366 113.291 114.116 111.766 107.044 105.114 104.819 106.226 104.914 105.396 106.151 107.709 106.024 105.569 104.299 104.361 104.434 104.466 104.426 104.529 105.979 104.284 104.321 104.404 105.596 104.604 104.761 107.281 109.819 106.649 112.984 113.781 115.311 115.879 114.434 112.824 108.619 108.751 111.881 111.649 110.791 110.216 109.584 104.674 104.629 104.561 104.656 105.726 107.801
105.004 104.904 104.894 104.954 105.161 105.326 104.976 104.889 109.084 110.826 105.869 106.384 108.936 113.866 114.519 114.526 114.794 111.451 105.126 108.191 113.849 114.996 115.881 114.489 109.524 107.449 105.714 105.081 105.046 104.946 107.351 104.806 104.369 104.239 104.264 106.309 104.411 104.461 104.409 104.351 104.281 106.821 107.064 105.921 104.356 104.511 104.631 105.794 106.186 111.824 114.809 115.931 114.906 113.051 109.719 108.244 111.796 111.894 111.869 111.661 109.916 105.219 104.764 104.626 104.616 104.709 104.674 107.216
104.904 104.886 104.896 104.894 104.994 105.321 104.879 105.486 107.964 108.691 105.074 105.681 104.904 110.309 113.211 113.726 113.194 106.989 107.396 112.391 114.114 115.796 115.711 114.299 112.316 110.564 110.301 105.994 104.734 104.751 104.736 105.139 104.591 104.384 105.126 108.344 104.764 104.389 104.431 104.434 104.354 105.056 106.159 104.221 104.279 105.161 105.839 105.086 104.984 107.511 107.721 113.689 114.141 113.599 109.261 114.771 113.609 111.911 111.864 111.771 107.004 104.681 104.701 105.081 105.124 104.699 104.669 105.996
105.129 104.874 104.876 104.879 105.431 104.876 104.879 104.724 104.921 104.831 105.639 105.099 104.946 107.544 109.644 112.146 111.136 105.064 107.821 112.979 114.824 116.039 114.844 113.554 112.446 113.476 114.096 110.836 108.611 107.636 104.731 105.014 104.764 105.201 105.721 108.659 104.409 104.774 104.594 104.394 104.421 104.366 104.276 104.169 104.146 106.481 108.841 104.511 105.274 104.556 104.869 107.551 110.731 110.821 114.409 115.746 115.201 113.786 111.994 107.999 104.666 104.601 104.964 105.341 108.056 106.176 105.851 107.801
104.839 104.989 104.909 104.901 105.299 104.804 104.771 104.859 108.111 105.454 111.476 108.649 104.849 104.739 104.874 106.026 107.339 106.014 111.886 113.711 115.151 115.364 114.159 112.629 112.616 114.521 115.634 115.846 113.891 112.006 105.901 105.046 104.669 104.671 105.666 106.036 104.534 104.419 104.649 104.326 104.344 104.354 104.351 104.254 104.191 106.519 106.149 106.169 106.169 104.754 105.076 104.909 105.036 112.889 115.706 116.786 116.159 114.689 109.729 104.689 104.626 104.799 106.756 107.846 108.359 108.549 107.981 108.154
104.831 104.834 105.754 106.089 105.154 104.761 108.929 110.501 109.809 111.876 111.279 108.784 104.871 106.069 104.831 109.976 109.014 108.599 108.886 113.104 113.681 114.294 113.144 112.481 113.424 114.984 116.176 115.081 114.146 110.936 105.456 108.669 106.396 104.746 104.839 105.119 104.886 104.399 104.299 104.444 105.069 104.676 104.331 104.319 104.366 107.096 106.099 104.071 104.264 104.741 106.711 106.549 105.536 110.471 115.366 116.554 115.514 112.094 105.364 104.586 104.569 104.709 105.809 108.066 108.056 108.076 108.241 109.306
104.821 104.806 104.816 107.626 106.556 104.726 107.174 115.121 113.701 114.951 108.214 110.199 106.501 108.661 108.744 110.209 109.754 108.726 107.919 108.196 110.296 111.806 113.521 112.904 114.366 115.889 115.624 114.096 113.196 106.481 111.104 113.306 112.266 106.151 104.686 104.671 104.611 104.494 104.426 104.361 104.556 105.151 104.376 104.294 104.271 105.831 104.194 104.079 104.284 108.689 109.959 105.871 104.316 104.354 108.064 113.421 113.064 105.149 104.459 104.501 104.834 104.839 104.729 106.654 108.029 108.079 108.191 109.751
104.816 104.796 107.584 110.706 106.971 104.849 108.179 108.569 111.706 111.021 108.104 108.601 107.514 109.651 110.981 113.501 110.146 107.449 106.271 104.884 105.446 109.206 111.446 113.284 114.566 115.514 114.421 112.711 107.071 105.649 113.696 114.359 115.461 111.754 107.701 105.831 104.651 104.589 105.369 105.309 104.529 104.269 104.111 104.189 104.241 104.261 104.266 104.224 104.476 107.169 106.379 104.136 104.181 104.266 104.306 106.361 104.626 104.296 104.434 104.531 105.164 105.249 104.916 104.991 106.986 108.336 108.489 111.021
105.166 105.161 106.451 111.596 107.796 104.656 111.384 110.566 111.271 107.191 111.126 106.976 106.434 106.624 107.234 111.396 109.741 106.326 105.719 104.866 104.884 105.796 108.521 110.119 112.659 113.944 113.084 108.591 105.556 110.084 113.661 115.141 116.034 115.021 112.621 108.451 106.089 104.766 104.654 105.089 105.724 104.464 104.216 104.116 104.876 104.596 104.254 104.249 104.216 106.316 104.046 103.951 104.064 104.601 104.436 104.314 104.189 104.221 104.726 104.544 104.501 105.161 105.929 105.251 106.799 108.146 114.139 115.986
105.271 105.631 110.159 110.036 107.299 107.439 111.029 109.406 109.604 108.989 106.029 104.679 105.256 112.541 110.681 109.934 109.651 105.941 105.049 105.069 104.869 108.414 107.756 107.924 109.849 112.374 110.716 105.466 106.799 112.364 114.334 115.939 115.431 114.076 112.699 112.571 111.776 108.396 104.944 104.641 104.544 104.424 104.566 104.286 104.256 105.191 104.471 105.941 104.269 104.176 104.129 104.009 106.504 105.644 105.421 104.056 104.101 104.216 104.611 104.556 104.491 105.219 105.841 106.836 107.584 113.229 116.116 116.521
108.056 107.471 105.856 106.236 106.666 110.489 105.874 109.524 110.896 106.161 108.246 106.014 109.184 112.326 108.464 109.581 108.551 107.691 105.004 106.456 108.081 108.574 107.521 107.704 107.696 108.951 107.861 105.034 110.274 113.316 115.144 115.851 114.874 113.929 112.659 113.451 114.916 115.229 111.711 108.961 104.651 105.154 106.011 106.026 104.686 104.361 106.449 106.874 105.436 104.186 104.164 104.106 104.966 104.714 103.934 103.951 104.024 105.986 104.601 104.539 104.964 106.426 108.204 109.559 110.354 114.014 116.006 117.051
115.504 111.839 106.439 106.129 109.479 112.904 110.584 110.364 109.751 107.761 105.686 109.396 107.719 110.724 109.019 107.451 105.546 104.716 108.729 108.791 107.821 106.609 105.294 106.164 106.891 107.154 105.764 105.741 110.104 112.996 114.109 114.786 114.154 114.739 114.394 114.486 115.094 115.394 114.361 112.104 105.974 106.614 106.399 108.691 106.964 104.554 104.774 107.809 107.439 104.704 104.161 104.136 104.099 104.059 103.941 103.994 106.591 108.729 105.394 105.209 106.564 107.689 109.499 110.544 113.359 114.624 116.314 117.631
