LIDAR-DSM-2M-TQ28ne/tq2888_DSM_2M.asc
ncols 500
nrows 500
xllcorner    528000
yllcorner    188000
cellsize     2
NODATA_value -9999
[rows 465 to 495 of 500, columns 426 to 496 of 500]
106.142 104.457 99.499 101.057 100.819 100.779 100.479 98.837 95.332 95.967 97.632 98.934 98.444 96.592 95.247 95.157 94.757 94.737 95.052 96.132 97.357 98.017 99.454 96.837 92.894 92.657 93.632 98.974 96.862 97.024 93.182 90.387 90.114 89.872 90.424 93.087 90.984 90.837 91.262 90.687 89.102 89.432 88.039 88.037 88.709 89.114 88.812 86.937 90.667 91.352 94.747 93.729 86.399 86.322 86.752 85.999 84.544 84.939 84.894 84.544 84.019 83.859 83.582 83.832 84.642 83.074 82.857 83.397 83.102 83.252 82.634
105.457 105.379 103.359 100.177 100.537 100.772 100.607 100.092 98.427 96.527 95.129 95.357 96.289 98.859 101.424 96.954 96.954 95.682 96.272 96.409 96.707 95.622 96.879 94.269 92.662 92.184 92.009 94.252 94.159 96.132 90.439 91.097 90.039 89.779 90.042 93.119 90.272 88.989 91.852 89.259 89.907 90.274 88.027 88.012 89.904 89.522 88.069 89.344 95.429 95.802 97.907 88.472 86.487 86.367 85.764 84.804 83.979 84.052 84.287 84.382 84.172 84.077 83.384 83.479 84.689 83.012 82.964 82.377 83.422 83.092 83.834
105.539 105.634 106.094 101.562 100.422 100.717 100.674 100.382 98.942 97.172 95.457 95.334 100.084 104.219 104.984 100.354 100.729 98.134 95.969 95.029 94.504 94.384 96.242 97.429 95.512 92.172 91.449 91.294 93.064 93.159 91.389 92.164 89.934 89.667 89.519 90.024 88.994 88.449 90.784 92.589 93.039 93.349 88.219 89.082 93.047 96.724 88.644 90.732 86.507 93.832 94.852 91.874 84.757 85.014 84.857 83.902 83.924 83.357 83.437 83.842 84.309 83.694 84.984 82.492 82.787 85.042 88.312 90.069 89.069 84.379 82.759
103.467 102.952 99.519 98.632 100.289 100.607 100.752 100.364 98.349 94.869 93.862 97.599 100.977 101.379 102.784 105.607 101.417 97.792 94.914 94.664 95.007 94.737 93.964 94.957 91.989 91.294 91.084 91.082 91.109 91.132 90.349 89.992 89.754 89.482 89.097 88.954 89.649 89.304 92.382 90.549 90.517 93.124 88.274 91.879 88.927 90.879 95.039 92.682 94.467 95.964 89.654 89.702 86.124 83.932 84.099 84.242 83.307 82.697 82.552 83.327 84.167 83.402 83.227 85.357 88.869 91.319 91.402 91.864 92.244 87.347 82.312
93.922 95.564 98.147 97.442 99.879 99.949 99.702 99.289 98.814 95.004 93.717 98.727 97.502 103.602 103.484 102.777 100.379 95.544 96.109 93.874 93.982 94.347 95.602 95.314 91.784 90.544 92.239 91.929 93.589 93.062 91.192 89.834 89.474 89.212 88.852 89.389 89.144 88.849 90.842 92.029 93.769 93.329 88.299 90.804 89.804 89.289 97.684 96.519 94.427 91.987 89.022 90.732 85.637 83.697 84.067 83.732 82.719 83.747 84.664 82.732 83.467 83.577 84.912 90.792 91.562 92.264 91.619 92.974 93.284 91.029 82.304
93.417 98.174 98.984 95.709 97.142 98.904 99.207 99.207 98.937 95.857 93.672 94.847 97.874 100.952 103.802 98.694 94.677 93.867 91.807 90.737 95.127 95.657 95.784 95.462 93.029 94.554 94.682 94.959 97.972 94.487 90.874 89.484 89.242 88.982 90.504 90.967 89.694 89.684 91.279 95.229 94.882 93.117 86.414 92.139 87.664 88.939 91.104 88.679 91.894 91.997 92.527 88.957 90.702 83.219 82.599 83.262 85.117 85.797 86.944 84.759 83.697 84.099 83.967 91.374 92.527 92.977 93.454 93.447 92.899 92.372 84.002
92.827 96.179 93.992 93.989 95.557 98.819 99.112 99.274 99.042 98.204 93.987 93.547 97.537 102.349 102.062 94.092 94.674 90.729 90.344 90.742 94.672 95.504 95.854 95.617 95.234 97.639 99.569 97.127 92.214 93.049 90.637 89.737 89.157 88.932 89.069 92.844 91.927 95.464 88.084 89.594 92.739 90.502 86.374 87.442 89.329 92.232 85.732 91.382 92.394 92.217 93.812 93.004 90.049 82.619 83.499 85.354 86.127 87.797 89.204 91.149 88.999 83.992 83.564 90.694 93.212 93.139 92.864 92.552 92.097 91.699 89.624
93.254 92.822 93.252 93.684 95.932 98.537 98.989 99.259 99.124 98.657 95.617 93.227 99.334 104.044 97.934 94.402 90.232 90.837 90.322 90.582 93.837 95.384 95.769 95.747 95.384 93.814 99.034 98.172 91.627 90.724 90.309 92.949 90.839 92.934 92.764 94.999 93.657 94.457 93.089 93.137 91.814 91.572 90.479 88.992 87.712 86.184 86.859 88.107 91.509 93.592 91.067 85.889 84.797 83.929 85.647 86.354 88.559 90.292 91.557 92.472 91.752 87.362 82.702 88.727 92.489 92.147 91.772 91.572 91.069 90.804 89.137
92.617 92.684 92.879 94.567 93.979 97.034 98.892 99.164 98.224 93.722 91.062 90.689 93.017 93.594 91.039 90.714 89.832 89.824 90.202 90.604 93.024 95.264 95.627 95.774 95.174 93.427 94.047 92.537 91.644 91.097 94.902 95.804 97.877 93.559 92.349 89.984 89.919 90.502 92.422 92.044 88.217 92.424 90.654 91.539 90.734 88.159 85.757 84.547 85.437 88.927 84.647 84.479 84.677 83.734 86.274 89.012 90.602 91.822 92.592 93.232 93.294 92.434 85.814 85.154 91.732 91.222 90.822 89.484 88.329 85.449 82.564
92.127 91.962 92.019 93.747 94.192 96.149 95.679 92.667 91.067 90.367 90.849 90.829 90.597 91.127 90.589 89.879 89.617 89.522 89.937 89.639 90.462 93.432 94.982 94.859 94.279 93.392 88.874 89.207 89.529 93.622 96.684 96.662 95.872 93.434 93.389 88.509 90.457 90.217 92.782 90.159 86.712 88.547 89.264 85.612 86.494 86.572 84.349 84.339 84.254 84.394 84.177 84.017 84.082 83.167 84.709 91.067 92.207 92.909 93.192 93.514 92.892 92.209 90.852 83.579 88.689 90.147 88.244 82.929 81.554 82.202 82.207
91.914 91.752 91.559 92.814 94.514 92.419 90.519 91.237 90.994 90.234 90.107 89.999 90.067 90.389 89.812 89.584 89.449 89.344 89.212 89.242 89.034 91.457 93.994 94.367 94.412 94.034 91.994 89.319 89.052 90.012 94.837 96.829 93.874 92.964 92.649 92.954 90.254 88.374 88.594 86.007 85.832 86.277 87.109 86.527 87.944 89.719 86.024 84.694 84.269 84.279 84.502 83.829 84.977 84.782 83.494 90.154 92.644 93.434 93.264 92.679 91.897 91.437 91.202 85.017 82.862 83.537 81.592 80.709 80.244 80.704 81.339
91.704 91.544 91.347 91.079 90.822 90.594 90.427 90.317 90.239 90.119 90.037 89.937 89.827 89.707 89.584 89.599 89.494 89.202 89.012 88.839 88.782 90.614 93.489 94.232 94.492 94.192 92.264 88.847 88.752 88.922 91.062 93.732 91.649 90.859 94.694 96.702 91.459 88.002 89.074 88.332 85.487 85.442 85.824 87.519 90.152 87.534 86.774 84.719 84.657 84.164 83.384 86.329 90.127 89.667 84.697 85.087 91.309 92.922 92.324 91.677 91.029 90.339 87.977 82.012 81.079 81.197 81.054 80.667 79.994 79.902 79.774
91.477 91.324 91.162 90.944 90.739 90.612 90.484 90.452 90.722 90.242 90.552 90.544 89.809 90.439 90.114 89.974 90.014 89.057 88.809 88.614 88.607 89.674 93.187 94.112 94.462 94.327 93.934 88.939 90.684 92.887 92.572 90.787 88.454 94.757 95.182 93.524 89.867 88.997 90.684 90.127 85.279 85.059 84.889 85.249 87.524 87.879 88.229 87.484 85.789 84.824 83.379 90.269 90.999 90.899 88.874 83.627 85.607 91.794 91.649 90.809 88.707 84.534 81.889 80.989 80.494 80.584 80.619 80.037 80.432 79.984 79.777
91.262 91.117 90.997 91.509 91.592 91.352 91.349 90.587 90.699 90.327 90.347 90.299 90.532 89.802 89.779 89.429 89.267 89.157 88.782 88.372 88.299 88.619 91.127 93.762 94.324 94.027 93.279 90.792 88.377 89.777 94.129 91.684 92.862 92.237 96.854 90.607 88.407 87.162 91.492 89.067 86.107 84.877 84.709 84.599 85.087 86.949 86.582 87.509 86.834 83.964 88.514 92.007 92.027 91.332 90.862 88.689 83.949 86.799 91.104 88.532 83.142 81.024 80.454 80.532 80.977 80.579 81.352 80.329 80.314 79.862 79.829
91.147 91.059 90.949 91.809 91.767 90.604 90.564 90.589 90.997 90.672 90.139 91.022 92.122 90.892 90.647 89.364 89.339 90.397 88.822 88.252 88.027 88.274 88.829 92.627 92.924 93.112 92.849 92.467 88.047 87.782 90.487 92.709 94.454 92.964 92.304 90.194 87.629 87.194 90.492 89.134 85.997 84.662 84.499 84.414 84.209 84.894 84.562 85.997 84.094 88.482 92.159 92.154 92.517 91.864 90.817 89.724 82.889 82.802 84.112 82.807 80.919 80.384 80.444 80.334 80.182 80.607 80.252 79.999 79.939 79.832 79.794
92.964 92.079 93.829 93.754 92.824 90.759 90.794 91.514 90.512 89.982 89.269 89.307 90.299 89.899 89.204 88.482 89.412 90.052 91.044 89.887 87.812 87.832 87.937 90.407 92.654 93.072 92.994 92.599 88.682 87.247 88.337 86.949 88.659 88.222 86.872 86.737 86.602 86.937 87.494 87.314 86.062 85.254 85.212 84.307 84.267 84.559 85.244 85.494 89.407 91.052 92.049 92.529 91.899 90.442 90.167 83.079 81.439 81.514 81.674 80.412 80.514 80.254 80.057 80.072 80.009 79.977 79.949 79.907 79.992 80.029 79.657
91.107 91.534 91.672 91.322 90.434 90.647 90.622 92.619 93.024 89.287 90.322 92.504 92.124 93.562 91.532 91.074 92.837 93.432 93.774 92.042 87.619 87.542 87.817 89.487 92.509 92.902 93.112 92.744 89.874 86.969 87.012 86.779 86.729 86.377 87.907 87.074 85.769 87.524 88.164 86.279 84.469 86.439 87.509 84.619 83.669 83.954 86.062 90.079 90.999 91.929 92.382 92.017 91.347 90.939 84.017 81.907 81.149 81.587 82.779 80.774 80.644 81.129 80.259 80.054 80.044 79.949 80.007 80.124 80.482 79.979 79.679
92.544 94.114 95.112 95.522 91.147 93.534 94.442 94.927 95.079 93.937 93.674 94.339 94.492 94.632 94.484 93.739 93.892 94.067 94.194 94.207 88.482 87.322 87.494 88.112 91.979 92.739 93.094 92.887 92.112 88.307 87.234 87.404 86.399 85.909 85.994 87.832 85.087 88.462 88.039 85.094 84.009 84.997 84.872 85.259 83.994 83.027 89.542 90.504 91.487 92.287 91.642 91.297 90.119 83.599 82.117 81.759 80.849 83.167 80.907 80.119 80.762 81.107 80.024 80.052 79.947 80.457 81.387 81.127 79.819 80.044 80.419
95.467 95.624 95.787 95.927 95.444 95.022 95.179 95.332 95.462 95.484 94.604 94.744 94.847 94.849 94.764 94.344 94.269 94.259 93.987 93.894 89.057 87.129 87.079 87.479 89.934 91.522 90.644 88.784 87.689 87.052 88.419 88.474 86.239 85.739 85.509 87.702 86.067 85.609 84.757 84.044 83.777 83.699 83.569 84.159 84.834 83.537 84.097 87.999 90.609 91.314 90.704 89.094 82.507 83.754 83.152 81.339 81.584 80.519 79.957 80.047 80.034 80.049 79.979 79.979 79.907 80.227 80.624 80.494 80.959 79.932 79.887
95.854 95.997 96.089 96.064 95.929 95.457 95.489 95.432 95.272 95.022 94.924 94.814 94.662 94.449 94.044 94.182 94.012 93.864 92.924 92.607 91.642 86.917 86.807 86.862 86.772 87.939 86.552 87.454 86.834 86.707 88.667 89.192 87.882 86.042 85.484 86.667 86.254 84.182 84.187 83.812 83.682 83.569 83.699 83.617 83.244 84.199 85.334 83.172 90.187 90.414 89.757 83.774 81.952 84.472 87.217 83.469 80.057 80.189 80.034 79.952 79.982 79.997 79.924 79.889 79.889 79.887 80.709 82.092 81.852 79.654 82.774
96.054 95.957 95.812 95.654 94.927 95.354 94.747 95.037 94.872 94.214 93.457 94.422 94.097 93.242 90.579 90.389 91.952 91.534 90.609 89.274 88.239 87.099 86.522 86.419 86.632 86.834 86.102 85.982 86.187 90.819 92.504 93.867 92.284 90.037 86.752 85.889 87.164 84.357 83.867 83.719 83.569 83.462 83.432 83.622 87.584 86.074 83.057 83.364 84.697 87.472 83.464 81.592 82.392 84.167 84.582 82.867 80.429 80.724 80.072 79.954 80.002 80.399 79.924 79.894 79.979 79.877 79.852 81.342 82.302 83.484 88.229
95.694 94.732 94.877 93.717 91.589 92.802 92.964 92.394 90.957 89.724 95.009 92.392 93.157 89.824 89.582 88.804 88.837 88.289 88.357 88.194 88.134 88.069 86.279 86.199 86.142 86.077 86.002 86.254 88.529 94.047 92.504 92.974 90.749 89.677 89.489 86.064 86.794 86.007 83.912 83.612 83.437 83.379 83.079 86.994 89.919 89.467 88.004 86.252 82.419 82.064 81.909 80.967 83.494 83.209 80.799 80.299 80.019 79.917 79.957 80.014 81.354 83.312 79.984 80.004 80.022 79.792 79.879 80.082 82.844 83.602 89.277
93.177 92.354 90.479 90.332 90.194 90.569 89.449 89.164 91.169 93.937 95.889 94.694 91.659 89.804 89.982 88.432 88.377 87.982 87.954 87.967 87.752 87.819 86.929 87.209 87.424 88.382 88.419 88.437 90.162 92.384 94.207 90.419 91.449 88.339 88.954 87.209 85.662 84.692 84.177 83.742 83.349 84.174 84.797 89.469 90.802 90.794 90.214 89.427 84.039 82.267 82.419 81.124 82.312 80.464 79.839 80.887 79.879 79.912 79.912 79.897 80.862 81.004 80.414 80.294 81.922 87.974 86.034 85.609 82.344 82.139 86.214
90.557 89.912 90.047 91.719 91.612 89.827 89.522 89.032 92.539 92.009 93.404 97.264 93.904 91.894 89.207 88.729 88.842 88.019 87.762 87.732 87.412 87.104 87.807 88.412 88.454 88.507 88.449 88.459 89.582 89.847 91.879 89.237 90.942 90.942 89.447 88.744 84.504 84.257 84.794 84.822 83.474 84.404 88.554 90.274 91.329 91.557 90.382 88.012 83.194 82.494 82.162 81.332 80.992 81.384 80.274 79.844 79.899 79.992 80.067 79.854 79.969 81.352 81.047 85.054 88.162 88.827 87.759 88.034 85.659 79.757 82.779
89.897 90.719 89.414 90.924 89.784 88.867 89.184 89.607 96.649 92.437 93.069 96.074 95.292 91.907 90.662 90.534 91.892 88.317 89.974 88.119 88.582 90.944 88.897 88.504 88.087 88.117 87.747 88.232 90.914 87.157 88.422 90.364 89.067 89.307 86.322 84.507 83.759 83.622 84.229 84.007 83.419 83.804 89.284 89.902 90.297 90.872 89.827 85.269 82.112 81.607 81.707 81.237 80.344 80.897 81.284 79.799 79.929 80.539 80.034 80.077 80.982 81.232 84.124 87.454 87.567 88.654 89.057 88.837 88.734 84.667 80.492
90.267 90.107 89.697 90.007 89.939 89.129 88.732 88.797 88.484 93.047 93.512 93.964 92.537 92.892 89.699 88.564 90.857 90.949 89.014 88.692 92.289 92.077 92.779 89.952 88.002 85.562 85.802 88.884 88.194 87.332 90.487 88.707 88.619 88.489 89.387 87.079 83.614 83.609 83.607 83.679 84.039 84.599 84.434 87.042 87.802 89.889 88.669 82.757 81.597 80.782 80.309 80.019 80.187 81.579 79.799 79.849 79.814 79.797 79.864 81.339 80.467 84.869 87.442 88.354 89.004 89.389 89.504 88.969 88.592 87.072 81.777
91.272 91.082 91.214 92.094 89.972 90.222 90.317 88.997 88.399 92.459 93.107 91.247 91.652 94.149 90.944 91.172 90.069 89.724 92.324 92.322 91.614 90.664 89.384 91.219 92.314 88.904 87.242 87.149 88.134 85.782 90.602 92.159 90.014 85.399 89.422 86.352 83.952 83.612 83.049 82.869 84.677 85.074 82.372 82.554 82.532 88.222 86.309 81.217 80.849 81.219 80.502 79.829 79.729 79.897 79.767 79.752 79.709 79.809 81.137 80.387 82.799 87.222 88.057 88.999 89.549 89.387 88.564 87.667 85.219 82.922 79.682
93.107 91.467 90.207 89.359 89.067 89.197 89.544 88.137 88.664 87.534 92.672 93.214 92.669 96.287 89.342 88.367 87.677 90.599 91.204 93.402 93.862 92.859 92.574 90.337 88.749 85.737 85.794 87.957 87.364 86.409 90.677 91.832 88.864 85.969 86.364 83.252 82.839 82.862 82.894 82.809 82.564 83.122 84.454 82.989 83.107 86.437 82.764 81.162 81.077 80.857 80.202 79.712 79.609 79.714 79.742 79.637 79.639 79.767 80.037 83.004 87.387 88.092 88.994 89.544 89.222 88.857 87.624 83.414 82.027 79.957 80.107
88.892 90.949 89.757 89.194 87.424 86.614 88.894 87.482 88.212 86.289 92.672 95.312 93.772 94.219 89.562 87.322 87.744 91.404 92.579 89.667 88.527 92.757 91.677 91.807 88.427 86.002 85.904 84.209 88.287 86.784 86.457 88.592 85.014 84.067 84.819 83.357 82.494 82.389 82.434 82.287 81.879 85.457 88.689 88.854 89.009 89.049 86.337 80.892 81.179 81.172 80.469 79.807 79.687 79.734 79.734 79.629 79.647 79.914 79.819 79.992 85.672 87.697 88.519 88.899 88.207 86.792 84.499 80.674 79.739 79.437 79.577
88.814 89.224 89.839 88.224 88.809 90.764 93.674 90.594 94.142 90.514 91.229 93.199 93.552 91.294 92.424 89.594 88.102 86.762 92.949 91.024 87.289 91.439 90.709 86.544 86.129 88.902 86.672 85.462 83.854 84.279 87.927 85.604 83.582 83.907 84.599 83.322 82.319 82.249 82.199 82.134 82.007 86.817 89.387 90.317 90.447 89.594 87.759 81.417 80.614 81.799 80.562 80.654 79.639 79.724 79.864 79.754 80.044 79.952 80.739 80.199 80.894 85.952 87.442 87.767 86.577 81.559 80.532 80.109 79.314 79.232 79.172
88.002 91.014 93.572 87.939 88.047 92.377 96.622 94.564 96.264 99.517 93.284 90.649 91.562 90.617 89.969 90.804 89.852 87.424 85.914 87.364 89.842 93.674 87.284 83.749 86.372 89.724 85.557 85.357 85.014 86.519 88.487 87.119 83.437 83.474 84.367 82.944 82.189 82.304 82.067 82.062 81.977 86.032 89.222 90.737 91.279 89.832 88.507 81.812 81.122 80.229 79.662 79.532 79.617 79.707 80.464 80.024 80.169 79.847 80.404 79.977 80.224 80.402 85.417 84.817 80.854 80.082 80.122 80.277 79.292 79.172 79.122
