LIDAR-DSM-2M-TQ28ne/tq2886_DSM_2M.asc
ncols 500
nrows 500
xllcorner    528000
yllcorner    186000
cellsize     2
NODATA_value -9999
[rows 384 to 415 of 500, columns 355 to 425 of 500]
54.364 55.221 55.289 52.471 51.316 51.329 51.321 51.351 51.376 51.394 51.409 51.421 51.439 51.466 51.569 51.916 54.396 56.249 56.464 56.526 56.599 56.691 56.761 56.841 56.894 57.021 57.104 57.164 57.196 57.259 56.786 52.564 53.246 58.814 62.874 63.026 61.686 56.016 54.909 54.181 54.111 54.159 54.761 54.606 54.246 54.281 54.321 54.361 54.471 54.791 55.239 56.391 55.544 56.089 55.779 55.439 55.566 55.604 62.744 65.229 68.991 69.756 70.116 69.521 67.981 62.596 59.886 59.854 59.654 58.661 59.104
54.956 52.579 51.624 52.014 52.271 51.406 51.384 51.376 51.396 51.419 51.441 51.451 51.461 51.489 51.506 51.501 51.554 51.634 54.334 56.279 56.434 56.546 56.591 56.724 56.744 56.876 56.984 57.021 57.051 57.096 55.416 52.854 53.359 54.501 56.811 58.041 56.794 54.459 53.854 55.904 56.391 54.229 54.566 54.919 54.299 54.329 54.334 54.379 54.426 54.534 54.759 55.031 55.279 55.504 55.989 57.754 56.999 55.981 62.656 65.294 68.789 69.264 69.496 69.206 66.104 59.081 59.876 60.251 60.344 58.636 59.221
51.334 51.019 51.421 51.746 51.754 51.399 51.424 51.676 51.421 51.454 51.456 51.474 51.491 51.506 51.504 51.529 51.519 51.556 51.601 51.801 53.126 55.606 56.434 56.501 56.611 56.686 56.784 56.861 56.859 57.031 53.279 52.764 54.364 53.561 53.489 53.564 53.624 53.686 53.779 56.224 62.196 56.096 54.516 54.279 54.319 54.344 54.381 54.384 54.431 54.461 54.559 55.066 55.371 57.114 57.609 57.236 56.949 58.074 57.741 57.144 62.364 61.791 66.929 67.216 61.381 59.509 58.656 58.789 59.651 58.586 58.766
50.274 50.321 51.259 51.434 51.414 51.461 51.841 52.406 51.496 51.486 51.489 51.509 51.516 51.529 51.536 51.556 51.541 51.589 51.599 51.619 51.624 51.836 53.599 55.529 56.461 56.546 56.574 56.641 56.729 56.049 53.976 53.494 52.746 53.614 53.599 53.554 53.599 53.716 53.839 53.919 56.254 55.431 55.691 54.696 54.366 54.369 54.399 54.424 54.459 54.511 54.894 55.274 55.486 59.039 58.136 58.084 58.451 56.206 57.431 59.306 59.334 58.481 58.196 59.376 58.744 58.884 58.784 58.679 58.976 58.551 58.604
50.251 50.626 50.986 51.544 51.494 51.524 52.054 51.809 51.526 51.519 51.516 51.526 51.546 51.566 51.554 51.556 51.596 51.601 51.596 51.616 51.644 51.741 53.154 52.516 53.066 55.131 56.434 56.489 56.596 55.221 56.236 53.266 52.311 53.069 53.874 54.876 53.586 53.724 53.824 53.934 54.954 54.089 54.259 55.131 55.231 54.636 54.411 54.444 54.484 54.621 55.309 55.299 58.816 60.694 63.916 61.244 58.071 55.869 56.766 57.126 59.164 60.211 59.046 58.799 61.176 60.309 58.214 58.799 58.639 58.776 59.284
51.041 50.401 50.469 51.349 51.694 51.619 51.569 51.544 51.566 51.584 51.554 51.559 51.594 51.596 51.586 51.589 51.604 51.621 51.616 51.619 51.636 53.136 54.256 54.276 52.729 52.279 53.629 54.841 55.129 54.374 54.834 53.301 52.506 53.191 52.749 53.524 55.174 55.041 53.831 53.884 55.026 54.231 54.119 54.179 55.189 55.509 54.539 54.451 54.486 55.241 55.324 55.959 61.996 64.081 67.491 67.436 64.761 59.429 56.856 56.841 57.389 58.121 57.529 59.911 62.524 62.134 61.116 62.599 62.769 59.516 59.049
50.609 50.504 50.451 51.796 51.796 51.911 51.771 51.671 51.619 51.644 51.674 51.619 51.604 51.681 51.719 51.619 51.614 51.616 51.621 51.631 52.324 54.226 54.254 54.254 52.699 51.874 52.159 52.224 52.509 54.149 53.294 53.561 53.666 52.561 52.706 52.771 53.859 55.954 54.861 53.876 53.946 54.054 54.114 54.196 54.864 55.626 55.956 55.056 55.036 55.246 55.294 61.906 64.589 66.586 68.081 68.284 67.431 61.231 56.731 57.004 57.106 57.271 57.419 57.799 59.316 59.744 61.486 63.406 62.596 60.749 58.631
50.519 50.494 50.469 51.501 53.774 52.041 51.789 51.911 51.809 51.804 51.866 51.794 51.711 52.509 53.776 52.749 51.656 51.646 51.679 51.664 53.219 54.266 54.271 53.836 51.886 52.051 52.366 53.276 53.854 53.456 52.106 54.534 56.004 53.956 52.701 52.741 53.126 53.654 55.451 54.166 53.959 54.049 54.134 54.194 54.296 54.354 54.509 56.534 55.361 55.601 59.379 64.064 66.169 67.689 68.559 67.914 63.789 60.114 57.076 57.049 57.196 57.321 57.496 57.761 57.991 58.404 62.436 62.544 60.931 58.611 58.676
50.516 50.526 50.604 51.669 52.664 51.964 51.679 51.911 51.961 51.926 51.919 51.889 51.861 51.799 52.754 53.951 52.406 51.684 51.691 52.329 54.244 54.259 54.271 52.271 52.146 52.354 52.556 53.506 52.439 52.131 52.031 52.799 53.851 54.241 53.861 52.861 52.801 52.904 53.581 55.674 54.654 54.151 54.216 54.284 54.741 56.631 55.841 54.881 57.341 55.504 58.809 65.166 67.219 68.189 68.409 67.469 59.604 56.884 56.991 57.101 57.256 57.414 57.704 58.384 59.534 60.066 58.694 61.146 58.871 58.546 58.701
50.574 50.574 50.821 51.381 51.876 51.229 51.461 51.629 51.741 51.856 51.909 51.936 51.934 51.879 51.876 51.884 51.961 51.714 51.709 52.941 53.931 54.259 53.791 51.974 52.719 54.591 54.299 53.021 53.109 52.351 51.969 52.001 52.104 52.919 55.039 54.661 52.866 52.874 52.936 53.051 53.851 56.121 54.646 55.209 56.444 56.781 58.884 58.841 61.006 63.034 57.596 59.456 64.651 67.599 67.591 65.364 57.081 56.939 57.049 57.629 57.869 58.416 59.444 60.256 60.014 58.376 58.169 58.321 58.486 58.631 58.789
50.604 50.654 50.564 50.571 51.011 51.636 51.036 51.424 51.524 51.636 51.826 51.881 52.031 52.104 52.046 51.939 51.894 51.831 51.791 51.721 51.854 52.484 51.976 52.394 55.361 58.524 53.374 53.034 52.994 53.066 53.066 52.481 52.151 52.214 53.639 56.059 54.556 53.266 52.954 53.424 56.031 59.844 57.434 58.174 59.466 60.361 64.204 65.021 65.399 65.614 62.879 59.294 56.839 60.726 64.041 60.544 56.996 56.906 57.311 58.561 61.341 60.209 60.116 58.519 58.014 58.079 58.244 58.419 58.574 58.711 58.846
50.644 50.639 50.644 50.596 50.589 50.959 51.621 50.899 51.011 51.214 51.554 51.774 51.926 52.021 51.996 52.024 51.949 51.906 51.986 51.959 51.826 51.931 52.524 53.179 56.386 57.206 51.761 51.634 51.699 51.874 53.391 54.504 53.126 52.346 52.281 52.629 53.549 53.994 53.436 53.631 59.229 62.309 62.801 60.109 59.371 62.844 65.109 65.991 66.104 66.371 65.724 64.964 59.411 58.224 57.519 56.414 56.824 57.991 59.376 59.194 59.836 58.871 58.131 58.346 58.024 58.169 58.349 58.449 58.594 58.704 58.824
50.659 50.681 50.654 50.636 50.596 50.606 50.871 51.569 50.991 50.824 51.031 51.371 51.746 51.926 52.171 52.009 52.261 52.004 52.214 52.159 52.406 52.896 53.946 52.626 51.886 52.426 52.994 51.696 51.676 51.741 52.284 54.006 53.271 52.289 52.301 52.424 52.494 53.281 53.749 54.864 57.849 62.784 63.739 63.124 60.166 58.489 60.621 65.376 66.159 66.529 66.174 65.411 61.224 57.056 58.476 58.081 56.931 58.291 59.856 58.194 57.699 58.106 58.014 58.241 58.046 58.199 58.329 58.489 58.601 59.976 60.404
50.579 50.704 50.709 50.666 50.646 50.629 50.676 51.021 51.646 50.994 51.374 51.621 51.464 52.406 52.944 51.954 52.209 51.944 51.984 51.966 55.439 56.189 53.551 51.806 51.814 51.564 52.054 52.634 51.714 51.699 51.801 52.039 53.484 53.921 52.606 52.469 52.676 52.809 55.501 57.969 59.086 63.939 64.799 64.754 62.736 56.659 56.439 60.681 65.181 66.051 65.811 64.654 56.909 56.461 57.186 59.141 57.279 57.914 57.604 57.731 58.809 58.074 57.796 57.884 58.284 59.129 58.964 58.439 58.654 58.959 59.221
50.566 50.716 50.836 50.669 50.671 50.611 50.866 51.314 50.666 51.631 51.976 52.999 51.076 53.254 52.346 51.984 52.194 52.054 52.176 52.729 56.554 56.444 55.374 52.211 51.474 51.506 51.516 51.799 53.026 52.024 51.781 52.014 52.164 53.236 54.514 52.839 53.504 57.986 56.444 60.494 64.461 65.004 65.024 65.031 64.344 61.019 56.234 57.614 61.719 65.349 62.351 57.766 56.481 57.106 56.736 56.794 56.829 56.906 57.104 57.339 57.671 57.601 57.864 58.514 58.249 58.489 58.369 58.596 59.511 59.781 59.664
50.616 50.556 50.729 50.756 50.711 50.704 50.619 50.596 50.806 50.409 53.339 58.046 53.969 51.796 52.654 51.589 52.069 51.904 52.596 55.794 54.684 52.714 52.751 52.504 51.574 51.444 51.464 51.534 51.869 54.059 51.876 51.876 54.589 60.321 55.669 53.236 60.621 62.484 62.499 63.381 65.319 65.176 64.994 64.699 62.306 57.306 56.761 56.971 58.416 59.934 57.269 56.549 57.361 57.014 56.626 56.684 56.841 57.009 57.179 57.309 57.554 57.576 58.194 58.021 58.076 58.986 59.994 59.111 59.089 58.834 59.136
50.589 50.559 50.639 50.954 50.744 50.719 50.696 50.769 50.176 51.826 57.266 58.506 56.379 51.829 51.199 51.361 51.711 51.721 51.951 55.079 54.154 51.256 51.279 51.861 53.156 51.714 51.531 52.389 52.701 52.486 52.881 51.974 54.761 61.789 61.696 53.044 57.174 63.094 64.074 64.666 65.061 65.274 64.794 62.379 57.414 55.334 56.359 56.924 57.064 57.441 57.531 56.861 56.439 56.934 56.631 56.744 56.856 57.039 57.211 57.916 58.416 57.566 57.764 58.286 59.909 60.031 58.884 58.541 58.764 62.456 64.564
50.361 50.479 50.636 50.794 50.771 50.726 50.991 50.584 52.261 57.521 58.149 58.819 58.354 55.811 50.596 50.991 51.514 51.626 51.096 51.124 52.831 51.989 51.356 51.364 52.441 52.531 52.631 51.704 52.361 52.721 52.954 53.989 55.279 62.846 63.249 61.059 53.121 56.931 63.971 64.979 64.936 64.449 60.044 58.099 55.404 56.081 56.894 56.189 57.171 56.599 56.369 56.231 57.004 57.229 56.639 56.734 56.859 56.926 57.059 57.441 57.461 57.989 58.386 58.229 59.289 60.886 61.409 61.254 64.684 66.481 66.989
50.396 50.589 50.646 50.676 50.704 50.514 50.726 54.411 56.956 57.936 58.229 58.096 58.201 58.109 53.511 50.384 51.899 51.484 51.096 51.161 51.424 52.704 52.009 51.429 52.946 53.519 55.164 54.841 53.111 56.509 52.701 56.696 62.911 63.996 64.201 63.939 58.266 52.556 55.666 63.866 64.104 61.864 56.469 56.404 57.491 56.499 56.809 56.606 55.884 56.171 56.746 56.374 56.334 56.439 56.549 56.666 56.719 56.864 57.196 57.811 57.836 57.774 57.699 57.706 58.809 59.776 62.819 65.086 66.991 67.574 67.584
50.519 50.589 50.701 51.301 50.796 50.446 54.966 57.084 57.876 58.564 59.006 58.174 58.206 58.099 53.706 50.769 51.076 51.514 51.291 51.194 51.249 51.294 53.059 51.816 55.561 59.899 58.006 58.019 59.724 61.571 59.346 63.201 64.451 64.591 64.196 63.981 62.891 55.049 53.596 57.954 60.314 55.124 55.654 55.999 56.491 56.319 55.884 55.724 55.821 56.121 56.239 56.214 56.484 57.351 56.714 56.621 56.811 56.986 57.461 58.069 57.564 57.689 58.444 61.474 62.739 59.781 61.429 66.761 67.409 67.149 66.676
50.876 51.379 51.316 50.431 51.701 55.721 57.356 58.066 58.696 58.719 58.034 57.944 57.249 52.934 52.971 50.436 49.861 51.104 51.494 51.156 51.174 51.281 51.901 52.719 55.031 61.791 61.964 56.959 55.096 61.441 63.099 64.004 64.211 64.611 63.979 63.794 56.431 55.136 54.359 54.864 55.019 55.341 56.281 55.994 55.444 55.609 56.431 56.441 55.801 55.939 56.091 56.194 56.716 56.691 56.881 58.039 57.926 57.531 58.021 57.394 59.861 60.249 62.861 65.354 65.609 63.329 59.661 66.281 66.599 66.034 65.591
51.791 51.436 50.831 53.839 55.764 57.536 58.259 58.806 58.526 57.859 57.119 54.911 52.386 52.741 52.944 50.546 49.889 50.466 51.541 51.201 53.526 58.321 53.756 58.999 62.486 63.404 63.096 60.086 54.354 54.664 63.141 64.114 64.141 63.811 61.379 55.891 54.419 55.271 54.856 54.884 55.849 55.186 55.116 55.501 55.794 55.599 55.651 55.701 55.796 55.906 55.989 56.101 56.346 57.476 58.431 57.969 57.051 58.041 57.884 59.151 64.041 65.374 65.906 66.399 66.331 64.591 60.179 62.846 61.136 64.476 64.661
51.011 52.141 53.799 57.049 57.724 58.449 58.826 58.331 57.639 56.641 54.229 52.261 52.816 53.071 52.419 52.159 50.076 50.931 51.256 51.881 55.664 61.159 62.434 63.314 64.351 63.589 63.571 62.334 55.401 53.539 57.959 63.549 63.646 62.354 58.051 54.536 54.216 54.924 55.334 55.424 54.964 55.001 55.079 55.861 55.614 55.446 55.541 57.996 56.186 55.804 55.974 56.129 56.924 57.956 56.836 57.159 59.249 59.876 58.486 59.481 64.764 66.016 66.554 66.126 65.559 63.991 60.989 59.699 59.986 59.984 61.084
52.069 55.849 57.249 57.946 58.616 58.744 58.131 57.431 56.734 53.039 53.659 53.084 53.041 53.594 54.059 53.576 50.581 51.401 51.309 52.251 52.794 57.924 63.226 63.574 63.689 63.861 63.364 62.324 57.801 55.201 55.871 57.486 59.661 56.146 54.171 55.031 55.531 54.964 54.606 54.649 55.696 55.744 55.169 55.209 55.451 56.346 58.149 59.214 61.626 57.326 57.179 56.994 56.489 57.311 56.864 59.481 64.216 64.746 62.041 58.671 62.219 65.451 65.606 64.994 64.521 61.999 60.329 59.929 60.059 58.774 59.189
56.731 57.419 58.144 58.781 58.596 57.931 57.221 56.471 52.601 52.941 53.876 51.604 54.256 58.229 57.404 58.541 52.346 51.461 51.349 51.501 51.834 54.369 61.509 63.509 63.416 62.696 60.354 55.269 53.421 54.211 55.374 55.669 54.996 54.411 54.124 54.211 54.266 54.721 54.554 54.609 55.216 54.979 54.996 55.076 55.949 56.009 58.621 60.826 60.899 56.696 56.551 56.696 57.326 58.299 58.144 64.894 66.141 66.211 66.249 59.024 59.631 64.281 64.504 64.046 63.641 59.326 58.051 60.076 60.289 58.654 58.986
57.621 58.299 58.834 58.456 57.746 56.774 55.216 51.044 51.919 51.629 54.591 57.306 58.966 59.091 60.601 61.146 56.999 51.171 51.406 51.301 51.849 51.456 58.239 62.709 61.694 55.546 52.784 53.479 54.226 53.824 53.944 54.419 54.001 53.871 54.069 54.231 54.819 55.154 54.656 54.646 54.731 54.811 54.846 54.991 55.161 55.351 56.544 58.649 59.399 56.231 58.504 61.934 63.906 63.536 58.236 63.669 64.371 66.296 66.201 62.259 57.864 60.639 63.884 61.329 58.406 57.666 57.781 59.046 59.876 59.076 58.844
58.191 58.784 58.279 57.549 56.851 53.526 51.179 51.924 50.946 54.161 56.616 57.801 60.509 61.371 61.804 62.219 61.344 53.639 51.264 51.294 51.659 52.196 52.756 58.186 52.569 52.531 53.289 54.141 54.404 53.749 53.449 53.529 53.594 53.919 54.786 54.474 54.154 54.366 54.459 55.066 55.171 54.719 54.886 55.211 55.476 55.711 56.289 59.694 60.534 57.866 63.454 65.541 66.066 65.889 62.514 62.099 66.276 65.941 65.776 62.724 58.284 61.269 64.286 61.314 57.639 57.646 57.776 58.066 58.969 59.681 59.981
53.289 58.096 57.389 56.504 52.306 52.209 52.079 50.621 50.809 54.829 60.166 61.294 62.001 62.536 62.649 62.664 62.046 58.421 51.641 51.304 51.464 53.126 55.864 53.644 53.266 53.031 53.106 53.079 53.174 53.561 53.484 53.469 53.601 53.806 53.931 54.036 54.159 54.276 54.634 54.836 54.686 55.114 55.736 56.496 56.461 55.686 57.861 63.194 64.169 62.764 62.871 66.151 66.166 66.264 63.851 57.984 62.566 64.456 61.941 57.241 57.404 59.396 63.826 61.741 59.016 57.739 57.769 58.264 58.984 60.741 60.369
50.366 54.259 54.499 51.936 52.306 53.936 53.761 51.696 52.924 52.436 60.394 62.276 62.819 62.059 62.799 62.029 61.479 59.781 52.191 51.836 52.521 53.006 56.869 53.499 52.771 52.789 52.874 53.016 53.814 54.054 53.531 53.529 53.636 53.754 54.366 54.609 54.089 54.166 54.389 54.766 55.461 56.086 56.761 56.939 55.954 58.521 63.801 65.216 65.314 65.486 60.374 65.574 66.114 65.774 64.994 60.076 58.744 63.439 61.306 57.166 57.261 58.534 58.481 58.341 57.576 58.009 59.006 59.339 59.604 58.776 59.276
50.244 50.459 51.099 52.841 53.346 54.684 57.019 56.681 57.531 55.701 57.626 61.846 62.594 62.031 61.419 56.251 54.136 52.429 53.384 53.061 53.129 52.979 52.374 52.501 53.149 53.451 52.979 52.979 53.131 53.261 53.364 53.591 54.274 53.891 53.976 53.999 54.291 55.121 55.779 55.886 55.464 55.821 59.446 63.369 61.834 57.631 62.436 64.761 65.441 65.394 60.536 61.164 64.641 61.774 63.464 62.434 58.401 61.824 60.416 58.121 57.266 58.694 58.406 58.281 58.531 60.916 60.481 58.969 58.906 58.479 58.834
50.251 50.784 51.399 52.824 53.029 53.926 57.219 57.429 57.456 57.479 57.404 61.556 61.369 58.934 51.901 52.174 52.631 52.714 52.436 52.026 52.141 52.396 53.244 53.341 53.264 53.076 52.884 52.991 53.344 53.849 53.331 53.551 53.921 53.769 54.664 54.469 55.754 56.181 55.951 56.401 56.301 60.901 64.654 64.606 64.981 57.884 59.284 65.306 65.236 64.849 61.484 56.849 59.391 59.849 62.164 60.561 57.766 58.219 57.966 57.111 57.231 57.311 58.884 59.279 59.444 59.339 58.951 59.314 58.484 58.469 59.651
50.611 51.961 50.276 52.256 55.564 56.651 57.239 57.419 57.429 57.004 56.009 53.726 53.269 51.671 52.004 51.699 51.689 51.776 51.876 51.966 52.106 52.461 52.541 52.539 52.616 52.854 53.024 52.919 53.401 53.339 53.286 53.859 53.939 55.616 55.264 54.311 54.449 57.626 62.671 62.809 56.574 62.364 64.636 64.779 64.809 63.034 56.956 63.519 63.756 58.844 56.604 57.564 57.849 58.644 57.964 56.571 56.709 57.599 57.431 57.879 58.176 59.379 58.594 58.499 57.801 57.834 58.151 59.159 59.991 59.076 61.374
