LIDAR-DSM-2M-TQ28ne/tq2885_DSM_2M.asc
ncols 500
nrows 500
xllcorner    528000
yllcorner    185000
cellsize     2
NODATA_value -9999
[rows 256 to 287 of 500, columns 0 to 71 of 500]
49.835 53.422 51.555 50.005 52.177 50.832 49.597 50.22 45.945 44.962 44.995 44.74 44.692 44.67 46.81 54.165 59.727 60.475 60.457 60.455 60.475 60.44 59.042 46.672 44.55 44.425 44.827 44.625 44.285 44.247 45.902 44.505 44.335 45.047 45.822 47.927 45.21 45.365 44.745 49.282 50.23 50.155 50.582 51.192 51.44 50.802 50.222 45.812 44.75 43.9 43.607 43.47 43.76 44.157 43.32 43.225 43.247 43.575 43.555 43.7 43.107 43.192 44.127 46.73 46.157 44.77 52.212 52.837 53.52 52.897 52.112 50.052
46.245 48.337 46.512 49.39 52.327 48.88 45.01 44.86 44.83 44.787 44.762 45.61 51.532 55.987 59.892 60.687 60.495 60.432 60.43 60.52 60.475 60.597 59.035 50.452 44.582 44.49 44.352 44.26 44.25 44.195 44.737 44.52 45.05 48.405 49.807 49.702 48.165 45.432 50.085 50.707 50.432 50.185 50.292 50.777 51.092 49.955 46.662 43.812 43.64 43.537 43.762 44.212 43.375 43.33 43.292 43.355 43.912 43.777 43.19 43.212 43.252 46.535 48.487 49.782 49.732 48.585 48.95 52.347 52.435 50.385 46.607 45.502
53.01 46.195 45.905 45.755 46.087 44.922 44.867 44.84 44.84 47.33 54.982 60.462 60.722 60.7 60.727 60.72 60.447 60.475 60.41 60.412 60.45 60.517 51.872 44.687 44.585 44.522 44.422 44.252 44.422 44.232 44.207 45.5 44.717 48.567 50.025 50.282 50.112 50.682 51.25 51.247 50.81 50.35 49.187 49.367 46.042 44.15 43.732 43.637 44.055 43.742 43.602 43.43 43.362 43.797 43.722 43.192 43.27 43.665 44.085 43.337 46.075 49.727 50.745 50.612 50.062 49.3 48.25 50.36 45.515 44.18 43.722 44.217
47.435 45.345 45.04 44.965 44.982 44.962 46.995 50.685 57.597 60.95 60.717 60.67 60.652 60.632 60.652 60.817 60.557 60.485 60.485 60.477 60.555 56.3 50.467 44.752 44.625 44.537 44.46 44.375 45.522 44.362 44.152 44.232 45.157 47.617 50.402 50.482 50.282 50.907 51.46 51.697 50.822 49.545 44.455 44.005 43.825 43.7 43.737 43.487 43.8 43.512 43.385 43.78 44.957 44.11 43.652 43.33 43.732 47.03 48.865 49.05 49.495 49.65 50.385 50.662 49.71 49.112 48.32 46.57 45.177 42.885 43.24 42.835
45.152 45.045 45.037 44.982 49.88 56.122 60.147 60.912 60.907 60.987 60.822 60.672 60.617 60.662 60.68 60.702 60.735 60.145 57.99 54.667 50.567 49.777 49.04 45.11 44.677 44.685 44.547 44.38 44.505 44.35 44.172 44.147 46.65 51.057 51.257 50.61 50.42 50.537 50.917 49.965 47.765 44.41 44.147 43.76 43.907 44.642 43.85 43.49 43.485 43.595 43.812 44.125 43.48 43.427 43.83 44.44 48.095 50.257 50.36 50 49.607 49.277 49.73 48.58 46.777 47.167 48.365 47.757 45.842 43.822 43.277 44.355
45.117 45.29 51.49 58.057 60.937 60.885 60.885 60.872 60.87 60.907 60.965 60.702 60.652 60.68 60.675 60.51 56.585 51.865 49.795 49.472 48.69 47.537 46.625 45.177 44.775 44.757 44.582 44.415 44.287 44.59 44.292 44.12 44.225 51.827 51.797 51.05 49.802 48.225 48.535 44.72 44.222 43.847 44.115 44.422 43.647 43.622 43.527 43.517 44.375 44.155 43.582 43.452 43.617 45.035 45.022 48.517 49.82 50.112 50.937 50.315 49.712 49.51 48.905 47.205 45.89 45.095 45.657 44.052 46.112 45.49 44.217 45.565
56.372 61.192 61.14 61.165 61.102 60.862 60.83 60.955 60.875 60.897 60.92 60.732 60.695 58.185 54.977 51.757 50.45 49.177 47.672 47.707 46.93 44.805 44.685 44.892 44.767 44.692 44.557 44.435 44.34 44.55 44.83 44.122 44.047 48.227 51.345 50.952 47.115 44.285 44.292 43.9 44.262 44.1 44.362 43.722 43.627 43.587 44.147 43.907 43.745 43.52 43.615 44.507 47.562 49.825 49.235 49.827 49.78 49.765 50.707 49.372 48.545 49.235 49.145 47.63 43.93 43.752 43.122 43.295 45.177 43.477 44.972 43.782
61.13 61.092 61.075 61.117 61.207 60.902 60.847 60.865 60.902 60.912 60.675 57.352 52.647 50.262 49.337 47.995 47.442 47.7 45.705 44.66 45.475 45.19 44.912 44.822 44.672 45.08 45.282 45.047 44.385 44.267 44.137 44.105 44.055 44.597 48.305 45.3 44.13 43.967 44.042 44.185 44.407 43.845 43.67 43.652 44.117 44.09 43.92 43.59 43.662 43.942 46.762 50.162 50.92 50.76 50.202 49.937 49.787 49.622 48.122 45.715 45.85 48.525 47.992 45.262 43.242 43.61 43.297 43.477 44.307 43.085 43.062 42.792
61.11 61.075 61.095 61.107 61.202 60.977 60.905 60.925 59.737 55.34 51.752 50.212 48.825 47.775 47.592 46.05 44.845 45.542 45.76 44.96 44.83 45.022 44.762 44.947 45.36 46.027 46.495 45.787 44.805 44.332 44.292 45.54 44.075 43.99 44.09 44.057 43.945 44.272 44.48 43.897 43.742 43.697 44.035 43.73 44.22 43.705 43.72 43.792 46.842 47.027 48.937 50.495 51.19 51.665 50.402 49.877 49.48 48.81 46.557 45.985 45.352 45.41 45.352 44.18 43.42 43.43 44.395 43.507 43.207 42.615 44.415 47.707
61.097 61.075 61.092 61.145 61.16 59.357 56.015 52.545 50.79 49.33 48.122 48.117 47.155 45.782 44.9 44.867 44.79 45.02 46.945 46.192 45.795 47.15 49.217 45.567 45.697 45.76 46.297 46.037 45.45 44.362 47.782 45.692 44.195 43.995 43.952 43.89 43.875 43.865 43.822 43.777 43.75 44.567 44.367 43.727 43.735 44.002 45.87 49.067 50.277 49.932 49.857 50.162 50.545 50.45 48.6 48.437 49.582 48.755 47.212 45.437 44.995 43.537 44.02 44.93 43.822 44.575 42.942 42.69 43.68 47.115 48.457 48.397
61.14 61.132 60.39 59.95 55.765 51.332 50.002 49.237 48.13 47.782 46.742 49.375 47.995 44.975 45.185 45.135 44.972 45.952 48.842 48.6 49.182 47.487 49.43 46.86 45.562 45.66 45.817 45.745 45.555 46.722 47.142 45.455 47.52 44.067 44.007 43.967 43.927 43.867 43.94 44.705 44.025 43.77 43.795 44.142 43.977 48.035 50.34 50.925 50.82 50.267 49.8 49.892 49.692 46.832 44.53 46.025 47.682 46.327 43.907 43.88 44.317 44.44 44.725 46.357 44.8 43.277 43.45 45.167 47.77 48.382 48.082 47.612
60.697 55.61 51.882 50.652 49.385 49.047 48.517 47.612 46.035 45.772 46.577 50.227 46.732 45.215 45.167 45.057 45.165 45.362 45.595 52.515 49.592 47.767 50.365 46.51 45.295 45.382 45.655 48.36 47.587 47.277 50.962 51.797 49.532 48.42 45.755 45.195 43.925 43.87 43.83 43.987 43.882 44.207 45.577 49.567 48.805 49.81 50.482 50.967 50.802 50.217 49.697 49.862 49.062 46.392 45.757 43.84 43.775 44.267 44.367 43.6 43.807 46.8 46.975 45.652 43.05 43.817 47.432 48.767 48.222 47.435 48.525 47.452
52.415 50.437 49.555 48.225 47.677 46.505 46.63 46.825 45.462 45.34 45.485 45.282 45.142 45.19 45.31 45.41 46.527 47.392 49.017 50.215 50.292 47.167 47.01 46.347 45.247 45.285 45.537 47.197 47.84 46.177 50.317 51.735 51.897 54.53 50.952 47.44 43.895 43.882 43.905 44.507 45.485 47.535 50.295 50.582 50.06 49.837 50.115 49.732 50.1 46.77 48.605 49.577 48.795 46.365 44.245 44 43.78 44.137 44.405 44.085 45.475 45.982 44.1 43.042 47.165 48.06 48.32 48.237 48.467 45.635 48.397 49.792
47.132 48.067 47.31 46.152 45.345 45.315 45.427 45.69 45.545 45.372 45.282 45.36 45.447 45.467 45.597 47.325 46.117 46.54 46.322 50.747 51.117 46.135 49.027 48.682 45.367 45.282 45.467 46.082 47.587 49.67 51.98 57.027 57.092 54.185 49.07 48.87 44.21 43.897 43.975 44.04 48.897 50.555 51.14 51.145 50.45 49.857 49.822 49.332 46.922 44.97 45.197 46.695 44.947 44.087 43.845 44.187 44 43.88 44.675 44.29 43.377 42.66 45.04 48.21 48.595 49.052 47.417 45.38 49.185 49.677 49.715 49.755
47.02 47.667 46.005 46.29 45.717 45.437 45.622 45.385 45.442 45.557 45.662 45.722 45.75 45.747 46.615 48.967 49.47 48.565 47.897 46.51 47.06 47.477 50.537 49.445 50.42 45.317 46.042 46.202 45.717 49.617 54.857 49.805 47.59 49.11 50.732 46.3 46.97 48.082 44.037 45.172 49.9 50.262 50.955 50.815 50.137 49.422 49.812 49.262 47.57 45.527 44.492 43.732 44.847 45.087 44.06 43.915 44.765 44.155 43.165 42.752 43.412 45.47 48.727 48.565 48.482 48.685 46.987 48.52 49.735 49.835 49.782 46.862
46.715 47.782 47.905 46.647 45.557 45.51 45.637 45.74 45.837 45.86 45.907 45.922 45.895 45.91 47.345 48.042 49.18 50.327 46.047 46.137 46.14 45.96 49.652 52.05 49.807 46.207 46.682 46.257 45.79 45.545 52.555 48.627 52 47.547 47.297 51.685 53.062 48.187 45.602 44.055 47.14 49.897 50.152 48.66 46.95 48.187 49.052 47.1 44.7 43.992 44.337 43.77 43.9 45.25 45.17 44.9 43.767 42.8 42.577 44.35 47.482 48.502 49.02 48.47 45.525 48.002 49.77 49.742 49.745 47.73 44.365 42.737
45.952 46.782 45.907 45.802 47.07 46.07 45.997 45.99 46.047 46.072 46.072 46.05 45.995 45.96 45.942 46.82 49.345 49.115 45.79 45.762 47.89 49.465 49.985 52.562 49.365 46.432 46.547 46.792 46.807 46.812 47.645 47.522 51.322 52.057 52.872 50.887 52.327 51.012 45.045 44.022 44.1 48.967 48.735 47.417 47.062 46.372 44.907 43.827 43.835 43.88 44.185 44.055 43.84 44.782 45.085 43.172 42.687 43.09 47.485 48.472 48.792 47.017 45.202 48.705 48.802 49.71 49.8 49.772 46.59 42.875 42.76 42.675
45.977 45.992 46.93 46.25 46.97 46.205 46.19 46.2 46.202 46.185 46.147 46.13 46.045 45.965 45.89 45.9 45.845 47.387 45.64 47.38 47.472 47.217 46.127 49.02 46.65 46.84 46.877 46.907 46.972 47.13 50.462 48.955 52.087 48.465 46.197 50.607 51.407 50.317 47.287 44.01 44.027 46.1 49.31 47.372 44.78 44.637 43.807 43.815 44.047 43.8 44.53 44.812 44.47 44.032 42.957 42.732 46.445 48.815 48.26 48.222 49.135 46.712 48.335 49.792 49.895 49.577 48.09 43.5 42.872 42.745 42.777 42.797
45.992 46.067 48.94 49.295 46.672 46.372 47.5 46.357 46.347 46.29 46.215 46.125 46.057 45.955 45.837 45.78 45.825 45.935 46.035 48.657 47.085 48.652 50.102 49.542 46.922 46.967 47.022 49.985 50.955 54.84 55.12 54.93 46.667 48.245 48.807 53.507 47.017 46.98 46.165 44.425 44.002 44.045 46.305 44.385 43.975 44.73 44.225 43.807 44.427 45.88 46.102 44.93 43.065 42.897 44.425 47.832 48.467 48.84 48.122 45.345 47.582 49.352 49.712 49.682 49.457 46.312 42.962 42.852 42.835 42.865 42.902 42.847
46.055 46.252 47.922 48.822 47.77 51.485 48.87 46.417 46.365 46.31 46.217 46.092 45.975 45.907 46.232 46.217 45.74 46.952 46.902 47.095 48.482 47.137 47.127 47.175 47.322 50.995 53.78 55.157 55.057 55.087 55.072 55.112 53.272 54.32 49.5 47.457 48.42 51.16 46.472 47.997 45.205 44.007 44.465 44.967 44.007 44.197 44.92 43.857 45.38 45.915 44.565 43.14 43.5 46.057 48.662 48.725 47.967 46.292 49.145 48.055 49.672 49.73 49.42 46.707 43.71 42.977 42.9 42.92 42.94 42.922 42.895 42.797
47.15 47.797 48.95 47.42 47.645 47.412 47.645 47.082 46.332 46.25 46.13 45.967 46.4 46.67 46.665 46.76 46.737 47.11 47.105 47.125 47.38 47.407 49.057 52.07 54.397 55.112 55.095 55.072 55.047 55.062 55.032 55.057 52.155 46.245 47.11 51.18 53.522 48.692 50.947 53.55 51.5 44.02 44.04 44.817 44.275 44.14 45.045 45.537 45.862 43.262 42.565 44.385 47.925 48.412 48.615 49.01 46.647 47.137 49.83 49.805 49.745 49.36 44.765 43.082 42.987 42.945 42.975 42.98 42.95 43.495 43.3 42.812
49.28 46.315 48.015 47.125 49.257 48.515 50.045 46.817 46.225 46.122 46.55 46.422 46.737 47.277 47.267 47.205 47.3 47.212 47.257 48.475 51.612 54.045 55.01 55.33 55.342 55.095 55.072 55.07 55.1 55.115 55.047 55.057 54.455 47.087 52.535 49.887 48.465 48.502 50.47 49.627 47.125 45.505 43.99 44.27 44.97 45.15 46.445 45.397 44.067 43.65 47.6 48.302 48.94 48.197 45.662 46.917 49.415 49.75 49.725 49.212 46.632 43.66 43.072 43 43.062 43.112 43.04 42.957 42.992 44.5 47.842 44.577
49.925 46.922 47.395 46.955 48.797 49.62 48.22 46.165 46.765 46.832 47.477 47.35 47.247 47.295 47.342 47.395 47.522 49.16 52.77 55.2 55.33 55.317 55.28 55.282 55.285 55.285 55.047 55.057 55.02 55.08 55.047 55.062 55.137 49.045 49.487 53.987 56.43 48.44 51.732 48.005 47.562 44.437 43.97 44.005 44.852 45.062 44.617 43.422 43.685 46.5 48.355 48.115 47.582 48.252 48.62 49.212 49.837 49.302 47.387 44.62 43.222 43.082 43.102 43.127 43.127 43.057 42.96 43.695 47.422 45.045 45.982 43.757
48.487 45.502 48.615 47.477 48.505 46.365 47.61 46.935 47.475 47.4 47.347 47.33 47.382 47.827 48.362 48.477 53.247 55.585 55.377 55.29 55.285 55.32 55.245 55.265 55.385 55.36 55.082 55.082 55.087 55.115 54.76 54.175 53.072 54.717 53.72 49.537 48.99 48.827 50.015 48.297 47.715 45.882 44.382 43.997 44.045 43.475 43.45 43.42 43.43 43.452 49.585 47.292 46.23 49.52 49.765 49.705 49.157 45.305 43.237 43.207 43.122 43.177 43.21 43.227 43.702 43.84 42.99 43.22 46.142 45.48 47.18 43.915
50.287 45.645 46.78 47.25 47.897 46.9 47.625 47.472 47.487 47.562 47.515 47.525 48.985 53.427 55.192 55.555 55.54 55.54 55.465 55.26 55.26 55.277 55.3 55.295 55.272 55.31 55.21 55.165 54.322 52.62 49.05 47.015 45.97 44.585 51.15 48.727 53.86 45.632 44.47 46.152 48.677 47.27 44.257 43.925 43.982 43.857 43.46 43.415 43.442 43.402 44.875 49.575 49.735 49.89 49.595 47.862 43.82 43.272 43.232 43.232 43.26 43.237 43.337 43.3 43.442 43.085 43.085 43.862 44.537 45.502 43.745 45.322
47.837 47.425 47.717 47.542 48.002 47.592 47.562 47.642 47.717 48.512 51.71 53.647 55.582 55.525 55.555 55.527 55.502 55.49 55.522 55.25 55.28 55.297 55.312 55.327 55.317 55.16 55.057 53.36 49.365 45.755 44.785 44.065 44.035 44.54 45.105 50.975 48.06 46.23 50.02 49.11 50.8 46.255 43.817 43.872 43.962 45.152 43.57 44.672 44.282 43.377 43.685 48.425 49.775 49.08 45.1 43.322 43.285 43.267 43.317 43.35 43.28 43.487 44.007 43.182 43.12 43.057 43.02 45.032 43.1 45.105 51.062 54.27
47.685 47.745 47.627 47.617 47.585 47.66 48.585 50.885 52.542 55.5 55.792 55.692 55.515 55.517 55.495 55.51 55.485 55.48 55.57 55.36 55.34 55.347 55.352 54.72 52.382 51.972 48.932 47.555 44.742 44.07 44.035 44.035 50.455 48.602 50.995 47.535 47.482 44.027 48.282 46.465 47.202 45.71 43.895 43.82 43.93 51.097 49.427 45.835 45.837 47.28 43.785 44.682 47.11 43.747 43.347 43.352 43.37 43.415 43.42 43.772 44.15 43.227 43.227 43.122 43.092 43.042 43.032 43.345 48.96 53.277 54.237 54.235
47.705 47.772 47.772 47.795 48.877 50.76 54.662 55.845 55.762 55.747 55.745 55.785 55.502 55.507 55.502 55.52 55.502 55.507 55.535 55.535 55.312 53.202 51.125 48.032 46.265 44.932 44.15 44.112 44.09 44.1 46.102 47.352 49.505 45.955 48.705 50.92 45.475 44.012 45.177 44.63 44.37 45.125 43.867 43.837 48.612 49.08 46.885 46.92 44.822 50.875 44.627 43.495 43.435 43.41 43.402 43.43 43.467 43.467 43.445 43.825 43.345 43.252 43.157 43.017 43.057 43.097 46.42 52.577 54.262 54.22 54.215 54.222
47.87 47.97 49.535 47.992 55.062 55.782 55.757 55.775 55.73 55.737 55.722 55.787 55.53 55.517 55.527 55.512 55.55 55.605 55.037 54.765 53.332 48.58 45.16 44.47 44.195 44.18 44.175 44.175 44.16 44.662 49.22 48.192 47.07 46.507 49.38 50.645 46.042 44.317 44.01 43.982 43.917 44.817 43.907 46.442 51.452 50.055 47.437 48.262 49.052 48.292 44.055 43.515 43.472 43.507 43.52 43.522 44.082 44.137 45.15 43.355 43.27 43.085 43.025 43.07 43.112 49.76 54.262 54.245 54.217 54.285 54.317 54.27
51.345 54.37 56.12 50.267 52.98 55.777 55.73 55.742 55.762 55.725 55.697 55.755 55.762 55.54 55.552 55.627 54.24 50.437 51.115 50.82 46.617 44.865 45.04 44.395 44.255 44.25 44.205 44.23 44.21 44.212 47.295 48.78 50.75 50.447 46.36 50.09 46.447 44.21 43.99 43.972 43.937 50.135 44.115 43.845 49.67 46.432 50.14 50.532 46.077 46.322 43.505 43.545 43.615 43.617 43.795 43.522 43.697 44.975 47.2 46.122 47.427 43.065 43.067 47.322 52.725 54.217 54.232 54.225 54.202 54.247 54.205 54.202
56.015 56 55.977 53.075 49.402 55.68 55.72 55.705 55.745 55.735 55.762 55.745 55.86 55.145 54.335 50.09 47.462 46.15 45.707 44.932 44.317 44.322 44.317 44.327 44.312 44.305 44.287 44.29 44.265 44.242 45.26 48.21 49.53 50.857 48.745 45.007 46.857 44.062 44.027 43.98 43.967 47.95 54.705 50.86 51.415 44.312 50.03 49.102 47.02 46.522 43.612 43.64 43.652 43.86 44.222 43.59 43.5 45.285 46.555 45.57 46.03 43.355 50.735 54.282 54.245 54.24 54.265 54.33 54.207 54.18 54.01 52.105
55.98 55.952 55.947 56.072 48.655 53.742 55.732 55.745 55.78 55.785 55.862 54.875 53.822 51.662 48.185 45.095 44.455 44.415 44.412 44.4 44.39 44.387 44.41 44.405 44.397 44.372 44.327 44.32 44.297 44.275 44.267 46.055 47.152 48.715 47.39 44.13 44.337 44.092 44.06 44.022 43.98 45.517 48.947 47.1 52.032 48.16 45.947 43.702 43.702 43.672 43.685 44.257 44.682 43.825 43.6 43.387 43.102 44.807 45.53 43.13 46.84 54.29 54.182 54.202 54.24 54.27 54.31 54.227 54.227 53.987 48.017 43.14
