LIDAR-DSM-2M-TQ28ne/tq2888_DSM_2M.asc
ncols 500
nrows 500
xllcorner    528000
yllcorner    188000
cellsize     2
NODATA_value -9999
[rows 217 to 247 of 500, columns 355 to 425 of 500]
78.109 76.497 77.154 75.097 74.607 76.822 75.752 78.677 74.174 75.347 75.832 78.064 78.052 75.967 78.504 76.942 78.014 77.789 76.214 75.022 78.049 76.437 74.819 75.687 76.817 78.432 72.712 76.219 75.759 80.054 73.977 77.764 75.794 72.644 74.682 76.969 75.607 75.412 78.979 75.767 75.377 72.452 76.414 74.579 77.869 76.462 76.752 78.947 76.267 77.664 74.294 72.494 75.467 79.624 74.309 77.399 73.487 76.777 73.207 77.954 76.184 75.494 72.359 75.604 77.217 76.274 82.869 77.437 78.549 74.342 77.927
76.092 76.782 75.047 77.642 80.457 74.034 78.422 77.932 74.462 74.752 76.737 74.667 75.774 77.377 74.502 75.997 77.764 75.559 78.097 80.137 75.857 78.074 81.369 74.542 77.959 78.914 77.007 75.732 76.052 76.134 76.872 77.007 77.797 76.052 76.727 75.582 76.059 76.694 76.352 76.684 77.459 75.939 78.064 80.092 80.234 76.242 78.624 75.179 76.767 74.512 73.629 73.267 75.007 75.432 74.574 76.792 74.799 72.654 76.027 74.459 75.212 76.827 80.302 78.999 78.579 73.607 78.237 73.462 75.709 75.152 78.604
73.722 74.904 79.992 75.224 77.527 78.704 77.552 79.007 73.087 75.254 75.377 74.102 77.662 80.229 80.027 79.604 79.189 78.309 78.024 77.669 76.649 78.339 79.404 77.389 75.209 77.017 79.009 77.264 77.114 79.167 75.309 84.762 78.152 76.457 75.282 78.214 75.379 75.569 76.792 77.439 75.184 81.434 79.387 80.059 82.259 82.289 81.874 76.754 78.912 77.972 76.797 74.634 73.099 76.604 74.224 79.129 76.897 75.122 77.944 75.714 79.217 79.192 76.227 73.862 73.364 73.547 75.754 76.167 80.392 76.884 78.172
74.854 72.712 77.114 74.917 74.064 76.469 78.237 76.999 79.099 74.874 77.179 73.784 80.099 76.307 75.677 79.322 79.817 80.584 79.082 79.357 80.902 77.619 80.879 79.652 75.827 81.564 78.004 77.519 75.869 76.257 73.867 78.194 78.667 80.864 79.069 78.834 77.744 75.812 79.964 75.477 79.569 79.627 78.802 76.067 73.834 89.604 80.339 78.422 77.259 78.104 80.214 77.819 75.119 82.162 76.514 77.372 77.899 75.852 78.017 81.334 77.787 78.314 78.164 76.279 80.747 79.414 77.712 80.692 81.084 78.172 79.307
77.207 72.567 73.142 74.802 74.177 75.449 76.167 76.757 78.759 76.169 78.084 76.884 79.282 74.202 74.872 79.092 79.112 77.047 77.352 80.624 74.349 73.967 80.159 78.854 80.674 80.199 80.527 77.372 76.039 76.772 75.744 73.819 82.677 78.637 84.844 84.267 82.529 82.039 83.974 76.724 82.987 76.607 80.702 82.249 81.779 83.912 83.337 76.772 77.367 79.817 80.577 81.752 80.222 80.722 80.047 76.717 74.184 74.217 78.477 79.479 75.079 79.932 79.689 76.347 81.124 76.394 82.624 78.577 88.034 83.584 77.522
76.329 76.732 76.334 73.857 76.957 79.359 76.289 79.159 80.342 79.849 79.289 80.162 79.142 77.704 75.067 77.894 75.144 78.389 79.889 80.667 76.372 79.454 79.599 79.809 79.587 78.139 78.629 77.942 78.602 76.902 76.117 79.057 84.359 78.932 77.979 86.039 81.969 79.919 82.369 80.859 80.532 81.112 86.624 83.667 84.049 80.474 75.352 81.804 80.557 77.374 74.999 75.302 81.397 80.517 73.607 77.677 76.817 76.947 79.849 77.692 78.064 76.659 80.462 75.834 79.834 77.832 82.102 84.124 82.292 79.077 77.344
73.767 77.977 76.009 77.637 79.477 78.119 79.942 77.199 79.929 78.137 78.559 78.817 77.197 79.029 77.049 80.514 78.119 78.994 81.439 76.887 78.064 79.647 81.537 80.534 79.457 78.252 76.912 77.464 77.309 79.534 85.552 84.527 87.177 85.207 80.422 80.252 82.762 80.662 77.424 80.122 82.079 82.359 83.349 85.447 79.504 77.677 77.552 77.144 75.159 74.787 77.659 81.034 82.459 79.339 75.444 80.212 76.989 76.977 77.689 79.157 77.902 77.914 78.494 78.517 78.962 77.857 78.477 78.832 75.119 81.287 80.377
77.672 80.654 77.947 77.812 77.597 76.007 75.484 77.122 74.879 78.809 79.817 75.492 75.959 76.794 79.024 82.039 83.659 84.227 80.522 78.007 76.407 76.882 81.652 80.549 78.967 77.644 75.987 76.559 77.112 80.307 80.314 82.214 83.967 79.787 79.854 80.974 84.727 81.909 81.622 81.102 86.034 84.902 78.147 84.729 84.589 79.864 79.702 78.237 79.792 76.704 74.304 80.924 81.572 81.289 76.077 81.882 76.539 78.067 79.264 78.719 79.712 80.337 79.199 79.739 78.619 77.727 75.092 76.547 77.537 79.309 78.442
79.384 80.177 77.052 77.152 81.992 77.927 76.017 76.809 80.672 78.387 78.722 75.872 77.354 77.774 80.187 78.567 82.262 78.012 75.997 79.184 77.652 80.764 84.847 78.742 76.732 76.449 77.117 75.969 76.264 79.467 75.242 83.689 79.867 79.292 80.892 86.809 80.654 79.564 79.629 81.092 82.399 79.332 77.299 88.392 80.139 83.192 79.619 75.284 76.542 75.474 75.282 81.847 77.237 80.849 74.639 77.864 79.662 79.679 80.394 80.259 82.279 79.579 81.942 81.912 82.497 78.757 78.277 78.177 77.319 78.227 78.727
79.647 76.619 78.027 77.007 80.477 78.482 79.502 80.309 75.899 80.017 81.182 80.052 79.624 79.352 78.557 79.594 80.654 84.957 81.174 81.247 80.794 78.529 81.109 82.917 81.607 76.597 76.284 81.242 81.579 76.579 76.092 82.894 78.452 84.584 80.902 79.602 81.179 77.127 80.549 82.882 80.882 80.289 83.669 83.852 83.447 87.974 79.944 76.014 79.474 80.172 77.864 76.594 79.464 80.582 76.309 75.157 78.697 78.917 78.772 75.279 79.937 82.067 78.717 80.872 85.154 82.237 81.004 77.034 82.432 81.554 81.482
77.057 76.402 78.599 77.164 76.944 78.012 82.014 78.012 79.864 80.532 79.379 81.412 79.762 79.987 83.207 81.994 79.682 82.172 82.117 81.987 79.549 79.867 83.742 81.929 80.939 78.639 77.752 78.279 82.719 80.409 76.384 79.127 82.837 84.592 83.659 77.222 78.294 79.447 80.289 82.302 84.767 83.789 87.362 83.194 84.542 82.294 77.744 78.064 78.702 81.747 79.792 79.132 80.687 77.577 79.557 76.737 77.619 80.864 78.609 76.874 80.964 82.447 78.837 79.677 83.549 83.084 79.139 77.184 80.717 82.089 79.632
77.224 76.672 77.144 79.397 79.132 81.519 81.482 81.092 80.319 81.927 76.902 79.842 82.229 83.932 79.827 80.042 81.977 79.882 79.759 81.442 79.552 79.694 78.047 77.087 76.327 77.627 81.157 80.317 82.497 80.762 77.614 80.737 83.209 79.537 81.089 78.382 83.907 82.687 82.399 83.804 82.559 79.799 82.019 76.354 79.459 76.347 84.757 84.959 80.594 77.192 79.539 77.509 76.957 79.439 76.379 79.572 83.359 80.577 79.599 80.122 80.989 83.377 80.824 81.154 82.309 83.919 81.437 81.227 81.709 83.794 79.837
75.424 76.507 77.967 78.884 81.292 79.602 80.122 85.619 79.607 77.642 78.364 79.949 82.499 81.577 87.122 80.692 79.872 78.342 83.922 82.664 78.139 79.832 78.709 78.757 80.729 79.702 77.614 78.689 81.532 83.352 80.844 79.804 79.132 80.984 83.067 79.979 78.944 78.917 79.534 80.737 79.719 79.062 85.249 78.529 79.742 84.472 81.012 79.369 85.922 78.359 80.662 77.624 79.422 79.322 77.887 80.957 79.534 82.652 81.654 81.007 78.799 82.922 79.044 80.799 81.479 81.152 82.534 83.507 80.147 80.067 79.674
77.389 79.747 78.869 81.519 80.187 77.819 82.177 79.039 79.444 80.657 78.589 85.127 83.044 82.259 85.309 77.444 76.817 77.152 80.802 79.589 81.842 79.559 79.097 84.642 81.144 80.034 77.544 79.724 80.747 80.174 83.457 81.854 80.894 78.102 86.177 80.669 80.817 79.414 77.372 81.387 80.622 79.239 81.907 82.839 79.617 76.589 81.877 84.539 82.882 79.469 80.409 82.172 82.454 80.012 81.609 80.107 78.984 82.964 83.317 80.052 80.614 82.584 82.914 83.372 81.512 77.519 82.084 81.189 84.002 79.839 77.984
78.132 76.942 79.337 80.987 80.484 82.257 83.489 81.734 82.132 79.954 81.924 84.877 83.822 84.377 79.449 78.789 78.269 81.357 82.902 79.767 80.799 81.262 82.607 84.974 84.532 81.359 78.187 78.517 77.117 83.747 79.689 79.292 82.872 82.654 83.807 81.617 80.029 78.427 79.799 78.182 77.177 77.249 78.347 83.702 85.724 81.724 81.002 82.297 77.859 79.824 79.827 84.657 81.399 79.074 81.312 79.589 82.792 80.924 81.154 81.327 81.667 82.934 81.384 80.479 81.472 80.427 81.224 82.684 83.104 81.587 80.357
79.807 77.374 81.269 81.042 79.077 83.847 79.544 80.004 78.157 77.974 82.704 84.872 85.144 83.902 85.677 80.434 84.104 82.924 81.099 81.934 80.362 81.399 81.672 85.279 85.607 83.342 80.912 76.957 81.429 85.574 87.112 89.739 81.022 83.417 82.512 77.937 78.754 80.679 79.244 80.189 78.754 79.502 81.819 82.114 84.547 83.769 80.187 82.847 81.587 80.572 82.227 87.314 79.424 79.932 79.327 84.484 81.722 80.914 79.402 79.862 79.514 78.822 81.119 82.769 82.664 80.472 82.049 79.212 82.324 82.582 79.517
77.097 77.829 80.889 84.284 80.434 78.669 79.932 80.347 82.617 79.707 80.169 83.849 80.624 81.204 87.989 84.454 80.322 85.299 80.469 81.002 82.184 80.602 81.497 79.077 87.572 86.489 81.792 81.499 80.247 84.169 86.004 82.069 85.379 77.527 81.984 82.502 84.557 83.869 82.232 80.092 80.049 80.222 81.437 78.597 79.867 84.144 78.214 82.137 82.459 84.599 84.554 88.074 87.829 82.149 84.649 83.869 80.679 82.844 83.557 80.182 81.372 82.892 80.807 81.719 82.654 81.337 81.692 82.697 78.719 79.302 79.199
78.167 84.264 82.497 86.079 81.469 83.357 81.674 79.367 81.149 82.684 82.832 78.494 83.257 83.689 85.477 87.704 87.297 80.027 78.869 80.099 80.637 81.659 78.162 79.409 83.557 86.292 85.469 81.152 84.999 78.884 81.484 80.294 79.457 86.772 89.229 87.119 86.737 88.042 81.162 80.614 80.402 79.429 82.724 81.729 80.827 86.054 82.902 84.167 82.844 79.532 84.047 84.847 79.209 78.122 80.754 81.092 85.039 81.709 80.869 82.042 86.299 85.849 79.217 82.304 81.787 82.994 82.392 80.454 79.702 81.782 82.187
80.209 83.897 86.537 82.002 83.562 82.974 82.579 82.067 81.089 81.372 82.329 80.362 83.574 83.992 84.119 82.819 82.729 88.022 82.222 81.927 82.742 80.617 82.757 83.322 81.144 90.502 85.004 84.787 83.777 81.842 82.759 81.689 79.204 85.534 88.379 82.039 83.604 81.137 83.179 82.392 80.802 81.812 81.697 82.157 80.349 81.982 83.159 83.344 82.522 78.164 80.637 81.482 82.312 83.932 80.097 81.039 78.684 85.819 86.714 84.557 83.509 83.187 85.442 87.527 84.754 83.967 82.629 82.007 86.754 85.189 84.319
79.822 86.042 80.204 78.657 80.094 80.049 80.187 83.264 83.959 84.192 80.329 81.267 83.764 82.259 85.742 83.339 82.659 87.324 82.212 82.827 83.344 83.489 80.884 81.989 86.522 84.862 85.317 80.989 86.079 79.939 82.119 87.802 89.144 84.019 82.087 83.832 83.857 88.839 83.587 82.769 81.139 82.009 85.199 80.557 81.942 83.877 81.979 81.452 83.102 86.424 80.812 80.504 82.867 82.922 82.342 81.467 81.829 84.457 83.274 82.897 87.024 85.754 82.024 82.662 86.037 85.624 79.857 80.002 86.362 84.132 80.647
82.487 83.072 80.822 80.812 85.727 85.739 81.312 80.362 80.942 82.334 80.547 80.829 84.254 82.377 86.982 84.012 84.242 85.312 86.742 81.039 80.499 81.679 83.377 82.727 84.512 88.077 89.694 83.672 81.319 83.304 82.617 85.847 79.269 84.714 87.122 84.364 87.449 85.197 82.862 80.494 79.749 84.622 84.757 81.097 83.414 84.637 81.482 80.549 81.304 84.747 84.482 81.602 85.454 83.297 82.897 83.589 79.054 81.187 88.844 83.599 88.467 84.467 80.437 81.189 85.272 85.557 87.139 83.089 84.777 85.109 86.212
81.757 83.704 82.854 79.612 86.254 84.437 85.599 81.624 79.002 80.569 80.394 82.062 79.417 80.509 82.629 81.317 83.142 86.754 83.257 81.294 79.404 79.949 80.857 86.572 84.369 86.994 89.559 83.514 82.477 82.542 79.719 80.424 80.419 86.264 82.237 84.387 79.812 83.337 89.287 84.739 81.269 84.997 83.522 82.649 81.117 82.504 79.252 81.007 80.307 82.779 84.944 84.382 89.472 80.642 80.609 84.457 80.789 83.687 86.449 86.777 85.509 87.442 84.187 83.464 82.362 81.424 83.744 83.809 86.312 85.384 86.299
83.334 78.712 83.974 81.434 89.009 87.282 86.227 84.409 81.312 82.519 79.847 82.649 82.207 79.749 81.352 80.472 83.049 82.194 84.694 82.159 81.544 82.029 80.442 85.334 86.992 88.354 87.472 83.247 82.562 82.329 82.272 88.392 84.637 84.074 81.152 81.097 81.654 83.654 83.489 85.439 86.522 83.607 85.339 82.534 83.422 83.374 82.234 80.504 81.387 83.079 87.042 82.064 87.209 82.417 83.212 82.822 84.837 85.554 82.802 85.059 87.567 82.402 86.962 83.202 83.764 83.957 84.447 83.817 81.002 81.202 84.502
85.797 81.082 83.142 81.482 86.064 86.959 84.154 82.354 80.702 81.019 80.597 83.429 85.144 83.499 82.704 80.327 80.727 82.892 84.039 82.602 82.919 84.142 87.997 88.377 85.817 90.997 86.792 83.359 84.569 86.217 87.184 81.872 85.047 81.529 80.202 81.284 81.087 82.124 85.884 80.792 82.964 90.112 81.854 80.474 82.279 83.447 83.644 81.297 83.709 82.524 88.532 80.427 84.387 85.002 80.249 86.987 88.037 85.787 87.117 88.212 88.367 84.662 81.797 85.194 84.629 83.747 84.702 85.804 79.749 86.104 84.842
85.777 83.069 79.624 83.027 82.077 81.812 83.977 83.354 81.982 84.427 81.429 81.932 84.979 84.107 82.864 79.677 82.067 84.459 87.642 84.689 88.264 85.832 83.027 91.689 86.314 88.084 87.799 83.559 82.332 86.997 84.384 83.482 81.944 80.364 82.992 80.427 81.507 85.497 84.052 83.909 82.169 85.469 86.654 82.149 81.747 82.187 82.907 82.724 81.087 82.817 82.297 81.067 85.834 88.284 86.577 83.624 86.044 81.289 92.344 91.489 86.767 86.832 85.014 83.042 82.324 81.692 82.784 81.887 83.714 81.499 83.567
83.429 82.494 86.734 82.347 82.654 79.897 82.087 80.762 82.877 84.259 80.564 83.007 85.892 87.129 82.179 79.847 86.452 88.229 84.077 84.669 85.402 81.837 84.032 82.147 89.727 90.682 84.644 84.194 80.684 85.332 87.942 86.749 84.029 83.159 84.667 83.137 82.434 82.984 83.154 84.249 82.352 81.854 85.239 83.484 81.284 81.029 83.622 85.117 83.452 85.122 84.347 85.227 89.062 89.787 89.864 85.137 81.997 83.127 87.399 88.627 87.012 85.602 84.944 82.364 82.419 83.369 82.559 83.264 86.282 83.164 86.639
82.529 84.517 85.014 81.799 81.842 80.974 84.737 86.029 90.044 84.202 81.227 84.782 84.492 85.312 84.189 84.199 81.584 85.977 83.142 92.152 88.582 80.047 84.262 82.799 81.527 85.994 87.252 82.774 85.187 83.519 86.774 87.942 86.062 84.349 81.194 82.344 81.394 81.549 81.554 84.152 82.167 82.492 85.847 82.952 81.262 81.064 82.544 87.449 82.902 84.914 83.832 84.547 87.964 82.159 88.419 88.402 85.637 84.182 84.097 87.492 87.237 85.762 81.942 84.454 84.342 84.484 86.897 83.339 82.809 85.352 87.302
82.017 84.502 81.099 82.557 83.182 84.182 82.777 85.512 85.659 84.819 85.799 86.202 82.267 80.754 81.502 83.522 81.764 82.382 84.209 82.184 87.432 80.242 87.349 87.864 85.794 85.377 85.872 83.502 83.287 86.179 83.067 84.532 85.469 86.812 84.749 82.849 81.747 81.372 81.097 81.064 81.054 81.152 83.832 83.687 81.959 81.434 81.747 83.222 86.194 83.019 85.522 87.139 86.557 86.342 81.562 84.149 81.359 83.332 85.527 82.587 87.209 81.947 85.132 86.112 84.542 86.432 86.229 86.869 86.527 84.269 87.954
83.772 82.927 82.574 85.479 87.207 86.067 82.732 85.617 85.987 84.309 83.624 84.854 84.604 83.734 85.879 85.949 84.929 89.392 84.764 83.144 83.972 85.439 85.332 82.127 82.747 81.624 81.159 82.317 83.104 85.347 85.119 86.154 85.017 83.327 84.437 81.392 81.452 81.552 81.454 81.439 81.427 81.422 81.444 81.474 81.522 81.597 87.724 87.714 86.404 86.709 88.129 86.709 85.662 87.697 84.342 86.894 85.257 85.889 83.189 82.897 85.184 83.639 84.994 85.594 83.347 85.034 84.979 86.902 83.799 80.572 90.852
80.859 82.007 84.879 86.499 83.247 85.987 86.879 82.689 87.864 86.779 83.647 83.029 84.944 83.559 84.382 82.359 82.779 83.804 84.099 87.189 90.294 87.009 86.729 87.324 83.249 82.582 82.749 83.202 85.372 82.324 81.532 88.332 84.299 85.784 81.719 81.729 81.722 88.912 81.667 81.639 81.759 83.447 81.724 81.699 81.712 81.757 81.722 88.954 85.692 85.357 83.979 89.644 91.967 88.977 87.294 88.477 88.752 84.564 83.114 85.587 84.894 85.944 84.824 87.639 81.902 85.717 81.832 84.379 83.102 87.477 89.122
83.977 86.319 84.567 89.412 85.339 86.549 89.049 83.539 84.302 82.884 81.302 85.344 87.669 84.379 83.597 82.634 82.504 81.424 82.699 85.334 85.719 86.679 89.184 88.132 81.504 81.677 82.959 83.844 83.844 86.174 84.272 83.997 83.787 83.464 81.999 81.859 82.437 83.069 82.109 81.922 82.722 82.534 83.402 81.934 81.902 82.444 83.864 88.477 81.912 86.317 84.484 85.437 86.952 90.839 87.602 83.327 85.697 86.294 85.952 83.707 83.492 84.867 83.857 84.862 84.034 86.044 82.012 85.202 85.517 82.677 85.324
