LIDAR-DSM-2M-TQ28ne/tq2886_DSM_2M.asc
ncols 500
nrows 500
xllcorner    528000
yllcorner    186000
cellsize     2
NODATA_value -9999
[rows 32 to 63 of 500, columns 142 to 212 of 500]
103.749 103.324 103.039 108.479 110.334 109.451 108.626 108.266 105.351 104.928 102.638 100.736 100.383 100.383 99.951 99.751 99.643 99.656 100.506 99.536 99.296 100.623 98.823 98.526 99.566 99.303 98.781 98.693 105.686 105.148 102.833 99.146 100.431 100.616 98.468 100.441 105.373 102.516 102.498 101.636 100.893 100.826 104.673 101.826 101.788 99.443 99.461 100.616 102.663 101.611 99.153 98.406 98.403 101.908 101.021 102.298 105.528 103.113 104.808 100.476 104.056 103.828 105.531 99.983 103.236 104.243 106.133 103.911 106.353 99.801 100.148
105.321 103.429 103.159 106.994 109.271 107.199 105.319 105.211 106.393 107.783 103.063 101.703 100.821 100.701 100.026 99.828 100.481 99.768 100.066 98.638 98.603 98.633 98.963 98.628 98.583 100.153 98.728 99.123 104.996 100.168 100.958 105.276 103.331 105.406 99.901 105.316 98.328 102.381 104.673 103.066 101.051 97.903 97.706 98.101 99.581 101.548 100.926 99.663 102.846 101.078 102.216 102.923 98.003 101.436 101.503 100.268 102.298 100.788 99.618 102.556 107.091 103.061 100.631 103.976 99.998 102.683 104.711 107.598 104.511 101.213 100.291
105.189 105.216 103.466 102.864 104.361 104.694 106.559 108.481 108.721 108.578 106.121 101.798 101.343 100.586 100.048 99.881 99.436 98.741 98.673 98.623 98.581 98.578 98.831 98.991 100.426 100.828 102.658 103.918 99.753 100.423 106.243 108.381 104.563 98.551 98.341 103.711 104.118 100.063 107.418 106.413 99.371 99.948 100.621 97.633 100.778 102.546 102.243 101.903 104.596 102.301 101.338 102.741 101.723 99.883 99.028 99.498 101.021 100.676 101.581 101.301 104.458 103.043 100.446 101.243 105.501 104.498 106.031 101.953 103.346 102.176 99.553
106.076 104.069 103.361 102.556 103.794 107.406 109.419 110.311 110.158 108.818 105.413 102.301 101.643 99.906 99.321 98.968 98.806 98.748 98.691 98.631 98.768 99.273 99.016 100.626 103.966 104.911 102.676 103.151 103.748 104.013 104.253 102.698 103.768 103.446 105.208 104.323 102.761 101.593 101.088 107.313 101.476 101.356 99.766 99.913 100.123 102.063 101.618 99.446 104.333 98.958 100.256 97.948 99.348 98.706 104.266 105.461 102.038 99.993 103.758 101.583 100.618 100.708 101.583 100.538 102.638 102.771 99.646 99.643 102.161 101.116 107.011
104.899 105.011 102.294 101.679 102.581 107.631 109.311 109.866 109.186 108.296 105.748 103.851 101.253 101.063 99.816 98.886 98.846 98.781 98.716 98.736 99.566 100.348 99.046 103.321 101.531 102.283 106.263 100.471 105.618 99.906 103.903 104.153 104.376 103.078 101.566 102.963 100.806 98.998 105.903 99.668 97.813 103.208 101.911 97.876 103.086 98.828 99.598 97.493 99.173 105.483 100.678 100.028 101.106 101.041 102.908 103.863 100.801 106.198 100.686 101.573 103.598 100.766 102.266 100.731 99.713 102.553 100.728 98.543 104.033 104.596 102.733
101.856 101.926 101.894 101.829 102.231 105.369 108.979 108.289 106.026 105.026 103.233 104.193 103.408 101.858 100.428 99.668 98.883 98.796 100.153 99.701 99.183 97.971 99.781 101.453 101.486 105.586 104.008 102.866 105.373 107.861 99.908 98.806 104.881 99.796 97.593 100.253 103.358 103.688 100.221 101.493 97.951 103.003 99.436 100.336 101.318 97.343 100.861 106.078 99.476 100.726 100.956 102.456 100.996 101.506 98.531 102.481 102.586 103.353 104.663 100.161 100.743 102.886 101.046 103.266 98.061 104.833 103.851 97.928 99.293 107.003 104.411
101.686 102.271 102.081 101.961 101.914 103.721 104.381 104.019 104.421 105.448 106.163 107.018 103.808 101.848 100.693 100.128 99.388 99.406 99.281 98.031 97.958 97.808 97.346 101.928 100.573 104.551 100.491 99.108 105.806 103.241 102.713 97.758 102.103 98.816 98.266 99.248 101.998 101.248 99.863 103.266 106.673 105.261 105.298 106.646 101.931 102.746 99.136 102.663 98.546 100.953 100.351 100.893 104.331 103.246 101.228 103.516 101.791 104.986 104.831 105.083 104.268 98.988 101.046 101.548 99.483 103.426 105.071 98.211 103.178 104.403 106.226
101.466 101.494 101.869 101.836 101.871 101.341 101.724 104.026 108.123 108.878 108.293 108.303 104.708 102.656 102.121 100.296 98.943 98.258 97.993 97.976 97.943 97.916 97.518 98.206 99.381 102.828 103.343 102.156 99.566 102.496 104.383 102.193 102.271 101.361 106.526 101.523 102.293 101.706 102.536 100.508 101.811 101.271 101.218 108.581 104.881 104.258 98.163 100.343 100.028 101.693 96.888 99.818 102.511 101.641 101.126 101.433 105.553 102.768 104.406 105.978 105.501 100.038 98.988 101.033 101.126 102.328 104.063 101.788 101.938 104.786 101.653
101.229 101.116 101.409 101.026 100.829 100.591 101.996 106.971 108.388 109.138 108.978 108.081 106.151 103.198 101.033 99.191 98.298 98.021 97.996 97.983 97.936 97.943 97.768 97.363 101.146 105.761 104.411 101.796 101.831 104.656 104.546 101.103 99.531 106.823 104.741 103.511 101.346 103.606 102.948 97.638 103.516 101.258 107.286 105.598 100.233 100.496 102.181 100.993 98.246 97.476 101.573 99.813 102.631 100.551 101.123 104.466 103.883 105.366 104.083 101.691 105.296 99.648 100.243 102.751 98.503 103.306 103.796 101.616 101.011 104.528 106.391
100.961 100.889 100.826 100.729 100.666 100.999 101.224 106.521 108.123 108.243 107.396 105.823 104.113 101.811 102.228 99.776 98.638 98.018 97.993 97.973 97.953 97.988 98.088 97.933 98.208 105.821 101.508 99.731 103.983 102.978 101.383 101.173 101.056 107.008 106.906 103.516 99.091 99.751 99.858 100.421 96.898 97.298 97.063 103.843 106.278 101.111 100.613 101.026 98.231 102.778 101.333 100.893 98.326 102.376 100.196 103.528 101.436 107.938 104.923 102.241 101.726 97.598 102.821 101.166 100.398 99.118 104.763 99.966 100.838 104.956 101.456
100.694 100.661 100.651 101.824 101.004 101.171 101.044 103.949 107.381 105.908 103.616 101.646 102.718 104.433 103.093 99.976 99.793 98.223 97.988 98.023 97.766 98.321 98.218 97.081 100.481 101.141 98.943 101.426 105.396 102.828 100.606 100.953 105.783 100.348 100.333 105.548 97.983 98.096 98.258 106.106 98.286 99.421 97.203 99.293 104.731 107.288 99.438 98.348 98.466 98.521 102.601 103.853 101.543 104.936 104.518 101.911 100.571 103.193 100.246 100.466 99.803 98.216 101.306 102.616 103.031 100.736 102.046 98.171 101.221 101.138 99.673
100.579 100.564 100.481 101.586 101.201 100.579 100.981 100.866 103.613 102.216 103.068 105.071 106.246 106.561 104.781 100.266 99.563 98.336 98.776 98.533 98.638 97.773 97.806 96.616 96.616 101.128 100.578 102.508 101.513 100.478 102.336 100.193 100.818 104.558 101.791 104.431 100.478 104.343 98.288 108.808 103.483 101.541 101.636 99.071 101.611 103.176 97.856 96.548 96.531 96.473 99.716 101.721 103.013 105.311 99.881 104.768 103.246 99.191 98.466 96.911 100.551 99.418 100.918 98.958 100.423 99.326 100.418 102.153 99.828 99.411 102.001
100.411 101.446 100.309 100.201 100.744 101.394 100.339 99.516 101.036 104.926 106.303 107.608 106.551 107.798 104.756 101.603 100.671 100.086 98.143 98.836 97.926 96.666 96.643 96.581 100.283 103.506 102.131 101.848 107.651 103.511 102.598 105.243 105.816 102.983 101.758 101.891 103.841 101.748 102.418 105.983 100.643 97.476 101.998 102.126 97.088 103.338 97.973 97.158 98.661 96.423 103.061 98.266 98.723 103.831 100.203 106.633 106.091 101.651 99.806 101.373 101.526 100.533 102.486 99.506 99.538 97.186 102.108 97.416 101.076 98.201 99.688
100.359 102.099 100.091 99.964 99.884 100.019 100.341 99.751 99.441 104.673 107.006 108.021 107.458 106.581 105.351 101.931 102.283 101.378 98.858 96.886 96.778 96.668 96.648 96.628 100.171 99.261 104.166 101.366 97.956 97.488 100.108 103.128 103.236 101.458 102.738 101.108 105.613 110.066 105.801 97.831 97.298 98.058 106.133 97.143 99.361 99.638 99.338 99.768 97.481 97.903 101.963 99.611 97.341 104.421 107.236 101.406 106.906 100.111 100.426 104.653 102.428 102.651 100.998 96.973 98.348 100.598 96.918 96.278 98.183 97.428 98.678
99.911 99.836 99.779 99.771 99.799 99.941 99.901 99.466 99.893 104.698 106.773 106.623 104.888 103.593 102.153 102.721 102.551 101.818 100.241 97.168 97.118 97.008 97.318 97.401 97.076 97.146 98.986 101.586 101.036 101.293 101.513 102.233 102.676 104.126 101.971 101.088 103.756 104.421 101.593 98.341 96.371 101.671 103.998 100.018 99.886 97.181 99.326 101.488 101.331 101.768 96.366 99.461 100.666 98.583 100.283 100.486 102.933 98.271 103.343 108.453 101.446 103.653 100.733 95.966 96.913 98.831 99.391 100.758 97.356 98.261 99.788
99.739 99.576 99.569 99.674 99.624 99.571 99.486 99.441 100.216 102.233 105.093 103.181 101.393 101.513 104.028 105.231 105.038 102.718 99.248 97.786 97.876 98.263 97.171 97.018 96.606 96.928 102.206 97.496 100.421 97.958 100.043 102.118 103.748 101.156 105.096 98.656 100.661 102.841 100.263 96.386 96.366 98.811 103.601 101.461 96.511 100.993 98.393 102.313 100.036 98.056 95.833 95.838 95.961 98.428 98.278 102.658 98.561 101.033 100.301 105.686 103.346 100.093 97.396 97.896 99.276 99.251 99.933 97.493 100.418 97.826 99.043
99.669 99.434 99.554 99.584 99.464 99.346 99.416 99.339 99.718 99.491 99.418 102.401 103.556 105.201 106.076 106.518 105.103 101.488 100.576 99.418 100.446 98.128 96.651 96.098 95.931 95.751 95.591 99.116 101.538 98.841 100.786 97.983 102.871 104.006 101.066 101.736 101.428 96.958 96.191 96.251 99.561 99.966 101.411 99.983 101.943 102.208 100.971 101.581 101.771 104.166 100.673 99.298 101.453 95.866 99.361 97.448 99.521 98.781 99.803 100.456 103.186 101.666 95.768 97.423 104.801 100.051 96.883 98.311 99.306 98.251 97.746
99.489 99.366 99.229 99.551 100.259 99.146 99.156 99.259 98.778 98.663 98.591 101.713 105.446 106.773 107.338 106.728 105.563 103.401 101.118 99.863 97.243 96.636 96.206 96.118 95.961 95.793 95.926 95.916 96.076 98.248 101.298 105.546 102.363 101.098 103.681 101.961 101.168 96.158 96.133 96.053 96.116 98.491 100.801 100.138 100.868 98.608 98.933 98.988 97.588 96.616 99.133 101.616 101.641 97.578 98.406 95.623 98.796 100.631 97.696 96.063 95.968 99.256 94.848 98.081 98.473 99.488 97.158 101.291 98.786 97.181 98.043
99.356 99.231 99.079 99.079 99.016 98.904 98.911 98.819 98.816 99.069 98.661 100.911 104.339 106.349 105.949 104.634 103.536 100.129 99.669 99.694 97.151 96.436 96.231 96.126 95.979 95.864 97.131 96.751 101.404 103.329 99.744 105.811 101.054 100.591 104.404 104.959 97.804 97.186 96.254 95.944 95.821 95.919 95.914 98.244 101.301 100.849 100.204 99.216 97.766 98.261 96.929 101.021 100.031 102.709 100.071 98.269 98.251 99.529 96.569 98.076 95.019 95.483 94.784 94.714 96.161 97.216 97.903 97.641 98.928 96.144 95.959
99.201 99.116 98.936 98.761 98.729 98.754 98.754 98.716 98.796 99.211 98.939 98.594 102.146 105.039 102.591 100.969 100.439 101.426 103.876 102.119 98.931 97.136 96.311 96.166 96.286 96.839 96.256 95.424 100.611 98.161 100.061 101.614 100.894 102.559 102.856 103.534 102.346 96.781 101.049 99.306 95.534 96.156 98.791 99.421 98.676 99.966 100.609 98.716 97.086 96.854 100.096 99.471 102.989 99.411 100.079 100.729 99.209 100.204 99.011 95.608 94.861 97.373 95.816 94.731 94.546 95.576 94.373 94.269 95.883 96.466 95.406
99.014 98.976 98.844 98.641 98.571 98.669 98.651 98.519 98.696 98.541 98.681 99.286 100.466 99.509 100.539 102.006 103.496 104.951 104.839 103.854 100.304 98.524 97.309 97.474 97.166 96.769 95.911 95.251 95.126 96.896 97.194 98.589 100.904 101.951 101.801 102.274 102.101 103.171 104.419 97.959 96.569 95.421 95.359 96.446 95.661 101.654 97.806 99.951 95.269 100.076 96.714 98.246 102.536 98.576 96.416 99.539 102.239 103.554 100.284 97.591 96.674 97.894 98.058 94.659 94.426 94.349 94.284 94.191 97.269 99.809 95.328
98.796 98.804 98.736 98.549 98.534 99.289 100.174 98.376 98.361 98.454 98.831 98.179 97.751 98.754 102.741 104.891 105.841 106.379 106.359 105.459 100.806 98.789 96.429 97.419 97.011 95.601 95.334 95.199 95.101 97.931 102.269 99.736 104.064 99.606 102.856 102.864 99.206 96.024 102.721 98.141 97.339 99.111 95.354 98.191 98.994 98.956 96.376 97.544 95.116 101.661 100.604 99.661 98.094 98.306 98.566 98.441 99.799 103.371 102.538 97.339 99.498 99.528 99.224 97.383 96.201 94.691 95.641 94.743 94.971 98.553 97.501
98.604 98.616 98.586 98.486 99.419 98.309 98.264 98.206 98.149 98.109 98.326 98.574 97.859 98.266 101.681 105.021 106.381 106.514 106.006 104.256 100.249 99.461 96.531 95.979 95.476 95.414 95.309 95.161 95.241 96.361 99.311 99.169 100.386 100.116 101.231 96.639 98.164 97.696 99.691 99.319 96.426 98.471 95.171 96.554 95.426 97.709 103.616 98.669 99.309 101.876 95.554 99.576 97.669 97.929 100.696 100.681 99.646 100.644 97.974 97.371 94.786 99.196 98.221 98.538 101.571 103.601 95.809 93.756 95.276 97.849 98.461
98.421 98.459 98.416 98.361 98.519 98.114 98.001 97.964 98.026 97.976 98.209 97.971 97.756 97.706 101.206 105.096 105.921 103.284 101.289 100.271 101.474 102.044 98.729 96.976 95.821 95.506 95.816 95.864 96.261 95.474 94.981 100.804 99.819 96.414 101.184 96.669 97.039 96.894 100.361 100.359 98.791 101.511 96.976 98.491 101.056 100.166 98.086 97.601 98.896 96.639 101.126 96.351 98.019 98.406 98.584 102.614 100.341 99.464 100.028 95.233 94.141 96.441 98.998 99.683 101.559 103.678 100.136 100.263 98.803 97.284 94.711
98.379 98.226 98.256 98.199 98.094 97.894 97.821 97.861 97.886 97.811 97.791 97.691 97.646 97.566 98.504 102.069 99.271 100.059 101.439 103.226 103.899 103.621 100.624 97.534 96.491 95.964 96.246 95.931 95.229 94.869 94.609 98.351 99.541 96.911 99.519 98.294 96.269 98.334 102.771 99.769 96.581 97.904 100.296 97.624 99.644 102.371 98.306 94.424 97.601 95.879 98.774 94.619 94.259 98.261 103.379 98.816 102.174 98.834 99.403 95.096 94.736 96.171 103.239 101.608 101.851 100.931 104.199 99.531 96.583 95.691 93.038
98.276 98.056 98.061 98.081 97.949 97.801 97.669 97.834 98.009 98.516 97.681 97.659 97.644 97.519 97.559 97.291 97.804 102.649 104.646 105.359 105.409 103.684 99.499 98.836 97.104 98.016 97.424 94.849 94.704 96.151 94.914 94.859 97.479 98.881 97.799 96.696 97.616 97.089 100.346 103.229 99.669 97.634 98.614 98.119 101.329 97.741 97.669 97.459 95.311 96.849 98.636 97.214 98.186 94.396 100.684 101.696 100.909 97.946 98.341 95.198 94.778 95.269 99.099 100.126 102.296 98.858 99.421 94.816 93.233 93.441 93.061
98.124 97.946 97.809 97.896 97.854 97.739 98.644 97.651 99.304 98.209 97.406 97.526 97.351 97.479 97.854 97.156 98.251 103.646 105.129 105.401 104.616 103.606 101.279 99.444 97.691 96.541 95.206 94.731 94.689 94.776 94.616 94.986 95.769 99.761 98.446 102.524 100.189 100.901 98.431 100.876 98.266 98.096 97.989 97.784 96.804 96.114 96.654 98.366 95.001 96.709 99.281 95.394 97.421 96.819 99.026 98.321 97.174 97.071 95.368 94.948 94.516 93.561 98.896 94.616 94.206 95.776 94.161 93.926 93.011 93.151 94.071
97.896 97.769 97.669 97.714 97.656 97.561 98.519 98.281 97.924 97.786 97.226 97.211 97.156 97.146 96.974 96.879 97.914 103.824 104.314 103.764 102.226 100.241 99.519 100.174 98.766 96.429 95.851 94.879 94.791 94.686 94.796 98.314 98.629 103.964 97.276 101.626 101.724 97.499 99.656 97.814 96.331 97.614 97.606 96.646 97.841 97.379 97.364 98.641 97.879 99.474 97.486 95.074 96.746 98.161 99.416 97.436 96.419 95.821 95.001 93.493 93.236 94.961 96.066 98.458 94.979 93.578 94.861 93.558 92.756 93.286 94.061
97.796 97.681 97.614 97.466 97.519 97.469 97.576 97.224 97.071 97.061 97.084 97.066 97.201 97.131 96.909 96.856 96.876 102.614 102.166 100.689 98.729 99.476 102.186 102.894 100.479 96.396 96.441 94.896 95.244 96.381 95.864 95.056 96.351 101.446 101.311 103.109 102.514 102.444 96.651 96.741 95.701 97.496 98.421 99.246 96.466 96.816 100.756 100.239 97.349 100.116 97.491 97.166 96.354 97.239 97.331 101.639 97.579 95.921 96.534 92.576 91.996 92.701 93.364 93.538 92.028 92.376 92.949 92.841 92.771 92.156 91.773
97.649 97.601 99.144 97.359 97.286 97.261 97.214 97.096 96.921 97.026 96.946 96.906 96.984 96.909 96.849 96.876 96.781 96.889 96.539 99.401 102.841 104.811 104.181 103.749 100.241 96.694 96.824 96.734 95.131 95.799 94.564 94.254 96.031 98.176 99.276 99.516 100.509 98.821 95.694 98.754 97.299 100.394 96.136 98.079 95.041 97.991 100.266 94.064 96.939 100.826 96.074 93.454 95.394 99.624 97.414 97.726 93.561 93.604 92.861 92.106 91.476 91.471 92.806 93.023 91.159 92.004 93.254 94.011 93.784 90.758 89.976
97.561 97.441 98.911 97.261 97.099 97.131 97.049 97.004 96.819 96.849 97.284 97.049 96.694 96.854 97.116 96.484 96.826 97.059 96.596 101.744 103.821 105.091 104.966 104.094 100.986 98.516 97.811 96.791 95.166 94.456 94.334 94.219 94.124 98.764 99.644 99.406 97.874 98.536 96.251 100.704 98.314 99.916 99.146 94.659 96.081 94.076 95.924 94.064 95.149 96.699 95.116 94.464 93.219 93.971 93.776 92.651 91.921 91.319 90.856 90.401 90.538 90.786 91.521 91.479 90.651 90.921 92.523 93.269 91.011 90.508 91.181
97.616 97.311 97.211 97.079 96.924 96.916 96.909 96.886 96.726 96.646 96.704 96.634 96.544 96.639 96.386 96.306 96.264 96.296 96.161 100.234 103.494 104.204 102.541 102.734 100.296 98.869 98.826 98.321 95.951 94.594 94.296 94.181 94.941 96.141 97.831 96.651 95.699 99.286 97.391 100.419 97.879 98.124 94.461 91.751 91.766 93.109 92.929 92.834 94.454 96.076 93.666 92.206 91.954 93.331 92.504 90.746 90.646 90.449 90.303 90.288 90.319 90.678 90.729 90.608 90.688 92.743 93.201 90.001 90.136 91.496 91.816
