LIDAR-DSM-2M-TQ28ne/tq2886_DSM_2M.asc
ncols 500
nrows 500
xllcorner    528000
yllcorner    186000
cellsize     2
NODATA_value -9999
[rows 384 to 415 of 500, columns 71 to 141 of 500]
62.659 62.517 62.397 62.334 62.259 62.109 61.989 61.842 61.697 61.587 61.454 61.322 61.199 61.084 61.004 60.887 60.754 60.647 60.522 60.414 60.302 60.147 60.037 59.954 59.859 59.807 59.674 59.552 59.467 59.402 59.279 59.189 59.117 59.019 58.937 58.864 58.772 58.692 58.617 58.529 58.442 58.374 58.317 58.257 58.174 58.129 58.087 58.022 57.964 57.847 57.712 57.672 57.602 57.479 57.419 57.404 57.379 57.264 57.202 57.389 57.242 57.144 57.082 57.089 57.147 57.139 57.069 57.089 57.047 57.017 56.999
62.739 62.514 62.394 62.312 62.244 62.127 61.964 61.822 61.717 61.577 61.432 61.317 61.177 61.047 60.954 60.869 60.722 60.607 60.479 60.377 60.269 60.132 60.047 59.942 59.862 59.764 59.642 59.542 59.432 59.409 59.312 59.227 59.104 59.007 58.907 58.822 58.767 58.677 58.619 58.549 58.447 58.394 58.352 58.259 58.197 58.147 58.072 58.009 57.944 57.822 57.707 57.639 57.527 57.477 57.404 57.362 57.337 57.274 57.782 58.712 57.162 57.179 57.142 57.109 57.097 57.099 57.079 57.059 57.049 57.017 56.977
62.809 62.549 62.374 62.294 62.244 62.124 61.969 61.839 61.712 61.567 61.452 61.289 61.177 61.057 60.947 60.809 60.744 60.599 60.462 60.349 60.257 60.159 60.029 59.924 59.849 59.754 59.652 59.564 59.422 59.402 59.294 59.189 59.097 58.999 58.907 58.827 58.764 58.677 58.614 58.524 58.454 58.407 58.342 58.267 58.204 58.142 58.074 57.982 57.894 57.819 57.719 57.604 57.507 57.454 57.377 57.349 57.322 57.257 57.222 58.492 57.699 57.202 57.134 57.147 57.112 57.104 57.092 57.089 57.072 57.027 57.007
62.812 62.574 62.434 62.274 62.179 62.102 61.997 61.882 61.734 61.589 61.452 61.332 61.192 61.054 60.939 60.827 60.732 60.574 60.437 60.334 60.192 60.124 60.009 59.912 59.822 59.732 59.642 59.562 59.457 59.379 59.279 59.197 59.069 58.999 58.924 58.874 58.754 58.709 58.634 58.552 58.494 58.422 58.359 58.259 58.172 58.147 58.064 57.972 57.899 57.787 57.687 57.602 57.502 57.429 57.397 57.357 57.314 57.242 57.457 58.449 57.172 57.152 57.134 57.132 57.129 57.119 57.149 57.099 57.072 57.074 57.044
62.934 62.652 62.454 62.312 62.137 62.074 62.019 61.889 61.732 61.599 61.457 61.327 61.184 61.094 60.914 60.782 60.712 60.559 60.422 60.317 60.197 60.094 59.972 59.927 59.829 59.757 59.644 59.549 59.492 59.359 59.249 59.177 59.087 59.017 58.927 58.872 58.767 58.719 58.637 58.602 58.499 58.407 58.342 58.259 58.169 58.132 58.047 57.967 57.857 57.769 57.684 57.584 57.527 57.447 57.409 57.349 57.329 58.222 59.309 59.844 58.367 57.184 57.142 57.189 57.117 57.124 57.072 57.064 57.082 57.089 57.072
63.054 62.744 62.497 62.307 62.152 62.062 62.009 61.867 61.739 61.617 61.484 61.342 61.207 61.057 60.934 60.837 60.737 60.564 60.419 60.289 60.204 60.099 59.997 59.922 59.829 59.727 59.672 59.554 59.502 59.372 59.264 59.202 59.104 59.012 58.927 58.869 58.769 58.714 58.657 58.592 58.477 58.397 58.297 58.247 58.169 58.092 58.014 57.927 57.844 57.764 57.692 57.589 57.514 57.452 57.424 57.617 58.237 59.129 58.642 59.119 58.132 57.164 57.207 57.147 57.192 57.139 57.122 57.109 57.179 57.089 57.069
63.134 62.869 62.604 62.357 62.214 62.107 62.009 61.849 61.749 61.642 61.492 61.362 61.167 61.062 60.932 60.767 60.679 60.567 60.412 60.304 60.202 60.074 59.972 59.859 59.794 59.727 59.667 59.542 59.497 59.389 59.279 59.192 59.092 59.012 58.942 58.849 58.764 58.712 58.617 58.574 58.487 58.389 58.292 58.247 58.137 58.057 57.999 57.917 57.842 57.767 57.674 57.597 57.497 57.559 57.944 58.144 58.072 58.084 57.912 58.032 58.402 58.877 57.242 57.209 57.157 57.149 57.157 57.157 57.119 57.049 57.039
63.219 62.994 62.722 62.427 62.227 62.147 62.004 61.874 61.749 61.649 61.502 61.349 61.197 61.034 60.894 60.747 60.609 60.522 60.382 60.287 60.167 60.089 59.977 59.902 59.802 59.749 59.664 59.604 59.492 59.407 59.299 59.172 59.119 59.014 58.914 58.852 58.772 58.717 58.617 58.557 58.467 58.387 58.317 58.252 58.144 58.072 58.007 57.914 57.829 57.762 57.672 57.599 57.754 58.094 57.769 57.737 57.797 57.832 58.064 59.679 60.344 58.657 57.639 57.177 57.189 57.189 57.317 57.077 57.067 57.087 57.092
63.239 63.064 62.764 62.374 62.222 62.122 61.969 61.837 61.754 61.637 61.512 61.357 61.209 61.052 60.932 60.802 60.654 60.509 60.369 60.282 60.212 60.102 59.984 59.909 59.809 59.789 59.669 59.619 59.524 59.447 59.347 59.207 59.109 59.027 58.934 58.837 58.754 58.704 58.617 58.547 58.462 58.372 58.294 58.224 58.124 58.042 57.977 57.899 57.822 57.759 57.849 58.032 58.149 57.734 57.772 57.852 57.864 58.039 60.647 61.772 61.437 58.977 58.934 57.312 57.207 57.144 57.134 57.084 57.079 57.072 57.072
63.194 63.054 62.812 62.519 62.269 62.072 61.924 61.797 61.734 61.614 61.514 61.372 61.237 61.097 60.952 60.804 60.677 60.547 60.427 60.347 60.229 60.094 59.987 59.894 59.837 59.759 59.677 59.622 59.552 59.464 59.382 59.264 59.124 59.034 58.957 58.864 58.784 58.697 58.614 58.514 58.429 58.334 58.262 58.204 58.104 58.037 57.957 57.854 57.779 58.179 58.157 57.842 57.769 57.837 57.902 57.817 57.774 57.859 59.279 61.567 61.914 60.567 57.942 57.719 57.189 57.152 57.092 57.094 57.074 57.057 57.034
63.137 63.069 62.842 62.617 62.337 62.059 61.937 61.807 61.707 61.629 61.509 61.417 61.264 61.092 60.934 60.784 60.649 60.502 60.387 60.317 60.222 60.097 59.979 59.894 59.814 59.757 59.709 59.642 59.532 59.399 59.302 59.294 59.152 59.059 58.952 58.859 58.764 58.664 58.567 58.462 58.387 58.309 58.229 58.134 58.067 57.999 57.929 57.982 58.597 58.159 58.242 57.839 57.894 57.892 57.774 57.772 57.752 57.807 57.859 60.274 61.759 61.684 59.077 57.584 57.187 57.139 57.114 57.114 57.102 57.034 57.039
63.077 63.044 62.919 62.709 62.412 62.139 61.989 61.827 61.692 61.597 61.489 61.387 61.239 61.044 60.912 60.759 60.637 60.527 60.402 60.299 60.227 60.119 60.047 59.934 59.839 59.802 59.689 59.634 59.549 59.379 59.284 59.267 59.184 59.069 58.972 58.852 58.729 58.629 58.522 58.454 58.357 58.294 58.222 58.112 58.042 57.994 58.552 59.094 57.984 57.839 57.882 57.959 57.842 57.742 57.772 57.784 57.769 57.799 57.897 58.352 61.107 61.937 61.192 58.762 57.334 57.142 57.129 57.077 57.017 57.044 57.027
63.024 63.019 62.924 62.754 62.464 62.139 61.997 61.822 61.694 61.579 61.492 61.382 61.242 61.077 60.942 60.777 60.692 60.559 60.439 60.327 60.234 60.164 60.094 59.964 59.884 59.819 59.742 59.652 59.559 59.464 59.372 59.294 59.179 59.044 58.922 58.819 58.717 58.609 58.512 58.427 58.342 58.269 58.194 58.114 58.222 58.454 60.717 60.264 57.907 57.947 57.902 57.744 57.752 57.757 57.754 57.772 57.767 57.749 57.789 57.892 59.417 61.587 61.394 59.217 57.624 57.194 57.129 57.109 57.077 57.017 57.059
62.959 62.937 62.907 62.772 62.544 62.174 61.989 61.844 61.694 61.582 61.482 61.352 61.214 61.082 60.924 60.769 60.664 60.542 60.459 60.342 60.217 60.137 60.039 59.964 59.879 59.784 59.709 59.629 59.592 59.502 59.394 59.297 59.177 59.044 58.864 58.799 58.709 58.599 58.514 58.409 58.304 58.247 58.194 58.764 58.462 58.079 58.024 58.007 57.924 57.829 57.759 57.764 57.749 57.759 57.749 57.764 57.759 57.752 57.757 57.864 58.027 60.322 58.742 58.504 58.244 57.362 58.269 57.699 57.064 57.052 57.049
62.929 62.889 62.879 62.772 62.604 62.357 62.064 61.884 61.679 61.557 61.472 61.327 61.187 61.074 60.922 60.779 60.647 60.562 60.462 60.329 60.237 60.164 60.032 59.942 59.869 59.764 59.704 59.627 59.572 59.504 59.397 59.282 59.124 58.994 58.869 58.774 58.684 58.574 58.449 58.349 58.292 58.404 58.882 58.412 58.027 57.954 57.969 57.879 57.747 57.762 57.754 57.767 57.739 57.744 57.769 57.762 57.759 57.767 57.737 57.774 57.897 58.064 59.354 60.672 60.694 58.514 58.369 58.387 57.069 57.017 57.022
62.909 62.842 62.844 62.772 62.614 62.404 62.097 61.877 61.702 61.559 61.424 61.317 61.184 61.052 60.927 60.809 60.667 60.564 60.449 60.334 60.254 60.162 60.069 59.954 59.859 59.754 59.719 59.629 59.539 59.459 59.374 59.207 59.099 59.002 58.849 58.732 58.649 58.524 58.432 58.414 58.699 58.564 58.052 58.014 57.987 57.889 57.804 57.762 57.767 57.759 57.744 57.757 57.749 57.754 57.754 57.772 57.757 57.757 57.744 57.754 57.782 58.069 59.669 61.717 61.759 59.407 57.892 57.817 57.147 57.139 57.017
62.847 62.802 62.784 62.767 62.682 62.449 62.234 61.887 61.679 61.542 61.407 61.279 61.167 61.059 60.962 60.844 60.704 60.602 60.497 60.367 60.222 60.154 60.049 59.957 59.872 59.809 59.744 59.662 59.552 59.442 59.307 59.202 59.077 58.964 58.827 58.712 58.582 58.487 58.582 59.024 58.284 58.039 58.017 58.009 57.852 57.744 57.759 57.749 57.767 57.764 57.757 57.754 57.754 57.749 57.757 57.767 57.774 57.774 57.744 57.787 57.772 57.884 58.152 60.334 61.292 60.289 60.207 57.949 57.134 57.024 56.992
62.799 62.757 62.739 62.737 62.677 62.524 62.324 62.007 61.727 61.527 61.387 61.264 61.164 61.017 60.927 60.829 60.699 60.609 60.492 60.382 60.247 60.137 60.044 59.964 59.897 59.817 59.767 59.637 59.524 59.399 59.269 59.179 59.042 58.934 58.804 58.682 58.754 58.952 58.587 58.102 58.079 58.042 57.924 57.784 57.762 57.757 57.759 57.767 57.767 57.769 57.759 57.769 57.762 57.747 57.734 57.759 57.767 57.759 57.762 57.742 57.752 57.797 57.899 58.612 59.572 59.179 58.479 57.649 57.092 57.014 56.999
62.822 62.699 62.697 62.647 62.659 62.559 62.369 62.134 61.789 61.557 61.387 61.257 61.159 61.034 60.939 60.802 60.712 60.599 60.479 60.382 60.252 60.107 59.997 59.964 59.897 59.842 59.739 59.624 59.499 59.394 59.249 59.159 59.062 58.937 58.767 58.662 59.199 58.542 58.094 58.032 57.989 57.794 57.752 57.752 57.762 57.757 57.749 57.764 57.759 57.757 57.749 57.764 57.754 57.754 57.752 57.762 57.782 57.767 57.762 57.747 57.747 57.747 57.809 57.884 57.992 57.912 57.784 57.567 57.187 57.022 56.989
62.767 62.689 62.667 62.622 62.609 62.572 62.374 62.119 61.849 61.657 61.442 61.249 61.132 61.069 60.929 60.824 60.707 60.569 60.454 60.342 60.229 60.119 60.044 59.977 59.909 59.812 59.709 59.604 59.517 59.362 59.247 59.167 59.039 58.892 58.652 58.549 58.669 58.797 58.329 58.007 57.817 57.767 57.769 57.777 57.752 57.769 57.752 57.767 57.777 57.767 57.757 57.749 57.764 57.749 57.764 57.774 57.784 57.759 57.759 57.759 57.759 57.739 57.739 57.887 57.847 57.894 57.869 57.759 57.432 57.077 56.997
62.774 62.664 62.649 62.582 62.522 62.537 62.407 62.194 61.902 61.664 61.432 61.247 61.079 61.014 60.902 60.807 60.707 60.609 60.442 60.307 60.214 60.134 60.084 59.972 59.879 59.792 59.692 59.582 59.492 59.379 59.262 59.157 58.962 58.794 58.674 58.507 58.512 59.059 58.332 58.039 57.967 57.784 57.764 57.794 57.749 57.769 57.777 57.762 57.777 57.787 57.759 57.754 57.757 57.774 57.749 57.772 57.772 57.769 57.774 57.752 57.759 57.752 57.747 57.854 57.859 57.899 57.879 57.857 57.649 57.257 57.012
62.732 62.657 62.602 62.577 62.494 62.457 62.434 62.259 62.077 61.754 61.444 61.272 61.082 60.964 60.879 60.772 60.687 60.557 60.454 60.279 60.224 60.154 60.039 59.969 59.877 59.804 59.682 59.587 59.487 59.379 59.214 59.042 58.942 58.842 58.672 58.499 58.432 58.572 58.912 58.312 58.037 57.847 57.777 57.767 57.774 57.774 57.767 57.769 57.762 57.779 57.759 57.769 57.767 57.797 57.762 57.762 57.757 57.762 57.767 57.759 57.769 57.762 57.754 57.742 57.832 57.859 57.899 57.864 57.772 57.492 57.094
62.727 62.629 62.552 62.512 62.449 62.374 62.379 62.297 62.097 61.832 61.524 61.307 61.122 60.947 60.852 60.782 60.664 60.542 60.412 60.307 60.209 60.122 60.029 59.979 59.877 59.797 59.689 59.579 59.449 59.322 59.184 59.067 58.959 58.817 58.719 58.552 58.449 58.462 59.069 58.379 58.182 58.054 57.794 57.757 57.777 57.782 57.774 57.779 57.777 57.772 57.789 57.784 57.769 57.754 57.752 57.757 57.777 57.754 57.767 57.752 57.757 57.754 57.749 57.732 57.759 57.847 57.857 57.869 57.819 57.699 57.324
62.684 62.594 62.487 62.462 62.399 62.354 62.244 62.242 62.144 61.897 61.607 61.359 61.187 61.019 60.849 60.752 60.612 60.484 60.409 60.319 60.222 60.152 60.077 59.967 59.882 59.772 59.682 59.569 59.414 59.322 59.187 59.032 58.964 58.842 58.754 58.614 58.524 58.459 58.547 59.024 58.729 58.064 57.932 57.762 57.764 57.779 57.777 57.779 57.782 57.772 57.779 57.757 57.772 57.759 57.759 57.767 57.772 57.759 57.772 57.747 57.762 57.754 57.734 57.752 57.749 57.842 57.824 57.869 57.819 57.769 57.547
62.704 62.547 62.467 62.387 62.317 62.242 62.152 62.152 62.097 61.949 61.637 61.397 61.212 61.007 60.832 60.712 60.622 60.459 60.372 60.292 60.242 60.149 60.067 59.972 59.869 59.744 59.604 59.514 59.419 59.309 59.179 59.087 58.939 58.849 58.749 58.639 58.569 58.494 58.527 58.784 58.947 58.282 58.074 57.859 57.767 57.767 57.762 57.777 57.769 57.762 57.759 57.742 57.774 57.762 57.752 57.759 57.777 57.757 57.782 57.749 57.757 57.762 57.749 57.747 57.742 57.754 57.797 57.802 57.832 57.764 57.752
62.639 62.524 62.437 62.334 62.234 62.194 62.117 62.044 62.054 61.989 61.764 61.992 61.324 60.979 60.832 60.699 60.592 60.547 60.382 60.304 60.247 60.147 60.029 59.949 59.802 59.664 59.617 59.507 59.377 59.304 59.262 59.169 58.994 58.867 58.767 58.742 58.622 58.557 58.449 58.459 59.147 58.259 58.099 58.012 57.754 57.779 57.774 57.769 57.759 57.757 57.764 57.754 57.754 57.767 57.759 57.747 57.772 57.752 57.747 57.757 57.752 57.759 57.757 57.754 57.757 57.727 58.404 58.517 58.034 58.102 58.489
62.592 62.502 62.372 62.259 62.167 62.119 62.092 62.014 61.984 61.994 61.832 61.589 61.229 61.014 60.847 60.729 60.582 61.592 60.809 60.299 60.232 60.097 59.989 59.847 59.772 59.687 59.582 59.482 59.362 59.312 59.539 59.359 59.024 58.907 58.817 58.699 58.642 58.597 58.522 58.449 58.517 58.969 58.244 58.067 57.849 57.787 57.757 57.764 57.767 57.767 57.759 57.757 57.764 57.769 57.769 57.747 57.752 57.762 57.764 57.749 57.752 57.759 57.749 57.744 57.797 57.907 59.867 59.487 57.382 57.452 57.434
62.589 62.487 62.354 62.209 62.122 62.067 62.057 61.979 61.897 61.904 61.859 61.654 61.319 61.107 60.922 60.742 60.614 60.754 60.732 61.147 60.182 60.037 59.922 59.837 59.757 59.682 59.557 59.467 59.347 59.317 59.342 59.124 59.007 59.034 58.849 58.752 58.682 58.609 58.567 58.482 58.474 58.892 58.642 58.132 58.037 57.834 57.749 57.767 57.772 57.764 57.754 57.739 57.767 57.762 57.749 57.727 57.747 57.754 57.754 57.749 57.744 57.764 57.779 57.874 57.852 57.917 59.369 58.734 57.652 56.939 56.962
62.512 62.404 62.347 62.257 62.104 62.042 62.019 62.004 61.929 61.862 61.814 61.699 61.429 61.204 60.987 60.812 60.674 60.542 60.417 60.394 60.494 60.057 59.939 59.824 59.742 59.624 59.529 59.432 59.327 59.294 59.244 59.172 59.084 58.962 58.872 58.807 58.734 58.709 58.609 58.507 58.412 58.437 58.902 58.554 58.107 57.912 57.752 57.757 57.764 57.764 57.747 57.762 57.752 57.759 57.754 57.737 57.757 57.749 57.749 57.749 57.754 57.854 57.862 57.747 57.579 58.207 58.154 57.287 56.997 57.009 56.962
62.487 62.402 62.329 62.249 62.124 62.024 61.999 61.979 61.937 61.799 61.757 61.679 61.502 61.272 61.007 60.837 60.684 60.522 60.359 60.232 60.594 61.632 60.224 59.847 59.739 59.612 59.519 59.439 59.352 59.302 59.304 59.212 59.129 58.989 58.877 58.817 58.729 58.697 58.594 58.507 58.454 58.467 58.502 58.817 58.174 58.047 57.879 57.759 57.767 57.784 57.762 57.757 57.739 57.764 57.759 57.749 57.762 57.769 57.762 57.767 57.854 57.842 57.689 57.444 57.224 57.254 57.199 57.052 57.064 57.094 57.784
62.489 62.374 62.279 62.237 62.164 62.062 62.012 61.917 61.817 61.694 61.659 61.624 61.502 61.274 61.072 60.872 60.624 60.422 60.347 60.932 62.089 62.934 60.564 59.842 59.732 59.632 59.537 59.437 59.369 59.359 59.279 59.157 59.104 59.017 58.879 58.807 58.732 58.699 58.602 58.522 58.439 58.382 58.377 58.937 58.374 58.052 58.024 57.787 57.749 57.754 57.759 57.749 57.754 57.764 57.759 57.767 57.752 57.749 57.859 57.942 57.754 57.599 57.377 57.157 57.107 57.134 57.154 57.032 57.202 57.889 57.144
62.464 62.357 62.267 62.204 62.137 62.044 61.937 61.809 61.752 61.682 61.604 61.562 61.462 61.202 61.104 60.799 61.032 60.439 60.352 60.969 62.314 61.337 61.177 59.822 59.709 59.609 59.527 59.477 59.444 59.367 59.234 59.137 59.107 58.974 58.839 58.779 58.737 58.682 58.602 58.492 58.449 58.409 58.337 58.279 59.119 58.647 58.019 57.849 57.762 57.767 57.769 57.767 57.759 57.762 57.762 57.744 57.822 57.892 58.299 58.504 57.567 57.342 57.147 57.177 57.222 57.167 57.152 57.622 57.522 56.759 56.644
