LIDAR-DSM-2M-TQ28ne/tq2885_DSM_2M.asc
ncols 500
nrows 500
xllcorner    528000
yllcorner    185000
cellsize     2
NODATA_value -9999
[rows 448 to 479 of 500, columns 216 to 287 of 500]
37.352 36.93 37.592 39.437 44.117 43.74 43.352 42.982 42.592 39.485 36.962 36.792 36.935 37.247 37.235 36.732 36.897 37.845 38.41 38.127 41.722 47.752 48.282 48.502 49.31 50.102 49.827 49.047 48.275 47.405 42.732 35.952 36.365 35.86 36.362 36.215 35.775 35.945 36.692 35.735 35.795 41.81 45.332 45.075 44.797 44.522 42.96 39.755 37.737 36.49 35.99 36.092 39.375 40.572 37.43 35.64 41.782 41.66 41.765 41.7 39.062 35.297 35.26 35.215 35.207 35.227 35.2 35.23 35.305 35.997 35.967 35.915
37.42 37.067 37.56 37.277 39.962 43.975 43.59 43.207 42.79 42.41 38.095 37.122 37.072 36.847 36.955 37.202 38.07 38.372 38.835 42.022 46.28 48.04 48.622 49.552 50.21 49.76 48.94 48.162 47.885 48.785 49.085 43.365 35.975 35.992 35.817 36.145 35.725 35.737 35.832 36.282 35.837 35.83 41.372 45.305 45.057 44.78 44.485 42.867 37.132 36.062 36.335 37.54 35.972 37.29 36.437 35.372 40.965 41.642 41.767 41.712 39.315 35.302 35.217 35.19 35.167 35.127 35.145 35.125 35.217 35.822 35.207 35.025
36.58 36.805 37.145 36.932 37.652 42.367 43.78 43.377 43.015 42.642 40.15 36.98 36.865 36.815 37.292 37.387 37.555 37.697 42.842 47.12 47.997 48.815 49.665 50.26 49.687 48.812 48.032 47.902 49.91 50.65 49.825 47.052 41.07 35.87 36.14 35.742 35.967 35.697 35.7 36.36 36.25 35.692 37.282 44.257 45.282 45 44.732 44.455 42.142 36.86 37 36.155 35.85 38.522 37.675 35.362 41.12 41.632 41.722 41.645 39.872 35.32 35.202 35.115 35.112 35.117 35.102 35.077 35.047 35.025 35.015 34.992
36.502 36.617 36.997 36.812 36.867 41.717 43.98 43.605 43.212 42.822 42.36 38.48 36.84 36.865 36.535 37.19 36.237 42.49 45.607 46.77 47.407 48.387 49.417 49.535 48.687 47.935 47.582 49.277 48.487 50.635 50.83 49.687 48.912 40.825 36.175 35.84 35.905 35.662 35.697 35.655 35.66 35.567 35.63 38.582 44.16 45.23 44.95 44.68 44.41 41.517 36.285 36.032 37.287 38.877 37.907 35.28 39.64 41.64 41.7 41.645 39.6 35.315 35.207 35.085 35.082 35.055 35.03 34.992 34.96 34.94 34.932 34.925
36.61 36.687 36.672 36.757 36.862 38.39 44.29 43.815 43.45 43.06 42.7 39.955 37.23 36.512 36.562 37.607 41.89 43.51 45.19 46.715 46.85 47.467 48.532 48.56 47.86 47.422 47.272 48.32 49.377 50.55 52.315 51.252 49.545 48.762 38.822 36.475 35.87 35.675 35.585 35.645 35.592 35.872 35.787 35.692 38.63 45.487 45.19 44.907 44.63 44.365 40.207 36.56 36.03 35.85 35.392 35.257 40.305 41.57 41.652 41.617 40.367 35.935 36.097 35.525 35.01 34.987 34.95 34.927 34.887 34.862 34.845 34.867
36.722 36.835 36.54 36.67 36.947 37.707 41.28 44.085 43.677 42.957 39.537 36.8 36.505 36.527 38.517 41.287 42.31 43.115 43.547 44.827 46.682 46.96 47.61 47.76 47.602 48.285 47.555 47.047 48.76 49.472 51.302 51.51 50.245 49.415 46.662 38.022 36.042 35.732 35.615 35.555 35.585 35.655 36.257 35.54 35.582 40.122 44.345 45.16 44.877 44.605 44.357 38.952 35.995 36.047 35.417 35.26 39.64 41.615 41.675 41.607 40.982 35.315 35.135 34.997 34.987 34.92 34.92 34.84 35.427 34.845 34.877 34.832
36.585 36.97 36.507 37.227 37.955 37.277 37.095 41.285 43.107 43.367 44.29 38.055 36.75 38.23 37.897 40.82 41.577 42.387 43.222 43.537 46.07 46.547 46.992 47.225 48.002 48.762 48.292 47.452 47.11 48.812 49.575 50.345 50.915 50.52 49.342 47.865 35.997 36.032 35.715 35.557 35.53 35.585 35.535 35.802 35.68 36.582 39.29 45.377 45.105 44.862 44.582 44.297 36.895 36.45 35.337 35.245 38.697 41.595 41.625 41.582 41.61 35.41 35.137 34.95 34.942 34.937 34.925 39.265 37.895 37.867 36.295 35.645
36.562 36.502 36.38 36.88 37.662 36.685 36.602 38.277 44.922 45.685 45.522 42.765 39.707 39.062 37.832 38.077 40.867 41.675 42.547 43.272 43.875 46.467 45.332 44.255 47.187 48.052 48.755 48.175 47.277 47.615 49.017 49.685 51.362 52.255 50.62 49.242 45.23 36.337 36.097 35.647 35.517 35.542 35.53 35.665 36.395 35.625 36.087 43.32 45.335 45.08 44.81 44.547 44.272 36.887 35.26 35.18 38.922 41.585 41.585 41.59 41.595 35.325 35.097 34.932 34.89 34.867 38.46 41.762 41.027 40.08 38.522 39.067
36.575 36.495 36.435 36.4 36.735 36.835 37.067 39.895 44.955 46.045 45.655 43.207 40.795 41.08 39.64 37.187 39.125 40.97 41.775 42.6 44.06 45.992 42.427 37.777 45.957 47.31 48.187 48.77 48.122 47.167 47.985 49.075 49.972 51.745 51.072 49.927 49.137 46.627 35.875 35.687 35.61 35.485 35.527 35.52 35.71 35.527 35.485 36.637 43.237 45.295 45.04 44.76 44.492 42.16 35.315 35.187 38.73 41.55 41.522 41.552 41.777 35.315 35.052 34.917 34.842 34.832 37.522 44.457 44.492 41.277 40.245 39.22
36.547 36.495 36.462 36.352 36.352 36.727 37.115 37.137 42.207 45.057 41.265 40.725 41.672 41.502 39.957 37.277 37.457 39.392 41.117 42.345 44.867 45.735 45.667 41.345 42.212 46.547 47.435 48.335 48.697 47.975 47.082 48.345 49.182 49.895 50.677 50.442 50.105 49.027 45.107 35.755 35.675 35.552 35.43 35.472 35.502 35.447 35.417 35.5 36.015 42.682 45.275 44.995 44.722 44.45 39.19 35.172 38.33 41.632 41.505 41.542 41.682 37.29 35.052 34.86 34.83 34.827 35.555 39.99 40.992 41.015 40.595 41.412
36.492 36.462 36.45 36.462 38.115 36.327 36.747 38.132 36.785 37.477 38.755 41.665 43.255 41.455 37.362 36.91 37.065 37.212 41.477 44.852 45.732 45.717 45.697 45.282 43.922 39.087 46.242 47.57 48.452 48.615 47.87 47.202 48.13 49.237 50.367 50.347 50.987 49.685 47.562 41.365 35.79 35.617 35.527 35.45 35.452 35.477 35.415 35.51 35.445 38.055 44.292 45.242 44.962 44.705 39.827 35.157 37.767 41.647 41.495 41.507 41.502 37.372 34.99 34.897 34.775 34.772 34.77 35.13 37.135 40.162 40.177 40.347
36.497 36.452 36.427 36.377 37.865 37.382 36.417 36.775 36.947 37.372 41.667 43.287 43.082 43.447 40.337 36.74 36.902 38.277 43.372 45.745 45.692 45.422 44.967 45.267 43.932 41.16 41.62 46.81 47.695 48.555 48.595 47.745 46.91 48.475 49.33 50.87 51.492 50.385 49.62 43.077 38.867 35.762 35.565 35.482 35.392 35.41 35.395 36.182 35.912 35.407 38.797 45.405 45.192 44.937 38.652 35.135 37.42 41.677 41.457 41.5 41.627 35.652 35.317 35.852 35.48 35.572 35.212 35.847 36.827 40.37 40.382 40.635
36.575 36.837 36.432 36.422 36.545 37.297 36.43 36.557 36.462 36.49 40.527 43.175 43.792 43.872 42.5 41.287 40.772 39.095 41.29 45.175 44.87 40.495 42.432 43.512 42.977 42.872 40.032 41.37 46.752 47.732 48.627 48.437 47.63 47.045 48.802 49.475 50.305 51.007 50.395 49.48 45.912 40.955 36.262 35.732 35.402 35.36 35.367 35.502 35.992 35.372 35.437 39.37 45.437 45.16 35.917 35.16 36.475 41.5 41.435 41.447 41.332 37.515 37.727 37.702 37.327 34.73 34.715 34.785 34.892 39.765 40.597 40.65
37.395 37.227 36.785 36.36 36.365 36.405 37.025 36.267 38.812 36.85 37.58 43.465 43.73 43.11 43.645 43.362 41.827 41.18 39.11 40.027 39.61 40.742 40.907 42.757 42.907 42.975 42.827 39.545 42.777 47.027 47.88 48.852 48.725 47.435 47.022 48.982 50.19 51.617 51.55 50.132 49.297 48.5 38.285 36.137 35.485 35.332 35.33 35.362 35.382 35.297 35.33 35.407 38.252 39.532 35.322 35.152 36.697 41.697 41.377 41.475 41.147 38.142 37.58 37.497 37.4 34.847 34.702 34.71 34.767 38.637 40.812 40.852
40.202 40.91 37.687 36.337 36.302 36.302 36.49 36.437 36.852 38.895 37.835 38.67 43.107 43.37 41.867 39.962 42.637 40.595 37.452 37.392 38.745 39.887 39.645 40.667 42.627 42.947 42.952 42.78 39.64 43.857 47.135 48.02 48.842 48.235 47.545 48.172 51.58 50.577 53.487 50.985 49.985 49.26 48.955 35.507 35.492 35.382 35.285 35.325 35.337 35.312 35.235 35.307 35.46 35.442 35.277 35.205 35.097 41.425 41.377 41.452 41.492 38.925 37.687 37.38 37.372 35.502 34.707 34.72 34.76 37.802 41.007 41.077
39.97 39.79 38.582 36.327 36.305 36.315 36.24 36.872 36.427 37.27 36.695 36.452 39.522 39.06 40.052 43.315 43.08 39.41 37.727 38.635 38.455 39.052 40.015 40.565 40.867 42.825 42.937 42.937 42.435 38.745 43.552 47.262 48.125 48.73 48.755 49.607 51.552 52.115 51.96 51.432 51.36 53.052 54.025 51.342 35.807 36.45 35.41 35.312 35.282 35.31 35.25 35.21 35.237 35.33 35.985 37.707 35.465 41.377 41.385 41.432 41.32 39.075 37.345 37.327 37.292 35.432 34.712 34.697 34.752 37.95 41.242 41.292
39.965 41.007 39.16 37.175 36.272 36.242 36.247 36.387 36.31 36.112 37.425 38.225 36.437 40.102 43.052 43.075 43.262 42.957 41.26 40.892 37.092 36.697 37.8 39.545 40.005 41.287 42.835 42.962 42.912 42.37 41.262 45.937 47.37 49.442 51.182 50.23 49.53 52.282 52.592 52.59 53.15 54.267 54.755 55.065 42.657 39.275 36.937 35.367 35.232 35.247 35.267 35.217 35.155 35.245 36.53 37.965 37.775 41.12 41.422 41.447 41.35 38.95 37.09 37.205 37.187 35.482 34.682 34.71 34.722 37.335 41.447 41.482
37.782 40.2 39.255 39.07 36.252 36.23 36.21 36.177 36.155 36.54 36.072 37.232 36.325 37.247 42.762 43.452 43.802 43.27 42.075 37.35 37.015 36.235 36.085 38.782 39.642 39.657 41.265 42.872 42.975 42.9 43.035 43.74 48.482 49.71 50.515 50.777 50.032 49.645 52.85 53.822 54.302 54.837 55.65 55.58 54.98 47.005 39.527 36.135 35.322 35.212 35.252 35.222 35.2 35.147 35.23 37.145 37.072 41.245 41.387 41.4 41.35 37.03 36.987 37.172 37.162 36.235 34.685 34.722 34.74 36.197 41.32 41.325
37.115 37.042 38.137 38.635 37.237 36.135 36.177 36.142 36.102 36.845 36.285 38.045 37.59 36.512 40.805 43.582 42.995 42.842 43.432 39.432 35.672 37.152 38.23 38.522 39.267 39.52 39.642 41.947 42.89 42.965 42.87 42.082 46.772 48.997 49.792 50.617 50.795 51.985 53.812 54.317 54.975 55.737 55.535 54.852 54.272 52.142 42.56 38.995 36.107 35.285 35.187 35.202 35.177 35.137 35.157 35.332 35.562 41.08 41.33 41.407 41.327 38.092 36.29 36.44 36.527 34.967 34.707 34.952 35.482 35.64 41.105 41.087
37.15 37.06 40.407 40.017 38.322 36.255 36.095 36.14 36.09 36.077 36.3 35.99 37.552 36.765 37.122 41.747 42.957 43.555 44.082 42.382 38.497 40.657 39.105 38.722 38.557 39.485 39.562 39.872 42.12 42.915 42.962 42.88 43.245 47.507 49.107 49.937 52.462 54.012 54.46 55.117 55.81 55.435 54.74 54.13 50.85 44.395 40.64 39.947 38.662 35.267 35.165 35.17 35.157 35.147 35.187 35.197 35.255 40.38 41.317 41.372 41.265 39.915 35.075 35.015 34.767 34.717 34.717 34.99 35.507 35.107 40.62 41.022
37.172 37.112 36.952 36.687 36.295 36.175 36.527 36.2 36.06 36.082 35.997 36.08 36.165 37.545 37.375 37.955 43.747 43.492 42.995 43.152 42.232 41.767 40.827 38.067 37.517 38.492 39.735 39.685 39.922 42.79 42.92 42.92 42.68 44.525 48.46 52.045 54.255 54.572 55.222 55.81 55.327 54.6 51.175 48.767 42.4 39.522 40.087 39.317 35.89 35.312 35.19 35.107 35.132 35.167 35.242 35.505 35.247 39.027 41.345 41.37 41.277 39.032 35.08 35.317 34.75 34.712 34.69 35.007 35.27 34.99 39.962 40.652
37.205 37.192 36.912 36.425 36.282 36.205 36.455 36.922 36.05 36.075 36.042 36.535 36.39 37.582 37.737 37.247 38.31 42.545 43.262 41.502 39.65 41.32 39.727 35.947 37.407 37.955 39.412 39.53 41.297 42.672 42.797 42.72 42.665 46.51 52.227 53.952 54.75 55.382 55.767 55.17 54.562 52.43 47.932 41.077 40.442 40.042 38.297 35.797 35.357 35.337 36.065 35.735 35.097 35.097 35.105 35.247 35.187 40.292 41.322 41.367 41.282 39.757 35.127 35.167 34.98 34.71 34.717 34.942 35.387 35.187 39.465 40.462
37.242 37.21 37.052 36.682 36.53 36.45 36.2 36.215 36 36.017 35.987 35.942 36.415 36.095 36.455 36.32 36.28 40.97 38.592 39.817 42.427 41.805 37.772 36.642 36.412 38.285 38.545 39.565 40.027 42.087 42.712 42.88 45.87 51.592 52.84 54.777 55.505 55.71 55.067 54.42 54.092 45.362 40.802 40.367 39.99 38.23 36.19 35.412 35.387 36.817 43.64 40.66 35.112 35.082 35.085 35.057 35.042 39.822 41.295 41.32 41.272 41.087 35.85 35.382 34.785 34.737 34.692 34.82 35.502 35.34 37.637 40.225
37.245 37.24 37.18 36.972 36.837 36.797 37.255 36.182 35.985 35.975 35.97 35.922 35.895 35.775 35.835 36.04 35.987 35.865 39.247 42.977 42.7 42.94 43.46 37.537 37.67 38.885 38.557 39.4 39.487 39.995 43.092 47.545 52.252 54.315 54.87 55.625 55.705 54.917 54.342 53.577 45.05 40.725 40.292 39.915 38.032 36.805 36.767 36.107 38.83 45.367 46.225 44.927 38.23 35.05 35.042 35.03 35.02 38.517 41.397 41.31 41.225 41.647 36.972 35.117 35.002 34.747 34.725 34.722 35.452 35.92 35.66 40
37.222 37.242 37.23 37.137 36.967 36.825 37.322 37.207 36.052 36.132 36.07 35.932 35.867 35.797 35.752 35.81 35.967 35.992 37.557 41.92 43.045 43.375 43.1 42.217 40.785 40.937 40.102 39.945 40.15 41.622 46.295 53.655 54.392 54.98 55.715 55.507 54.805 54.137 53.065 43.63 40.66 40.25 39.815 37.11 38.617 37.36 36.23 39.852 44.032 44.4 46.197 46.167 46.1 37.522 34.982 34.985 35.007 36.69 40.762 41.3 41.26 41.515 36.16 34.815 35.072 34.795 34.717 34.71 34.752 34.892 35.742 35.125
37.265 37.285 37.387 37.177 37.032 36.945 36.77 37.07 36.107 36.292 37.015 35.9 35.855 35.815 35.717 35.702 35.82 36.585 38.235 38.13 43.485 42.79 42.702 43.205 42.03 42.302 41.992 40.177 40.085 41.85 40.895 53.522 55.167 55.755 55.435 54.7 54.01 49.5 42.785 40.61 40.145 39.682 37.025 38.74 39.087 39.255 40.465 45.647 43.845 45.362 46.38 47.227 46.177 43.03 36.532 34.93 34.967 36.06 41.222 41.242 41.25 41.427 35.392 34.877 35.735 35.467 34.785 34.727 34.752 35.01 35.335 35.365
37.34 37.31 37.28 37.185 37.107 36.99 36.81 36.592 36.167 36.01 37.317 36.437 35.87 35.79 35.755 35.655 35.665 36.68 37.812 36.975 40.032 42.735 42.145 41.962 42.442 42.37 42.33 41.532 41.235 42.475 41.522 41.777 54.797 55.32 54.575 54.222 49.605 41.027 40.52 40.122 39.595 37.11 38.562 39.12 39.112 42.067 46.252 46.1 44.42 46.14 47.477 48.7 46.48 45.947 42.265 36.002 34.902 34.955 41.44 41.24 41.245 41.38 36.785 35.127 35.38 35.682 34.95 34.732 34.72 34.75 35.505 35.945
37.345 37.22 37.24 37.18 37.085 36.935 36.835 36.627 38.992 40.222 40.62 39.61 36.11 35.78 35.745 35.677 35.62 35.657 36.592 37.04 37.027 41.822 41.76 42.422 42.375 42.282 42.417 42.817 42.487 42.735 41.385 39.99 43.72 54.522 53.847 48.6 40.875 40.447 40.065 39.1 37.125 38.822 39.095 39.24 42.697 45.952 46.225 46.195 46.142 46.112 46.317 46.455 46.117 46.127 49.857 41.69 35.182 34.99 41.52 41.207 41.24 41.262 38.145 35.177 35.182 35.627 35.41 34.767 34.73 34.792 35.552 35.717
37.24 37.07 36.945 36.94 36.792 36.662 36.607 36.492 37.96 37.975 39.352 37.767 38.062 35.755 35.72 35.695 35.615 35.602 35.84 36.857 35.892 36.51 42.227 42.367 42.327 42.337 42.457 42.522 42.925 42.905 42.867 39.93 40.095 46.012 47.862 40.777 40.387 39.962 38.635 36.977 39.105 39.127 39.14 42.812 46.207 46.212 46.182 46.145 46.142 46.075 46.107 46.142 46.525 51.025 56.44 52.165 39.152 34.96 40.21 41.175 41.237 41.185 36.202 34.852 34.897 34.967 35.81 35.327 34.935 34.792 35.17 35.637
37.157 36.965 36.692 36.62 36.597 36.485 36.417 36.345 37.102 41.91 39.947 39.452 37.612 37.175 35.85 35.682 35.65 35.63 35.625 35.577 36.037 36.337 37.892 42.425 42.35 42.35 42.345 42.322 42.627 42.375 41.21 40.59 40.69 41.017 40.707 40.305 39.945 37.752 36.977 39.087 39.105 39.822 44.375 46.227 46.2 46.175 46.15 46.145 46.132 46.132 46.165 47.032 52.58 56.815 57.047 50.615 49.625 36.91 38.937 41.172 41.225 41.15 39.022 35.392 34.822 34.822 35.36 35.842 35.387 34.885 34.812 34.865
37.197 36.945 36.732 36.702 36.795 36.762 36.712 36.64 36.397 37.59 36.83 41.972 35.935 36.827 36.295 35.72 35.68 35.602 35.542 35.487 35.462 36.247 38.007 37.88 42.4 42.375 42.375 42.352 41.805 41.52 41.472 40.832 40.985 40.687 40.26 39.805 37.455 37.917 39.087 39.112 40.862 45.035 46.225 46.217 46.145 46.145 46.115 43.645 44.405 46.122 46.195 48.73 56.007 57.255 56.007 52.407 54.707 41.392 39.362 41.162 41.212 41.157 38.375 35.262 34.927 34.782 34.8 35.33 35.482 34.792 34.847 34.87
39.682 38.532 39.4 38.127 39.88 40.035 37.962 36.75 36.39 36.537 36.585 38.182 36.172 35.842 35.862 35.84 35.695 35.642 35.577 35.44 35.447 35.595 37.385 35.815 38.862 42.35 42.392 41.965 40.885 40.975 41.56 41.377 40.792 40.402 39.832 37.095 37.142 39.095 39.137 40.552 44.36 46.05 46.182 46.155 46.127 46.125 42.102 39.242 38.27 44.862 48.112 53.68 56.582 56.652 55.57 53.6 54.322 39.29 38.86 41.192 41.207 41.12 39.512 34.807 34.677 34.692 34.735 34.875 34.752 34.795 34.805 34.817
