LIDAR-DSM-2M-TQ28ne/tq2985_DSM_2M.asc
ncols 500
nrows 500
xllcorner    529000
yllcorner    185000
cellsize     2
NODATA_value -9999
[rows 256 to 287 of 500, columns 142 to 212 of 500]
52.149 53.759 53.269 52.402 53.639 52.322 52.884 52.754 52.869 53.349 52.611 52.734 52.724 52.486 52.876 53.589 53.856 54.336 54.084 53.334 54.486 54.211 53.906 53.281 53.006 53.046 52.201 51.846 51.766 56.184 64.774 66.361 64.011 61.696 55.461 52.729 53.396 53.024 53.314 52.691 52.579 52.616 52.826 53.339 55.809 63.801 64.921 65.114 63.946 60.971 55.731 52.816 53.204 53.031 53.031 53.224 54.594 53.919 53.534 54.161 53.814 52.834 53.314 53.111 53.076 54.811 54.609 52.429 53.506 57.651 61.559
52.077 53.014 52.219 52.237 53.159 52.489 52.699 52.682 53.374 53.811 52.371 52.671 53.029 52.326 53.261 53.436 52.564 53.844 54.339 54.661 54.454 52.689 53.726 53.894 53.279 53.191 53.291 52.109 55.344 60.189 64.931 66.204 65.961 64.659 56.999 52.624 52.961 52.821 52.901 52.666 53.144 52.664 52.944 52.671 55.971 64.056 65.384 65.271 63.831 60.036 56.619 53.154 53.281 53.839 53.446 53.269 53.544 56.694 54.516 55.581 53.801 52.609 52.616 53.374 53.711 54.461 54.116 53.686 57.344 58.699 58.829
53.269 53.219 52.087 52.232 52.632 52.317 52.622 52.092 52.104 52.764 52.286 53.266 53.309 52.486 53.081 52.656 52.809 54.081 53.286 53.331 53.019 52.666 53.621 53.356 53.341 53.206 53.054 53.224 55.806 62.949 65.221 66.309 65.644 64.131 54.756 52.849 52.784 52.609 52.589 52.766 53.374 52.631 52.651 52.159 58.609 64.114 65.169 64.921 63.574 54.641 52.529 52.989 54.566 55.396 54.226 53.444 53.534 54.176 55.986 56.011 53.346 52.716 52.871 53.484 54.019 54.484 54.061 55.181 55.939 56.149 55.994
52.994 52.562 51.674 51.607 51.999 51.524 53.012 53.822 52.006 52.626 52.214 53.741 52.539 52.244 53.369 52.449 53.101 53.204 52.531 52.996 52.429 52.671 53.764 52.761 52.746 52.734 52.669 51.806 56.059 64.039 65.451 66.239 65.261 63.864 55.134 52.911 52.604 53.119 52.941 52.699 52.731 52.669 53.056 53.584 60.421 64.284 65.209 64.599 62.511 54.791 52.251 52.631 53.169 53.041 53.519 53.236 54.686 55.406 56.374 58.104 54.584 53.051 53.616 53.074 52.749 52.606 52.984 54.731 55.119 55.221 53.204
56.592 55.672 54.214 52.877 52.544 54.397 55.262 54.339 51.734 51.951 51.591 53.149 51.929 52.434 53.794 51.854 53.086 53.436 52.359 52.769 52.776 52.684 53.691 54.084 53.591 53.314 52.929 51.964 52.166 63.811 65.906 66.191 65.769 60.889 52.459 52.839 52.554 52.916 52.611 52.594 52.669 52.659 53.244 53.456 63.381 65.014 65.656 64.499 61.989 53.711 52.636 52.896 52.909 52.909 53.339 52.954 54.144 54.344 53.191 55.609 53.049 53.201 53.089 52.706 52.621 52.639 52.574 53.739 53.884 52.879 52.589
57.437 57.654 55.752 52.994 54.467 57.444 58.554 56.219 51.594 51.541 54.051 55.756 53.321 51.779 52.764 51.326 52.496 53.249 52.049 52.116 54.431 54.324 53.844 53.354 52.991 52.889 52.621 52.396 52.961 64.454 66.186 66.481 65.041 61.259 52.326 52.726 52.511 52.794 52.569 53.076 53.111 52.614 52.891 53.229 63.074 65.291 65.341 64.701 61.839 52.946 51.761 52.306 53.234 53.911 53.661 53.516 53.424 53.399 53.426 53.234 54.299 53.686 52.774 52.666 52.601 52.594 53.151 52.961 52.261 52.324 52.396
60.257 59.417 58.614 56.434 55.477 57.779 57.802 55.069 52.171 51.619 57.414 58.546 57.269 52.069 51.731 54.731 56.239 55.614 52.891 52.871 55.219 54.939 52.996 52.631 52.564 52.951 52.466 51.874 55.134 65.014 66.031 66.374 64.951 57.016 52.614 52.796 52.634 53.329 52.529 52.709 52.654 52.644 53.074 54.709 63.656 65.129 65.331 64.496 61.126 56.099 55.996 55.036 53.084 53.011 53.011 53.396 53.374 53.006 53.091 54.324 54.581 54.284 53.601 52.741 52.876 53.134 52.851 52.329 52.221 52.279 52.346
61.457 61.024 60.162 62.369 60.744 61.304 60.997 60.014 58.166 56.214 58.829 58.939 56.019 52.416 51.491 57.171 57.984 57.181 53.689 53.639 56.079 57.144 53.146 54.236 53.596 53.336 52.351 54.649 60.194 65.406 66.231 66.096 64.706 57.429 52.426 52.521 52.561 53.001 52.506 53.026 52.549 52.699 52.701 55.746 63.729 65.206 65.409 63.931 59.959 54.564 54.974 55.081 53.579 53.161 55.636 53.681 53.001 53.459 53.061 54.279 55.259 55.461 54.449 53.976 53.041 52.596 52.359 52.294 52.281 52.321 52.539
61.537 60.882 60.967 61.722 60.667 61.394 61.174 60.837 62.071 60.921 61.279 61.511 60.809 60.429 60.174 59.976 59.954 57.989 55.509 55.799 57.219 56.836 53.156 53.011 52.651 52.766 52.674 58.826 61.819 64.936 66.341 65.699 64.184 55.624 52.851 52.514 52.411 52.529 52.504 53.274 52.554 52.611 52.454 57.004 63.854 65.059 65.301 64.334 58.729 53.279 53.386 53.441 53.876 53.399 54.674 54.821 54.556 55.131 54.024 53.854 54.429 56.189 54.396 54.599 52.891 52.589 52.364 52.351 52.586 52.724 52.909
61.457 60.654 61.354 62.032 60.637 61.432 60.944 60.912 61.966 60.729 61.334 61.391 60.774 61.824 60.846 60.919 61.266 60.624 61.434 61.136 60.426 57.904 52.741 52.429 52.299 51.884 53.964 58.441 63.544 65.301 66.159 65.356 64.104 55.469 53.069 52.469 52.919 52.846 52.489 52.706 52.439 53.004 53.326 58.331 64.176 65.386 65.004 63.579 57.809 54.454 53.039 52.766 52.771 52.806 54.511 53.359 53.329 53.859 53.801 54.431 54.526 54.374 54.469 53.676 52.811 52.539 52.376 53.706 57.176 53.321 52.991
57.479 56.822 60.022 60.162 61.109 61.604 60.802 60.987 61.906 60.731 61.356 61.141 60.806 61.289 60.696 61.059 61.376 60.579 61.409 60.969 60.816 58.684 53.686 53.149 53.071 52.466 52.601 51.789 62.091 65.854 66.224 65.804 63.306 54.301 52.844 52.389 52.784 52.589 52.391 52.941 52.431 52.759 53.006 61.589 64.881 65.469 65.021 63.421 57.844 54.589 53.159 53.181 53.231 53.804 53.061 53.361 53.874 53.989 53.669 53.431 53.496 54.836 53.884 53.074 52.949 52.574 53.729 57.604 59.326 54.964 52.471
50.772 51.249 51.954 51.497 51.462 52.302 55.737 55.347 58.554 58.244 58.884 61.244 60.964 61.809 60.619 61.141 61.136 60.571 62.234 61.081 60.876 56.294 52.799 53.641 53.611 53.461 53.351 54.256 64.221 65.891 66.639 65.204 61.829 52.786 52.906 52.299 52.784 52.411 52.516 52.916 52.461 53.124 52.299 62.271 65.259 65.394 64.834 62.184 56.039 55.541 54.364 53.874 53.459 51.799 53.674 54.199 54.374 54.491 54.784 53.939 54.601 55.506 56.236 56.339 53.701 57.206 54.249 59.256 57.909 56.089 52.666
50.639 51.474 51.932 51.682 51.072 50.914 51.202 51.232 51.476 51.334 51.266 52.929 53.439 54.544 56.446 56.934 58.049 59.804 60.081 60.136 61.049 56.521 52.504 52.836 51.874 51.374 52.216 56.791 64.371 65.681 66.146 65.036 60.269 54.084 54.084 52.231 52.959 52.466 52.389 52.491 52.606 54.224 53.591 58.066 62.271 64.514 63.671 62.694 56.299 56.059 55.191 53.879 53.656 51.171 52.194 52.844 53.241 52.881 53.349 54.921 57.531 55.249 55.406 54.049 54.241 57.459 58.429 56.369 59.796 56.219 55.146
50.592 50.827 50.672 50.634 50.682 50.724 50.844 50.827 51.504 51.074 51.016 51.684 51.804 52.391 51.786 51.116 51.276 51.411 52.921 52.349 55.354 55.826 51.806 51.691 51.361 51.341 53.746 60.096 64.526 65.864 65.914 65.226 59.176 52.749 53.631 52.154 52.191 52.229 52.691 52.341 52.809 53.074 54.031 62.556 60.701 60.336 58.329 58.869 55.009 54.291 53.614 53.901 53.956 52.216 53.011 53.054 52.834 53.014 55.406 55.016 53.616 54.006 54.304 53.399 55.041 54.471 53.894 52.459 57.766 57.394 57.024
50.527 50.912 50.819 51.512 51.094 50.654 50.664 50.714 51.196 51.211 50.919 50.896 50.999 51.096 51.099 50.994 51.196 51.346 52.766 52.151 52.596 55.791 54.486 53.596 53.764 53.156 51.626 55.649 56.559 60.599 60.704 62.744 58.101 53.054 52.249 52.074 52.089 52.199 53.121 52.486 52.824 53.086 56.896 64.109 64.464 64.529 64.019 61.181 55.836 55.384 54.824 52.546 52.596 55.939 57.236 54.196 54.211 55.214 54.564 54.841 55.061 55.439 56.734 55.586 54.789 52.826 52.454 52.381 52.971 57.459 62.654
50.472 50.509 50.567 50.607 50.639 50.687 50.717 50.737 51.274 51.511 50.974 51.579 51.749 51.121 51.434 51.464 51.001 50.961 51.086 51.059 51.071 51.491 51.481 51.999 52.161 52.731 53.241 52.554 53.111 52.814 52.484 53.094 52.799 53.604 52.389 51.956 51.984 52.109 52.471 52.274 52.706 52.496 57.696 63.901 64.514 64.431 63.961 59.569 58.354 57.731 56.464 53.136 53.244 52.584 53.529 52.886 53.064 53.204 54.026 54.879 55.166 56.421 56.676 56.541 56.696 54.089 52.401 52.391 52.346 57.869 60.861
50.297 50.362 50.384 50.442 50.669 50.994 50.672 50.644 50.679 50.719 50.751 50.786 50.826 50.864 51.114 51.239 50.954 50.934 51.409 51.491 51.034 51.224 51.701 51.889 51.254 51.261 51.384 51.474 51.769 51.701 52.174 52.571 53.574 53.971 52.411 51.906 51.951 52.074 51.994 52.264 53.054 52.794 59.311 63.924 64.551 64.371 63.411 60.431 59.529 59.256 56.321 53.421 53.236 52.644 52.789 52.771 52.714 52.784 52.981 53.191 53.356 55.001 56.734 56.686 55.736 54.339 52.386 52.366 52.331 52.709 53.001
50.362 50.359 50.402 50.389 50.579 51.132 51.017 50.492 51.224 50.726 50.829 51.141 50.929 50.779 50.816 50.819 50.846 50.894 50.909 50.946 50.999 51.076 51.421 51.534 51.186 53.499 53.986 53.129 51.491 51.436 51.591 51.821 51.656 51.751 51.734 51.756 51.926 51.964 51.944 52.261 54.039 52.776 63.309 64.239 64.554 64.299 63.754 59.384 59.016 59.214 56.949 55.436 54.181 54.616 54.594 53.971 54.359 54.089 54.954 55.811 53.356 53.481 58.079 54.109 53.694 52.436 52.366 52.364 52.311 52.306 55.549
50.652 51.312 51.399 51.662 50.674 50.499 50.524 50.592 50.629 50.616 50.681 50.791 50.741 50.831 51.319 50.864 51.421 51.511 50.894 50.866 51.209 51.041 51.056 51.201 51.154 51.216 51.339 51.606 51.389 51.436 51.679 52.156 51.671 51.646 51.659 51.759 51.884 51.951 51.859 52.436 54.191 54.056 61.311 64.204 64.744 63.626 62.646 55.261 55.939 55.961 55.834 54.916 52.294 52.509 52.816 53.004 53.669 53.914 54.769 54.466 54.181 52.891 53.334 52.531 52.661 52.434 52.356 52.324 52.309 59.456 59.816
51.892 51.892 51.527 50.854 50.464 50.692 50.814 51.334 50.706 53.541 53.899 51.101 50.736 50.731 50.716 50.741 50.749 50.796 50.796 50.834 51.171 51.216 51.759 52.699 51.961 51.466 51.831 51.391 51.481 51.446 51.474 51.514 51.601 51.641 51.666 51.746 51.879 51.871 51.821 52.316 52.381 54.431 62.539 64.076 65.054 64.424 61.239 54.301 53.721 52.859 52.601 53.151 52.606 52.734 52.729 52.761 52.559 53.126 53.726 52.851 53.349 52.836 52.716 52.486 52.386 52.349 52.321 52.301 52.291 57.384 59.249
59.862 59.067 60.197 57.789 57.142 57.284 54.867 53.434 51.069 52.511 52.681 50.459 50.254 51.686 51.576 50.784 50.699 51.166 51.074 50.881 50.884 51.446 51.894 51.411 51.109 51.251 51.574 51.324 51.966 51.701 52.236 52.186 51.479 51.516 51.596 51.709 51.761 51.756 51.761 52.524 52.319 54.419 63.914 64.011 64.214 63.896 59.321 53.026 52.499 52.536 53.081 53.074 53.776 53.454 53.491 53.676 52.971 55.596 56.514 55.026 54.759 54.791 55.066 52.846 52.401 52.326 52.294 52.254 52.231 55.511 58.784
59.737 59.507 60.677 59.519 59.784 60.312 59.507 60.387 60.149 59.671 60.186 57.014 56.946 56.234 53.499 51.474 50.276 50.911 50.649 50.624 50.599 52.106 52.704 53.266 53.726 52.884 52.194 52.284 51.284 51.296 51.359 51.391 51.431 51.424 51.454 51.609 51.704 51.876 51.724 53.371 52.124 52.939 63.339 64.009 64.134 63.484 60.196 58.244 56.726 52.701 52.894 52.124 52.379 52.376 52.474 52.689 52.861 55.924 55.989 53.264 62.274 56.306 55.194 53.426 52.481 52.279 52.256 52.244 52.211 53.869 54.271
59.619 59.589 60.412 59.462 59.929 60.157 59.527 60.482 59.944 59.599 60.234 59.619 59.959 60.629 59.521 60.044 59.939 59.949 58.939 56.244 55.779 54.151 51.486 51.876 52.089 51.844 54.721 54.966 52.651 51.894 51.171 51.321 51.794 51.609 51.474 51.551 51.634 52.376 52.014 53.314 53.271 56.916 63.444 64.044 64.099 63.411 60.059 59.141 57.469 53.974 53.266 52.469 52.481 52.431 52.426 52.476 52.544 53.726 54.451 53.019 57.451 55.754 55.071 55.384 54.189 52.251 52.266 52.229 52.191 54.146 56.814
59.457 59.734 60.514 59.464 60.097 60.017 59.497 60.589 59.711 59.614 60.316 59.519 60.056 60.306 59.479 60.254 59.734 59.516 60.494 59.489 59.769 53.456 51.299 51.429 52.166 51.821 61.071 64.921 65.259 63.464 61.549 52.596 51.919 51.641 51.426 51.474 51.594 52.396 51.696 52.634 52.349 58.934 63.771 64.081 63.979 63.829 59.921 58.311 56.134 54.674 54.681 54.176 52.806 53.089 53.951 54.481 53.349 53.386 52.741 54.196 58.021 58.311 58.316 55.406 52.281 52.254 52.231 52.251 52.196 52.144 53.854
57.459 53.644 54.327 57.172 58.342 58.459 58.397 59.579 59.676 59.831 60.139 59.516 60.419 60.384 59.549 60.204 59.669 59.631 60.146 59.429 59.944 54.176 51.826 52.004 51.354 50.614 59.199 64.941 65.256 64.986 63.336 53.504 52.226 51.484 51.561 51.574 51.706 52.259 51.616 53.594 53.289 59.701 63.459 64.709 64.201 63.121 54.514 53.264 53.639 53.481 54.006 53.444 52.486 52.246 54.421 53.064 53.074 52.894 53.061 53.184 56.704 61.271 55.871 53.291 52.244 52.221 52.241 52.214 52.194 52.174 54.466
54.409 51.219 52.072 55.307 56.722 56.134 52.039 52.072 53.951 56.846 58.139 57.539 56.651 56.214 59.306 60.116 59.549 59.796 60.401 59.411 59.469 52.976 51.916 52.219 51.004 50.789 61.501 64.659 65.471 64.474 61.216 52.086 51.971 51.441 51.961 51.459 51.604 52.039 51.584 52.041 51.779 60.971 63.091 64.149 63.729 62.824 54.201 52.781 53.379 53.494 52.856 52.809 52.499 52.336 52.361 52.419 52.431 52.409 53.029 58.691 58.866 58.814 54.859 52.259 52.254 52.219 52.201 52.199 52.199 53.779 55.484
53.457 51.492 52.114 54.899 56.904 55.734 50.482 52.359 54.609 56.644 56.566 53.374 51.229 52.551 56.209 56.824 56.081 52.711 55.256 57.919 58.621 52.149 50.911 50.901 50.921 51.111 63.464 64.674 64.939 63.914 60.584 51.441 52.354 51.404 51.546 51.316 51.436 51.431 51.531 52.196 51.786 60.749 63.334 63.844 63.229 61.086 54.481 53.554 52.396 51.774 52.251 52.534 52.439 52.389 52.624 52.751 54.491 53.181 53.976 61.219 63.844 57.899 53.451 52.224 52.246 52.181 52.189 52.221 52.206 53.194 54.321
51.054 52.354 53.297 52.172 51.984 51.562 50.199 52.909 53.506 55.986 55.536 52.146 51.686 52.131 56.319 57.204 55.171 50.471 50.684 55.391 55.401 52.529 52.129 51.179 55.109 58.436 63.964 64.759 64.924 64.406 60.146 51.726 52.051 52.431 51.726 51.316 51.836 51.756 51.381 51.641 51.729 62.439 63.474 63.866 62.979 61.171 58.169 57.131 53.826 51.964 52.089 52.486 52.191 52.211 52.479 52.631 53.306 53.404 52.676 55.674 53.094 52.679 52.156 52.201 52.184 52.191 52.161 52.199 52.209 52.199 54.826
50.014 52.317 50.877 51.182 51.979 50.077 50.459 50.779 52.834 52.749 52.716 50.741 51.079 51.989 53.766 55.079 53.101 51.091 50.864 55.581 55.309 52.476 51.476 51.474 57.171 60.266 63.349 64.829 64.799 63.416 57.456 51.669 51.299 51.251 51.921 51.184 51.926 51.466 51.419 51.971 54.459 62.906 63.476 63.666 63.279 61.801 58.756 57.774 53.411 53.394 52.524 52.704 52.649 52.186 52.279 53.124 52.341 54.081 54.524 55.051 53.614 52.251 52.119 52.126 52.134 52.134 52.154 52.189 52.166 52.199 54.861
49.894 52.134 50.192 51.567 51.329 50.112 50.832 50.792 51.664 52.479 51.694 50.624 51.514 52.741 52.719 51.179 50.726 50.801 50.301 52.449 53.236 51.701 51.126 51.056 58.436 60.949 63.359 64.346 64.459 63.084 58.211 52.111 51.244 51.051 51.209 51.104 51.126 51.184 51.241 51.351 55.924 63.501 63.659 63.744 63.516 60.359 57.501 54.979 51.809 51.779 52.171 52.261 52.741 52.921 52.974 53.311 52.741 55.409 57.894 56.711 55.071 54.431 52.119 52.124 52.139 52.141 52.136 52.264 52.149 52.159 53.836
51.394 57.069 53.122 52.052 51.527 50.479 51.217 50.542 50.116 51.466 50.266 50.879 51.744 51.074 52.619 50.496 50.209 50.831 50.309 50.541 52.339 51.521 51.689 50.659 50.796 57.539 63.854 64.881 64.501 63.256 53.714 51.129 51.101 50.944 50.986 51.054 51.734 51.164 51.249 51.359 55.926 62.681 64.059 64.009 63.086 57.834 52.129 51.596 51.536 52.134 51.751 52.594 52.989 52.551 52.164 52.141 54.111 58.489 56.694 57.064 56.109 54.136 53.676 52.101 52.094 52.121 53.271 53.599 52.141 52.134 52.251
51.052 57.024 53.539 52.062 52.664 53.099 52.249 53.757 53.184 51.056 50.524 51.519 51.929 50.286 51.986 50.301 50.411 50.539 50.424 50.481 50.751 50.691 50.766 50.796 50.459 58.156 64.006 65.114 64.444 62.161 53.879 51.356 51.089 50.891 50.924 51.009 51.731 51.059 51.734 51.294 59.919 62.791 63.429 63.141 62.919 53.949 52.106 51.574 51.789 53.704 52.594 52.821 52.321 51.811 52.074 51.951 54.184 59.446 56.334 57.489 56.024 53.329 54.276 52.796 52.101 52.101 53.726 55.336 55.519 52.856 52.581
