LIDAR-DSM-2M-TQ28ne/tq2988_DSM_2M.asc
ncols 500
nrows 500
xllcorner    529000
yllcorner    188000
cellsize     2
NODATA_value -9999
[rows 416 to 447 of 500, columns 355 to 425 of 500]
55.756 55.328 53.901 54.253 57.743 57.843 53.913 53.746 54.623 54.848 54.486 54.671 59.798 61.643 62.256 57.806 56.371 58.281 57.896 54.408 51.583 51.526 51.498 51.491 51.503 51.516 51.666 51.958 55.258 52.953 51.651 51.531 51.788 52.071 51.398 51.336 51.368 51.878 51.918 50.966 51.006 51.238 51.303 52.226 51.573 52.278 56.515 60.54 61.033 60.355 52.228 56.35 59.22 58.725 55.888 52.91 53.533 52.228 50.815 51.75 51.263 51.428 52.153 52.175 54.198 56.208 53.993 55.66 55.88 57.023 59.148
55.131 53.768 53.528 54.123 56.643 57.638 54.618 55.338 55.301 53.721 58.633 61.543 62.921 62.873 63.156 60.471 55.191 58.238 58.413 57.151 52.106 51.568 51.843 51.996 52.281 52.461 52.568 52.343 51.883 51.916 52.446 51.998 51.533 51.506 51.468 51.413 51.676 51.651 51.281 51.261 51.541 51.058 51.378 52.238 54.091 58.473 60.895 61.265 61.745 61.403 56.245 52.713 56.228 54.55 51.633 51.885 51.713 51.283 50.765 51.343 53.635 55.343 56.573 58.005 55.365 56.753 58.918 57.368 56.113 55.755 56.72
53.943 53.628 53.646 54.408 56.118 54.653 55.593 55.581 58.893 61.531 62.258 64.021 63.508 63.631 62.646 61.733 57.281 57.416 58.523 57.613 53.478 52.573 55.066 54.491 52.653 53.028 52.791 52.166 51.898 51.903 51.873 51.706 51.611 51.548 52.111 51.788 51.236 51.261 51.421 51.688 51.318 51.726 52.586 55.946 60.243 60.838 61.65 61.735 61 60.103 57.175 51.268 51.093 51.095 50.78 50.633 51.073 51.133 51.108 53.198 54.888 54.11 55.958 54.518 56.893 59.198 54.638 54.99 54.338 52.358 57.133
54.021 54.501 54.093 53.681 53.723 54.233 54.761 61.056 61.981 62.703 63.391 64.248 64.476 64.013 62.863 61.583 55.678 54.106 55.943 54.801 52.583 53.053 53.503 52.806 52.423 52.143 52.353 52.828 52.093 51.911 51.806 51.723 51.608 51.466 51.493 51.433 51.438 51.426 51.553 51.976 51.736 56.606 59.796 60.116 61.103 62.115 61.798 60.27 59.11 55.413 51.923 51.118 51.298 50.703 50.62 50.655 50.66 51.425 52.583 55.57 55.558 51.605 55.005 55.225 56.29 59.105 57.94 58.208 53.925 52.13 52.018
55.443 54.788 53.858 53.698 53.753 54.883 53.731 59.508 62.936 63.413 63.901 64.243 63.936 63.646 63.083 60.263 55.373 53.196 54.163 55.246 54.243 52.651 52.506 52.328 52.628 52.171 52.188 52.168 52.068 51.926 51.821 51.691 51.591 51.563 51.676 52.028 51.658 51.523 52.273 55.631 52.686 57.853 60.941 61.488 61.881 61.165 60.253 57.948 55.428 54.035 52.733 51.22 51.14 51.373 51.04 50.663 50.7 52.023 54.47 56.983 54.955 54.38 54.3 55.03 54.658 59.663 55.783 56.74 52.83 52.148 52.225
54.283 53.846 53.688 53.688 56.406 54.403 54.216 55.393 61.881 62.421 63.053 63.876 62.993 62.028 60.746 53.536 53.148 53.086 53.683 54.816 54.271 52.568 52.411 52.678 52.936 52.371 52.281 52.201 52.288 52.876 51.878 51.741 51.741 51.736 51.858 52.583 53.406 51.761 56.003 60.516 60.271 53.428 59.838 61.603 60.723 58.45 55.17 51.73 53.44 52.038 51.13 51.483 51.045 51.535 51.08 50.705 50.73 50.77 53.03 57.158 53.118 56.49 55.245 54.803 51.69 55.373 55.338 52.613 53.098 52.873 52.87
53.788 53.663 53.616 53.993 57.103 57.421 56.581 55.376 58.228 61.338 62.036 62.193 61.513 54.651 54.596 53.133 53.103 53.028 52.908 52.888 52.628 53.906 53.948 52.446 52.408 52.383 52.281 52.116 52.108 52.203 52.278 51.888 51.803 51.808 51.796 52.091 55.601 59.281 60.508 61.353 62.191 55.473 55.578 60.293 56.668 53.015 50.91 50.88 51.193 51.34 51.043 51.045 51.043 51.118 51.805 51.67 51.413 50.803 53.535 54.188 55.34 54.535 54.575 53.795 51.85 51.93 53.048 52.028 52.068 52.36 52.78
53.721 53.691 53.633 55.591 58.966 58.931 56.933 56.428 55.003 57.066 59.796 56.161 54.911 55.256 54.036 53.131 53.026 52.938 52.816 52.696 52.648 52.903 52.601 52.541 52.771 53.096 52.393 52.116 52.396 53.623 53.723 52.143 51.843 51.888 54.123 58.048 60.998 61.358 61.958 62.398 61.928 61.071 52.116 53.523 51.366 50.848 50.823 50.888 51.035 51.145 51.06 51.063 51.05 51.063 51.515 53.89 53.095 52 56.24 60.48 57.038 58.365 55.778 56.32 54.02 51.933 51.99 52.023 52.083 52.268 54.678
53.753 53.706 53.731 57.628 58.061 57.423 54.513 56.858 56.561 54.268 53.541 53.531 53.676 54.961 55.116 53.146 53.001 52.868 52.833 52.801 52.786 52.706 52.598 52.513 52.996 53.381 52.746 53.218 52.601 52.926 52.603 52.211 56.141 60.143 60.488 61.621 62.341 62.658 62.123 61.283 60.583 58.931 51.341 51.623 51.171 50.88 50.838 50.83 50.823 51.385 51.66 51.045 51.07 51.06 51.1 52.223 54.895 55.245 57.34 58.748 56.148 54.478 56.833 56.428 55.343 52.053 51.985 52.03 52.1 52.448 53.063
54.673 55.956 55.263 54.058 55.511 53.731 54.021 55.918 55.633 54.258 54.078 54.031 54.778 54.791 53.521 53.681 53.788 53.101 52.956 52.908 52.776 52.676 52.573 52.471 52.938 53.668 54.308 53.241 52.288 52.961 55.333 53.928 56.201 61.563 62.168 62.851 62.738 61.996 60.753 59.433 56.521 53.776 51.471 51.386 51.091 50.915 50.868 50.86 50.823 50.863 51.55 51.825 51.425 51.14 53.01 52.318 52.393 53.34 55.453 58.65 58.388 57.373 56.37 54.75 51.993 51.993 52.015 52.105 52.49 53.65 54.798
56.008 55.391 55.673 55.073 55.678 56.701 55.686 54.528 54.138 53.936 55.371 54.876 53.683 53.346 53.306 53.741 53.293 53.081 52.993 52.883 52.738 52.661 52.638 52.858 53.436 54.058 53.976 53.271 52.431 55.866 61.331 61.278 54.373 61.733 62.843 62.233 61.438 59.228 55.726 54.726 53.976 53.446 51.861 52.456 51.236 51.01 50.893 50.885 50.905 50.905 51.54 53.168 52.448 52.383 54.458 55.955 53.605 54.82 55.808 59.355 58.403 59.778 59.033 57.383 53.073 52.058 53.365 53.66 52.928 52.978 56.35
54.636 54.266 55.243 59.113 60.856 56.601 53.618 54.021 54.628 54.413 53.678 53.488 54.138 53.948 53.318 53.263 53.183 53.073 52.966 52.828 52.818 53.048 53.558 53.421 52.798 53.043 53.461 56.433 59.413 61.293 62.103 62.951 57.886 55.658 61.616 60.328 57.943 52.421 52.726 54.531 52.538 51.446 51.433 51.661 52.691 52.893 53.83 50.943 50.933 51.02 51.165 51.438 52.653 54.013 55.988 57.713 57.88 53.703 53.713 56.725 55.323 59.895 59.76 59.138 56.213 53.52 54.413 53.713 53.428 53.075 60.21
53.901 54.216 54.668 57.351 56.596 57.616 54.996 53.866 54.061 53.663 53.533 53.486 53.486 53.451 53.343 53.291 53.158 53.026 53.008 53.101 53.288 53.296 54.983 54.126 52.931 54.353 59.298 61.781 62.003 62.696 63.273 62.948 62.396 53.683 56.788 54.718 51.978 52.123 54.328 55.106 54.066 52.033 52.158 52.538 52.543 51.818 52.958 52.188 51.005 52.733 53.485 52.773 53.968 56.308 56.883 58.41 54.208 55.358 57.685 57.913 54.125 56.698 60.948 60.625 58.94 55.395 53.083 54.63 59.948 63.238 67.243
53.781 54.071 54.281 55.066 57.096 56.521 54.443 53.898 53.758 53.648 53.686 53.603 53.521 53.453 53.683 54.893 53.313 53.166 53.501 53.353 53.061 53.053 53.893 54.431 60.621 61.398 62.243 63.138 63.421 63.083 62.338 61.506 60.213 54.743 53.896 52.286 52.091 51.826 53.706 53.621 54.533 53.041 51.841 51.543 55.191 53.82 53.793 54.195 51.458 53.148 55.768 56.558 55.598 56.91 57.4 57.593 57.13 59.885 59.903 58.23 58.09 60.938 61.695 61.23 60.343 57.855 54.833 58.183 68.698 68.083 68.045
53.878 54.056 54.638 55.428 54.726 54.086 53.958 53.881 53.823 53.791 53.758 53.591 53.498 53.361 53.318 53.311 53.506 53.691 53.213 53.166 53.136 53.106 53.173 57.528 62.448 62.823 63.586 63.571 63.263 61.783 60.286 55.798 53.943 52.301 54.121 52.751 51.763 51.803 51.723 52.843 54.861 57.243 51.891 51.383 54.923 55.603 57.783 53.61 53.015 52.348 56.788 57.568 54.855 56.353 58.543 59.205 58.418 57.563 56.635 55.9 56.66 59.835 61.343 60.903 59.915 58.383 59.418 56.955 66.878 69.025 67.113
54.371 55.268 55.458 54.276 54.293 54.111 53.991 53.966 53.923 53.833 53.708 53.551 53.413 53.371 53.546 53.808 53.506 53.701 53.408 53.931 56.126 57.353 55.098 55.041 62.828 63.631 63.116 62.368 61.481 56.751 55.071 53.626 53.886 52.281 52.666 52.578 51.776 51.736 51.741 55.281 60.198 60.156 56.283 53.846 58.116 61.405 59.588 54.823 54.045 53.05 55.168 58.295 57.14 55.02 56.183 55.04 52.838 53.015 53.135 53.215 53.29 53.31 55.555 57.558 59.258 58.858 60.748 57.413 60.918 65.423 69.005
54.846 54.493 54.328 54.688 55.088 54.173 54.081 53.981 53.903 54.198 53.851 53.513 54.266 56.828 53.911 53.363 53.401 54.291 55.651 60.338 62.018 61.788 61.306 58.268 57.521 62.606 61.633 59.071 54.528 52.626 53.753 53.438 52.558 54.296 52.151 54.381 56.368 51.831 52.541 56.651 58.331 59.408 59.543 56.741 58.908 61.678 59.5 58.65 57.235 54.893 55.825 58.588 56.865 54.15 52.848 52.928 53.138 53.23 53.368 53.465 53.54 53.628 55.673 54.98 59.095 59.118 60.78 60.48 53.498 62.213 68.21
54.523 54.413 54.341 54.346 54.283 54.196 54.081 53.931 54.641 54.608 54.896 55.421 54.491 56.283 53.591 53.423 54.758 59.581 62.173 62.663 63.638 62.938 62.131 62.606 56.296 57.321 56.836 55.541 54.258 52.568 52.413 52.163 54.131 56.083 54.518 57.838 60.838 51.896 53.153 56.903 54.406 56.091 58.933 58.328 57.028 60.46 62.07 60.51 60.78 62.59 60.783 58.488 56.485 54.288 53.065 53.175 53.438 53.98 53.548 54.468 60.995 60.32 54.925 55.918 56.275 59.43 62.443 61.218 54.688 55.848 65.62
54.926 54.466 54.471 54.368 54.253 54.108 53.961 53.831 54.408 54.058 56.486 57.048 53.818 53.896 54.236 55.928 61.066 62.946 63.838 64.291 63.898 63.801 63.088 62.748 60.241 52.808 53.843 54.583 52.746 52.603 52.468 52.613 54.058 56.583 58.533 58.546 56.283 52.533 52.116 57.476 58.443 56.496 57.361 56.776 55.191 58.113 62.483 63.185 60.63 62.28 61.65 57.613 54.385 53.155 54.318 60.015 60.598 57.24 54.79 62.318 65.413 67.218 60.523 57.933 56.09 57.045 57.47 60.578 57.52 57.008 56.508
54.761 54.543 54.396 54.286 54.151 53.983 53.976 53.978 54.301 53.588 53.951 53.328 53.528 53.661 54.208 56.031 61.468 62.706 63.908 64.543 64.126 63.133 62.621 61.551 60.478 54.566 52.698 52.528 52.391 52.246 52.291 53.706 55.208 59.301 57.068 59.618 56.458 54.983 57.166 57.983 58.886 56.633 57.723 58.046 57.306 58.653 63.928 59.48 61.518 57.433 58.438 56.795 53.525 53.325 55.17 58.395 56.248 55.655 61.06 65.275 66.855 67.573 67.415 61.495 57.625 58.415 58.703 59.11 57.715 59.57 57.82
54.608 54.486 54.348 54.178 54.121 54.121 54.816 54.846 53.638 53.283 52.956 52.916 53.288 53.581 54.133 56.401 61.918 62.723 63.606 63.503 63.061 62.101 60.073 56.003 55.456 56.241 53.808 53.708 53.106 52.213 52.218 53.531 56.056 55.778 58.438 55.026 54.733 56.431 55.431 56.543 59.903 60.733 59.393 56.698 59.246 63.713 59.27 58.903 62.073 56.633 55.32 55.28 53.535 53.493 55.478 58.368 55.658 60.13 65.248 67.23 67.57 67.743 68.1 68.128 62.358 58.03 55.433 56.755 56.785 57.965 58.12
55.158 54.611 54.301 54.253 54.326 55.566 53.788 53.478 53.096 52.861 52.763 52.768 52.968 53.786 55.321 55.546 60.583 63.318 62.863 62.851 61.071 58.423 53.446 52.723 53.058 53.883 53.283 53.453 52.891 52.233 52.216 52.286 53.236 53.676 54.643 53.058 56.711 60.566 61.751 62.691 57.416 58.886 57.231 55.531 56.791 58.065 60.88 58.253 54.36 53.23 53.328 53.548 54.518 53.578 53.658 55.18 59.14 65.218 66.81 67.583 67.745 68.133 68.113 68.12 67.02 59.125 55.825 55.583 58.758 61.39 60.213
54.898 54.453 54.358 54.888 54.728 54.318 53.406 52.976 52.831 52.806 53.288 52.953 52.911 53.603 57.371 57.491 54.796 61.618 61.618 59.291 54.153 54.518 53.231 52.696 52.618 52.571 52.508 53.366 53.656 52.671 52.788 52.976 54.153 54.316 58.706 55.443 56.626 57.601 61.241 56.678 58.556 61.488 57.253 57.196 53.181 54.345 54.413 53.41 54.468 56.27 54.383 53.943 53.713 53.653 53.7 58.17 64.788 67.108 67.585 67.715 68.125 68.13 68.133 66.793 64.19 58.205 55.295 56.343 56.528 59.643 58.34
54.818 54.841 54.731 56.698 56.381 53.756 53.116 52.923 52.848 52.828 53.151 53.431 53.968 53.473 55.661 54.738 55.063 57.823 60.006 58.718 54.761 53.166 53.338 52.653 52.593 52.713 52.538 52.903 54.683 54.446 54.581 54.321 54.538 54.351 58.328 58.131 56.211 55.801 54.641 59.488 60.423 55.058 56.598 53.373 53.096 53.758 53.835 53.295 53.4 54.043 53.565 53.593 53.615 53.69 59.263 65.16 66.788 67.593 67.62 68.028 68.098 68.118 66.553 64.41 60.088 55.283 56.03 55.9 56.12 58.52 58.995
57.253 58.971 54.968 56.118 57.121 55.306 53.326 52.951 52.868 53.518 52.918 53.738 53.048 52.726 52.686 53.208 57.136 54.946 59.073 57.588 54.436 52.946 52.906 52.783 52.536 52.523 52.561 52.916 53.936 55.866 55.893 56.106 55.048 55.058 58.043 55.546 58.133 59.201 54.728 53.971 55.756 56.698 53.113 53.121 53.151 53.238 53.318 53.415 53.513 53.58 53.63 53.668 53.718 57.833 64.188 66.165 67.595 67.688 68.218 68.13 68.13 67.968 63.958 59.728 55.725 55.405 56.373 55.89 55.955 56.23 56.178
63.661 63.361 56.113 54.578 56.081 54.238 53.331 53.376 54.211 53.803 53.828 52.873 52.666 53.216 53.823 53.518 56.216 57.821 54.123 53.143 52.971 52.971 52.868 53.006 53.211 52.551 52.571 54.248 57.613 56.973 54.288 53.908 59.126 55.741 56.888 56.878 58.856 57.428 54.281 53.873 54.966 58.268 56.601 54.143 53.246 53.305 53.383 53.503 53.588 53.635 53.69 53.723 57.488 64.01 66.795 67.59 67.78 68.725 68.325 68.135 67.728 62.97 59.423 55.293 55.478 56.16 56.02 56.443 56.568 56.178 56.468
65.338 65.268 58.983 56.321 55.001 53.411 54.923 57.068 53.586 52.903 52.788 52.706 52.698 54.898 57.461 55.691 56.026 57.223 55.121 53.158 52.991 53.526 52.971 52.851 53.281 53.318 56.701 58.073 58.943 56.853 54.161 55.603 57.826 55.361 55.253 54.393 54.733 55.053 53.186 53.216 55.266 59.566 57.038 58.296 53.791 53.408 53.5 53.608 53.663 53.678 53.733 56.018 63.38 66.173 67.605 67.628 68.928 68.448 68.113 67.288 64.013 60.023 54.92 55.238 57.57 56.57 56.715 58.493 56.155 56.495 56.683
66.606 65.603 64.768 56.528 55.506 55.321 56.696 57.818 53.761 52.821 52.781 52.751 52.766 55.506 57.863 56.653 53.358 54.053 54.593 55.241 53.021 53.241 54.531 55.053 59.591 56.446 57.708 57.641 58.413 57.101 53.228 54.176 58.131 55.778 53.088 53.828 53.171 53.201 53.218 53.253 56.393 57.468 59.093 58.753 57.193 53.518 54.103 54.323 53.7 53.763 56.663 64.3 66.388 67.438 67.875 68.935 68.558 68.113 68.028 65.043 58.993 55.17 55.39 55.603 59.67 57.178 57.145 56.138 56.24 56.16 56.19
67.438 66.263 64.683 58.098 55.351 54.378 53.246 53.068 54.041 52.928 53.551 53.543 53.486 55.303 57.801 55.366 52.753 52.726 54.898 56.526 53.366 53.648 53.266 53.858 59.856 57.941 56.678 56.816 53.388 53.546 54.021 57.501 58.663 55.663 56.688 53.253 53.321 53.216 53.243 53.293 53.331 58.296 60.348 61.371 54.648 53.525 54.24 54.015 53.738 55.605 63.463 66.648 67.618 67.655 68.73 68.555 68.135 68.163 63.695 59.265 55.725 55.235 55.588 55.938 56.515 57.2 56.31 56.973 56.67 56.13 56.18
67.296 62.746 60.053 63.736 55.698 53.606 53.151 53.031 52.928 53.036 53.426 53.126 53.618 53.323 54.233 53.288 52.758 52.876 53.401 55.711 53.968 53.313 53.243 54.386 57.358 58.568 57.696 53.856 53.723 53.813 54.413 54.873 56.168 58.646 61.096 57.576 53.331 53.293 53.308 53.358 53.353 53.391 54.243 59.456 53.551 53.565 53.648 53.688 55.145 62.915 65.77 67.633 67.595 68.808 68.61 68.14 67.87 64.423 62.09 55.588 56.98 55.71 55.878 55.963 57.625 56.56 56.67 56.27 56.09 56.153 56.298
60.216 63.678 66.216 64.771 60.066 54.683 53.641 53.588 53.478 53.768 53.418 54.138 53.483 53.383 52.856 52.861 52.723 53.168 54.386 56.151 55.538 54.098 53.626 53.298 53.666 53.701 53.676 53.973 53.818 54.636 54.561 54.516 56.846 58.393 58.113 57.746 57.706 58.641 53.723 53.408 53.396 53.431 53.491 53.573 53.616 53.64 53.683 55.033 62.55 65.81 67.635 67.618 68.843 68.59 68.145 67.868 65.345 60.635 54.838 57.74 64.798 58.038 55.918 56.743 56.273 57.365 57.378 56.125 56.155 56.575 56.475
63.978 65.058 66.356 65.731 64.391 56.513 54.278 54.521 53.648 53.518 53.216 53.053 53.056 53.546 53.053 52.936 54.001 56.853 55.153 54.241 53.486 54.321 53.928 53.623 53.361 53.716 53.961 53.591 54.323 54.588 54.496 54.503 54.731 56.523 57.751 60.723 60.988 60.873 55.346 53.531 53.516 53.538 53.556 53.628 53.663 53.668 54.72 62.73 65.995 67.368 67.573 68.68 68.8 68.145 68.11 65.108 61.333 55.653 58.738 59.793 58.065 56.508 58.285 57.138 56.485 57.713 56.103 56.113 56.335 56.858 56.28
