LIDAR-DSM-2M-TQ28ne/tq2987_DSM_2M.asc
ncols 500
nrows 500
xllcorner    529000
yllcorner    187000
cellsize     2
NODATA_value -9999
[rows 160 to 191 of 500, columns 288 to 359 of 500]
84.408 79.905 79.985 79.738 79.77 79.74 79.655 79.555 79.48 79.463 79.405 79.35 79.21 79.155 78.985 78.89 78.748 78.633 78.495 78.575 78.998 85.388 92.708 92.713 92.753 92.728 89.235 77.93 78.67 79.683 78.395 77.385 78.065 -9999 -9999 -9999 -9999 76.953 76.933 78.128 77.225 77.713 81.553 88.055 88.455 88.928 88.76 88.21 80.848 76.04 76.233 77.673 78.415 77.818 76.08 75.86 75.713 75.48 75.41 75.328 75.5 76.31 77.085 76.25 75.523 75.153 75.275 74.823 74.81 73.948 73.32 73.203
80.783 79.97 79.935 79.788 79.748 79.67 79.603 79.615 79.565 79.458 79.345 79.215 79.075 78.995 79.298 80.235 79.11 78.523 78.415 78.393 78.385 80.015 89.895 92.663 92.72 94.96 96.778 84.823 77.94 78.133 79.173 77.35 77.67 -9999 -9999 -9999 -9999 76.875 76.82 77.125 77.055 77.338 78.458 85.783 88.643 88.55 88.435 88.363 85.325 77.593 76.043 76.663 77.908 76.823 75.585 75.49 75.5 75.44 75.38 75.753 75.92 76.64 77.435 77.118 75.485 75.385 75.338 74.965 75.853 75.003 73.42 75.255
80.08 80.143 79.903 80.028 80.335 79.798 79.77 79.648 79.493 79.37 79.27 79.16 79.033 78.935 81.135 81.328 80.61 78.485 78.338 78.298 78.545 79.055 84.928 93.263 94.945 96.788 95.373 93.55 84.778 77.885 78.423 77.873 77.268 78.16 77.655 -9999 -9999 76.888 76.785 76.735 77.338 77.475 77.27 79.558 87.305 88.418 88.393 88.245 86.943 79.398 76.355 76.048 75.918 75.768 75.578 75.55 75.503 75.458 75.483 75.505 75.59 75.42 75.675 76.053 76.048 75.61 75.508 74.953 75.035 74.525 73.658 75.005
80.01 79.978 79.973 83.305 82.6 82.053 81.278 79.565 79.423 79.338 79.233 79.108 78.975 79.043 80.86 80.383 79.308 78.51 78.348 78.298 78.565 78.423 78.993 90.115 94.235 92.925 92.753 93.073 89.283 77.973 77.903 78.32 78.4 80.86 79.37 77.088 -9999 76.865 76.8 76.658 76.853 77.268 77.783 76.995 85.398 88.135 86.47 80.49 79.273 82.38 79.183 75.923 75.743 75.715 75.668 76.278 75.743 75.543 75.518 75.418 75.445 75.403 75.525 75.813 76.58 76.24 75.838 75.213 74.873 74.585 74.15 73.79
80.003 79.963 81.098 79.843 82.858 85.038 80.94 79.518 79.345 79.265 79.175 79.068 78.93 78.93 78.74 78.64 78.543 78.42 78.338 78.368 78.945 80.905 86.49 90.668 92.755 92.755 92.765 92.843 92.628 79.528 77.963 78.045 78.83 80.508 81.633 -9999 -9999 -9999 -9999 76.932 77.03 79.11 81.458 78.825 81.438 82.833 78.685 80.523 85.558 87.013 82.993 76.498 76.268 76.423 77.54 78.093 76.553 75.615 75.568 75.5 75.81 77.498 76.85 76.105 76.538 78.023 79.615 76.808 75.19 75.008 74.688 74.243
80.035 80.903 83.183 79.81 80.353 80.748 79.583 79.453 79.333 79.273 79.135 79.033 78.908 78.8 78.703 78.658 78.558 78.478 78.443 80.558 87.775 90.12 91.908 92.778 93.263 92.755 92.768 92.763 92.658 83.685 77.933 78.128 79.023 78.753 79.128 81.595 -9999 -9999 -9999 -9999 79.575 82.925 84.77 85.378 84.483 78.885 84.413 86.378 86.94 87.315 86.918 78.235 76.735 76.353 75.868 75.688 75.665 75.533 77.043 77.788 77.23 79.33 78.908 76.103 76.308 79.805 82.275 78.568 75.538 75.318 75.163 74.688
79.913 80.218 80.073 79.73 79.685 80.59 79.5 79.405 79.313 79.243 79.098 78.995 79.028 79.298 78.668 78.638 78.553 78.905 84.62 89.903 93.655 92.783 92.735 92.748 93.583 92.903 92.738 92.21 82.315 77.915 78.325 78.295 78.05 78.133 77.66 79.775 -9999 -9999 -9999 -9999 82.735 85.078 87.37 88.578 87.078 81.55 85.933 87.098 87.925 88.13 87.65 84.543 78.995 76.408 75.788 75.713 75.845 75.965 78.748 80.765 78.44 79.28 79.458 76.985 79.318 82.098 82.333 76.098 75.835 75.615 75.385 74.988
79.858 79.773 79.748 79.69 79.655 80.07 80.003 79.368 79.28 79.165 79.105 78.988 78.898 78.83 78.82 80.353 80.365 84 91.61 93.038 94.573 94.488 92.718 92.693 92.755 92.73 88.105 79.555 78.365 78.555 78.033 78.048 77.423 77.365 77.5 77.07 -9999 -9999 -9999 -9999 82.763 84.94 88.043 89.39 86.518 80.028 81.195 86.908 87.76 88.89 87.903 86.965 81.475 77.13 75.803 75.765 75.748 76.59 77.785 79.325 77.453 76.968 78.765 77.718 75.63 81.74 80.718 76.69 76.745 76.613 75.525 75.215
79.823 79.76 79.72 79.66 79.583 80.535 79.735 79.343 79.263 79.173 79.048 79.02 79.058 78.858 78.645 79.405 84.38 92.495 92.745 92.74 93.56 93.328 93.218 92.73 89.718 83.095 79.795 81.63 79.295 77.79 77.705 78.833 77.44 77.248 77.855 77.153 77.095 -9999 -9999 -9999 -9999 84.755 85.91 84.94 83.87 78.093 77.77 85.36 88.265 88.093 88.013 87.138 85.755 75.81 76.05 76.343 76.145 76.768 77.008 75.76 75.76 75.78 76.013 76.073 79.583 76.508 79.223 76.713 77.01 76.093 75.623 75.428
79.833 79.815 79.828 79.75 79.593 79.463 79.423 79.34 79.245 79.17 79.093 79.055 79.115 79.385 81.148 79.105 81.293 91.79 92.765 92.75 92.758 92.77 92.935 89.305 81.798 77.96 78.793 80.798 80.405 77.515 77.393 78.008 77.673 77.145 77.048 77.403 77.9 -9999 -9999 -9999 -9999 -9999 83.352 79.635 79.023 77.655 77.93 80.713 86.878 87.283 87.125 86.535 84.45 77.61 75.99 76.46 75.943 75.805 76.02 75.76 75.783 76.205 76.835 76.13 75.538 75.68 76.053 77.255 78.155 77.208 75.76 75.555
79.88 79.888 80.555 80.15 79.548 79.473 79.53 79.365 79.325 79.34 80.153 85.49 90.278 90.8 92.693 78.455 79.568 85.345 92.775 93.423 92.243 86.238 78.558 79.423 78.06 77.993 77.97 78.385 81.208 77.82 77.35 77.29 77.235 77.135 76.925 77.268 77.01 76.89 76.995 -9999 -9999 -9999 -9999 76.62 77.148 78.505 76.605 77.12 83.883 86.513 84.59 78.725 79.868 83.853 76.395 75.765 75.81 75.803 75.785 76.06 76.568 75.95 76.11 75.758 75.558 75.835 75.883 76.823 77.403 77.838 76.22 75.64
79.898 79.73 79.61 79.583 87.26 90.295 81.575 80.838 81.533 86.18 90.053 93.475 93.398 93.493 93.505 87.44 79.068 79.405 88.448 87.84 82.003 78.253 78.163 78.075 78.045 77.903 77.83 77.778 79.96 78.785 77.315 77.27 77.19 77.08 77.058 77.04 77.288 76.97 77.455 -9999 -9999 -9999 -9999 76.765 76.81 78.573 77.45 77.49 80.758 80.958 78.448 82.625 86.208 86.583 79.7 75.938 76.173 75.833 76.128 76.14 75.748 75.73 75.643 77.443 78.45 77.608 76.165 76.028 76.128 76.933 77.053 76.403
79.853 79.745 79.633 80.67 89.788 98.865 88.388 86.413 91.878 93.995 95.003 95.67 93.73 93.518 94.175 92.668 83.63 78.513 78.875 78.413 78.298 78.233 78.195 78.378 78.378 79.043 79.12 77.935 77.615 77.395 77.268 77.268 77.188 77.103 77.05 77.06 77.705 77.278 77.69 78.92 77.415 -9999 76.43 76.62 77.233 76.898 77.755 76.803 76.71 80.788 85.733 86.588 87.195 87.198 86.37 77.785 78.585 77.763 76.285 75.94 75.77 76.26 78.098 87.363 88.913 81.998 77.938 75.56 76.065 76.428 77.968 77.933
79.933 79.785 80.098 80.415 84.823 96.678 97.165 94.218 94.218 94.425 94.828 95.03 93.74 93.495 93.955 91.215 79.828 78.765 79.195 79.403 78.363 78.375 78.425 78.515 78.198 78.21 77.95 77.835 77.688 77.38 77.33 77.243 77.09 77.14 77.37 77.713 78.613 77.67 76.893 82.09 81.878 78.408 76.568 76.608 76.528 76.46 77.358 77.528 77.023 80.11 86.005 87.155 88.058 88.043 87.665 86.18 76.4 78.165 76.745 76.895 76.513 76.765 83.68 84.893 88.015 86.355 76.548 75.53 75.8 76.1 76.975 76.585
79.923 80.193 80.438 83.188 89.403 92.743 96.188 96.643 94.618 94.435 94.418 94.24 93.538 92.898 85.78 79.323 80.995 81.993 78.353 79.588 79.715 78.785 78.608 78.12 78.145 78.06 77.913 77.773 77.573 77.47 77.32 77.258 77.248 77.82 78.023 77.778 79.45 81.53 80.15 78.553 83.498 79.453 77.03 76.7 76.458 76.953 76.783 78.828 76.67 76.758 83.49 86.875 88.31 89.153 87.563 86.893 79.48 76.383 76.16 77.733 76.713 76.348 77.15 87.063 85.198 81.32 75.82 75.643 76.343 76.505 76.038 76.478
80.8 81.498 86.73 92.555 94.265 94.42 94.803 95.648 95.425 94.443 94.415 92.023 89.89 81.858 80.063 78.773 82.535 82.258 78.628 78.458 78.795 78.28 78.198 78.33 78.158 78.165 77.885 77.778 77.703 77.518 77.298 77.478 77.633 78.13 77.73 77.848 78.01 80.96 81.468 79.055 82.213 78.068 76.695 76.675 76.515 77.24 76.723 77.85 78.935 76.68 77.545 85.29 87.333 88.148 87.835 87.038 84.423 76.12 77.27 78.01 76.328 76.08 75.975 81.08 83.518 76.853 76.573 77.36 75.65 75.748 75.958 77.32
86.03 91.583 94.05 94.428 94.438 94.46 94.483 94.918 94.523 94.19 90.88 84.305 81.528 83.33 84.14 80.883 78.925 80.01 78.468 78.338 78.298 78.28 78.205 78.11 78.108 80.34 77.94 77.82 77.633 77.45 77.375 77.573 77.253 77.25 77.575 77.315 77.32 78.46 82.123 82.85 83.138 80.813 76.745 -9999 -9999 76.503 76.473 76.473 78.923 77.355 76.735 81.855 86.89 87.335 87.055 86.868 82.208 79.71 77.07 76.455 76.075 75.96 76.803 76.525 76.605 76.685 76.228 75.66 75.48 75.465 75.66 77.13
93.628 94.403 94.413 95.528 94.468 94.458 94.455 94.18 88.235 80.455 79.31 79.695 84.525 85.735 85.353 82.818 79.015 78.61 78.47 78.438 78.453 78.448 78.37 78.28 79.415 78.018 77.903 77.725 77.623 77.798 77.515 77.318 77.31 77.263 78.858 86.825 83.043 77.325 81.328 82.765 82.593 80.253 76.952 -9999 -9999 76.455 76.515 76.46 76.925 76.66 76.915 77.468 84.738 86.27 84.675 81.603 81.928 85.4 77.753 76.048 76.17 79.158 77.67 76.803 76.243 75.718 75.563 75.51 75.48 75.483 75.768 75.98
95.56 94.485 94.483 94.715 94.883 94.428 93.635 89.753 79.588 79.84 79.375 79.138 83.015 85.095 84.27 81.823 79.14 78.605 78.488 78.575 78.643 78.588 78.443 78.27 78.08 77.883 77.813 77.688 77.568 77.403 77.54 77.985 80.853 85.485 89.983 91.785 91.23 79.828 77.51 78.128 78.405 78.028 76.718 -9999 76.252 76.343 76.358 76.208 76.328 76.565 76.65 77.438 81.15 78.44 81.135 85.703 86.328 86.575 82.968 76.088 76.578 78.643 76.793 76.295 75.688 75.6 75.563 75.538 75.658 75.725 75.5 76.008
96.975 94.695 94.428 94.468 91.688 85.985 82.22 79.708 79.793 80.268 79.433 80.148 79.993 79.38 80.425 78.84 78.69 78.543 78.635 78.73 78.683 78.533 78.345 78.15 77.933 77.643 77.588 77.395 77.338 77.285 83.42 88.763 91.895 91.8 91.775 91.885 92.115 91.663 80.17 77.373 79.248 76.79 76.7 76.72 76.413 76.56 76.432 76.315 76.228 76.61 78.465 78.818 76.363 80.503 86.363 86.92 87.373 87.473 87.113 79.513 77.518 76.69 76.238 75.748 75.71 75.635 75.74 76.295 76.073 75.665 75.438 76.225
95.263 94.808 94.193 91.063 80.2 80.828 80.2 79.575 79.595 79.85 79.903 79.958 79.015 78.998 78.943 78.818 78.635 78.62 78.775 78.71 78.56 78.393 78.19 78.048 77.845 77.668 77.755 77.423 77.778 82.485 89.988 91.825 92.185 91.963 91.835 91.898 91.918 91.828 82.778 77.458 77.44 77.26 76.54 76.76 76.428 -9999 -9999 -9999 76.395 76.618 78.123 77.94 77.025 81.745 86.45 87.28 87.948 88.008 87.63 85.738 76.965 76.595 76.16 75.785 75.838 76.535 76.598 76.773 75.508 75.435 75.483 75.693
95.088 93.875 85.6 80.823 80.285 81.238 80.418 79.513 80.34 80.078 79.205 79.085 79.08 79.015 78.853 78.645 78.593 78.603 78.698 78.585 78.43 78.263 78.088 77.928 77.798 77.66 77.62 78.053 80.778 90.418 92.098 91.843 91.928 92.418 91.925 91.888 92.008 93.073 90.308 77.495 77.215 77.358 76.72 77.015 77.118 -9999 -9999 -9999 76.653 77.37 76.47 76.71 76.805 76.855 83.093 87.043 88.18 88.59 87.588 87 79.935 77.533 76.098 76.14 76.265 76.445 75.785 76.693 75.678 75.58 76.025 76.32
87.773 81.398 80.903 80.015 79.963 80.575 80.545 80.153 80.195 79.9 79.185 79.123 79 78.895 78.833 78.76 78.598 78.458 78.56 78.458 78.268 78.103 77.98 77.845 77.673 78.468 84.228 81.778 89.523 92.138 92.03 91.81 91.798 92.158 91.51 93.353 94.113 93.9 92.275 80.333 77.365 77.49 78.408 77.58 77.14 77.955 77.36 76.468 76.44 76.443 76.245 76.358 77.063 77.38 78.885 86.108 87.173 87.718 87.558 86.973 86.09 76.57 77.72 76.913 76.338 75.97 75.738 75.605 75.778 76.23 77.115 76.6
80.235 80.328 81.88 80.903 79.778 79.693 80.258 80.215 79.31 79.285 79.215 79.028 78.92 78.89 78.84 78.663 78.703 78.48 78.388 78.373 78.17 77.998 77.875 77.893 79.263 83.165 86.575 87.3 83.493 91.845 91.81 91.798 91.753 90.008 86.485 93.555 93.078 92.088 91.833 91.31 77.44 77.895 77.533 77.088 78.483 78.268 77.248 76.315 76.228 76.138 76.055 76.225 77.188 77.52 76.998 83.633 86.848 87.09 86.4 85.533 81.623 80.358 78.783 78.11 75.978 76.26 76.198 76.11 76.898 76.818 77.188 75.818
80.163 80.088 81.083 80.865 81.248 79.87 79.603 79.415 79.328 79.775 81.218 78.98 78.958 78.793 78.613 78.623 78.635 78.608 78.258 78.253 78.09 77.91 77.79 79.613 85.323 84.178 87.985 85.663 80.198 88.978 91.425 88.588 83.703 79.2 80.045 90.293 91.78 91.83 91.823 91.8 84.448 77.273 77.11 78.1 78.828 78.238 76.86 76.293 76.19 76.168 76.115 76.135 76.245 76.87 76.688 79.415 85.365 84.81 80.625 80.728 85.378 85.89 79.01 79.023 79.085 77.64 76.543 76.46 76.04 75.425 75.323 75.625
80.173 80.465 80.285 81.105 81.52 79.59 79.49 79.383 79.293 80.965 81.84 80.088 78.815 78.98 78.78 78.483 78.38 78.383 78.818 78.043 77.943 77.758 77.795 80.888 88.39 88.533 88.878 87.258 83.008 79.563 83.89 77.275 77.578 77.493 77.383 84.25 90.785 91.78 91.84 92.23 92.253 80.28 77.298 78.013 76.85 77.17 77.368 76.258 76.208 76.218 76.273 76.075 76.09 76.808 76.678 77.685 80.225 78.08 83.563 86.39 87.08 86.998 84.893 81.195 80.46 77.73 75.973 75.645 75.393 76.415 75.455 75.793
80.645 80.13 81.053 81.793 81.928 79.653 79.445 79.283 80.115 79.173 79.008 78.823 78.65 78.633 78.43 78.365 78.38 78.538 78.903 78.03 77.95 78.125 78.083 77.695 84.348 85.01 81.698 80.043 78.578 78.403 79.243 78.3 77.515 77.233 77.42 78.373 86.205 91.87 91.855 91.853 92.018 87.913 77.355 77.218 77.37 76.613 76.86 76.285 76.145 76.185 76.123 76.005 78.143 77.833 76.758 76.47 77.998 84.685 86.78 87.325 87.97 87.57 86.98 82.17 78.888 77.143 75.695 75.415 76.108 79.025 77.765 76.06
80.023 79.943 82.815 81.223 79.72 79.543 79.313 79.3 79.573 79.425 78.99 78.843 78.7 78.625 78.503 79.343 79.318 83.923 84.223 84.353 78.02 78.35 78.403 77.86 78.413 80.378 77.695 77.593 77.5 78.518 79.945 78.883 78.683 78.51 77.13 77.263 81.303 91.093 91.86 91.823 91.855 92.103 80.575 77.173 77.225 76.975 76.33 76.193 76.22 76.13 76.123 78.445 82.09 79.26 76.71 76.59 77.233 80.128 86.025 87.453 88.338 88.788 87.945 85.185 76.988 75.848 75.748 75.578 76.658 77.025 78 76.093
79.885 79.753 79.663 79.605 79.58 79.588 79.325 79.33 79.11 78.903 78.925 78.69 78.688 78.625 82.26 91.123 92.583 93.058 93.733 92.813 81.86 78.165 78.533 78.215 77.778 77.723 77.695 77.528 77.508 81.183 85.153 80.018 79.998 79.948 83.538 78.468 80.833 89.71 91.798 91.825 92.408 92.1 85.955 77.17 77.443 77.2 76.448 77.755 80.395 78.718 76.123 79.37 84.58 85.805 77.523 76.765 76.633 76.313 82.223 86.938 88.84 88.775 87.845 86.903 82.793 76.148 76.095 76.24 75.928 76.638 75.905 75.568
80.02 79.86 79.7 79.595 79.51 79.348 79.358 79.265 79.173 79.11 78.768 78.658 78.62 82.2 91.785 93.15 93.015 93.078 93.678 93.078 89.46 78.468 78.433 78.483 78.058 77.758 77.645 77.73 77.66 81.608 84.43 81.235 77.375 77.32 81.873 81.723 77.173 81.595 90.773 91.89 91.823 91.773 91.848 83.255 77.11 77.133 78.508 83.173 79.278 76.198 76.003 77.78 82.085 81.98 78.298 76.215 76.458 77.095 79.108 86.14 87.32 87.915 87.498 86.718 82.193 75.81 76.398 76.673 75.69 75.628 75.598 75.5
80.18 80.025 79.908 79.693 79.515 79.365 79.343 79.16 78.973 78.933 78.738 78.618 82.973 91.785 93.055 93.543 93.08 93.078 93.073 93.028 89.52 80.013 78.153 78.538 78.348 77.85 77.7 77.703 77.705 79.185 79.55 77.77 77.673 77.63 78.815 81.858 77.088 77.333 85.758 91.725 91.78 91.773 91.805 90.638 78.37 77.008 77.93 83.578 81.45 80.27 76.46 76.088 77.045 77.58 76.765 76.043 76.47 76.795 76.303 81.34 86.725 87.073 85.96 82.38 79.118 81.025 81.23 79.62 75.658 75.66 75.658 75.59
80.218 80.098 79.955 79.783 79.563 79.313 79.253 80.77 82.595 82.033 79.873 91.633 92.978 93.04 93.095 93.418 93.405 93.155 93.118 89.688 82.778 78.19 78.075 78.245 77.93 77.835 77.875 78.038 78.08 78.078 77.983 78.013 77.93 77.845 77.703 79.255 77.125 77.21 79.515 89.128 92.068 92.888 92.27 91.838 86.96 78.065 76.95 77.498 79.005 81.668 76.723 75.98 75.97 75.923 76.08 76.38 76.218 76.875 76.363 79.353 85.418 81.675 80.253 82.053 86.888 87.085 83.005 81.528 77.91 75.655 75.763 75.36
