LIDAR-DSM-2M-TQ28ne/tq2986_DSM_2M.asc
ncols 500
nrows 500
xllcorner    529000
yllcorner    186000
cellsize     2
NODATA_value -9999
[rows 96 to 127 of 500, columns 213 to 283 of 500]
57.298 55.098 54.373 54.278 54.188 54.151 54.088 54.093 54.046 53.953 54.006 53.871 53.811 53.728 53.673 53.586 53.623 53.586 53.521 53.626 53.696 62.676 63.583 63.703 64.133 63.066 61.538 60.673 60.648 60.636 60.021 58.941 58.938 57.178 52.606 52.871 55.296 55.936 55.906 55.513 54.876 54.728 54.596 54.698 55.928 56.158 56.168 56.188 56.218 56.228 56.696 59.568 59.316 59.286 59.363 59.343 59.321 59.423 59.403 59.498 59.396 59.326 59.358 59.421 59.353 59.321 57.271 51.623 50.938 50.948 51.001
63.806 61.328 57.698 54.906 54.193 54.091 54.041 53.973 53.991 53.911 53.871 53.796 53.718 53.653 53.588 53.538 53.481 53.503 53.486 53.578 57.896 63.821 63.548 64.198 63.931 63.368 64.003 63.236 61.348 60.691 59.316 58.908 58.981 54.368 52.716 54.603 55.448 55.473 55.991 55.406 53.841 54.843 54.451 54.291 54.593 56.166 56.151 56.158 56.186 56.213 56.226 56.636 58.988 59.273 59.281 59.253 59.271 59.373 59.511 59.453 59.401 59.366 59.376 59.393 59.366 58.558 51.571 50.956 50.996 51.028 51.071
64.593 64.623 62.143 59.138 56.348 54.268 53.988 53.953 53.881 53.866 53.806 53.766 53.686 53.678 53.543 53.496 53.458 53.406 53.401 53.341 56.083 61.386 63.328 64.201 63.406 63.688 64.166 63.341 63.361 61.893 59.373 58.926 55.331 52.473 55.246 57.833 56.411 55.526 55.458 55.701 55.953 54.021 53.653 54.328 53.976 53.836 55.056 56.063 56.171 56.188 56.201 56.228 56.526 58.368 59.233 59.251 59.258 59.268 59.411 59.463 59.366 59.351 59.356 59.406 57.636 52.691 50.976 51.041 51.091 51.076 51.146
64.571 64.573 64.588 63.553 62.041 58.718 55.118 53.956 53.841 53.813 53.748 53.698 53.616 53.633 53.576 53.506 53.438 53.348 53.283 53.263 53.278 54.226 56.891 63.663 63.421 64.223 63.746 63.213 63.968 63.636 62.756 60.403 56.056 53.263 57.853 59.978 59.236 58.043 57.013 55.508 56.046 56.541 55.248 53.588 53.981 53.736 53.551 53.593 55.833 56.161 56.166 56.188 56.236 57.013 60.893 59.311 59.263 59.288 59.256 59.313 59.316 59.326 59.368 58.641 53.233 51.076 51.053 51.156 51.178 51.133 51.061
64.538 64.576 64.558 64.588 64.603 63.691 59.838 54.783 53.963 53.791 53.671 53.648 53.626 53.558 53.561 53.526 53.483 53.393 53.323 53.226 53.138 53.188 53.133 54.378 59.608 64.091 63.221 63.651 63.976 63.198 63.436 63.468 61.871 58.688 58.541 59.151 59.743 58.031 57.906 57.321 57.016 57.018 57.106 53.441 54.383 54.548 53.436 53.266 53.143 54.843 56.258 56.158 56.196 59.551 62.368 61.623 59.483 59.441 59.283 59.303 59.303 59.346 59.361 54.038 51.078 50.983 51.068 51.213 51.208 51.138 50.973
63.316 64.456 64.541 64.563 64.581 64.571 62.413 61.421 58.423 54.711 53.926 53.621 53.546 53.523 53.463 53.433 53.423 53.376 53.296 53.221 53.108 53.058 53.026 53.051 52.988 55.743 61.223 63.993 63.456 63.098 63.673 62.801 62.853 63.183 61.778 60.016 58.323 57.961 57.948 57.896 57.083 56.071 53.291 52.113 53.463 55.323 53.921 53.706 53.008 52.856 54.078 55.491 59.876 62.363 62.363 62.356 61.961 60.711 59.293 59.323 59.303 58.433 57.593 51.078 51.018 51.111 51.188 51.148 51.091 51.088 50.956
61.491 62.298 63.971 64.533 64.546 64.553 64.563 64.586 64.076 62.511 57.316 53.958 53.618 53.491 53.458 53.388 53.408 53.306 53.283 53.233 53.133 53.033 53.006 52.971 52.933 52.916 53.238 56.086 61.068 63.578 63.286 62.661 63.148 63.203 62.711 63.431 61.618 58.671 58.083 57.706 56.706 55.586 53.391 53.931 52.896 54.511 54.098 54.513 54.521 52.746 52.571 56.148 61.518 62.363 62.418 62.408 62.338 61.128 59.331 59.336 59.333 56.973 51.158 51.126 51.063 51.171 51.181 51.131 51.028 50.946 51.013
61.476 61.503 61.648 63.061 64.528 64.561 64.546 64.561 64.578 63.578 63.046 59.736 55.503 53.571 53.448 53.323 53.326 53.238 53.218 53.183 53.138 53.103 53.041 52.911 52.873 52.806 52.836 52.803 53.293 57.678 60.233 62.113 62.971 62.551 63.406 63.368 62.411 62.416 60.833 58.066 55.651 55.446 55.228 54.893 54.376 53.536 51.863 55.418 56.406 54.168 54.788 57.653 59.653 61.031 62.373 62.378 61.593 59.316 59.408 59.368 57.608 52.371 51.753 51.618 51.161 51.183 51.181 51.061 50.931 51.053 55.703
61.486 61.486 61.483 61.451 61.726 63.293 64.546 64.526 64.566 64.591 64.601 60.471 54.008 53.521 53.451 53.356 53.293 53.261 53.178 53.148 53.136 53.128 53.046 52.948 52.908 52.818 52.726 52.731 52.731 52.656 53.216 59.578 62.116 62.856 63.646 62.601 62.501 63.008 62.321 60.266 57.216 55.488 55.493 55.503 55.533 54.088 54.556 58.143 58.261 57.173 58.826 59.243 59.281 59.288 60.513 61.543 59.501 59.323 59.311 58.508 51.666 51.056 51.408 51.158 51.181 51.173 51.211 51.391 51.106 52.638 62.746
61.483 61.461 61.448 61.471 61.476 62.951 64.546 64.553 64.571 64.576 63.881 55.371 53.563 53.533 53.456 53.386 53.333 53.216 53.143 53.103 53.053 53.081 52.991 52.953 52.893 52.813 52.736 52.653 52.611 52.613 52.581 53.331 57.171 61.558 62.891 62.393 62.918 62.671 62.033 62.151 59.368 56.143 55.721 56.433 55.816 55.788 57.296 58.003 58.191 57.763 57.431 58.953 59.323 59.263 59.291 59.453 59.303 59.288 57.151 52.396 51.956 51.656 51.156 51.238 51.251 51.186 52.033 51.371 52.288 60.376 64.478
61.473 61.633 61.456 61.458 62.398 64.256 64.553 64.716 64.788 64.666 59.106 53.561 53.586 53.538 53.421 53.378 54.396 53.576 53.166 53.126 53.011 52.971 52.956 52.856 52.903 52.798 52.743 52.656 52.583 52.498 52.481 52.463 52.401 52.333 57.401 61.381 62.958 62.208 62.418 63.638 62.446 60.208 58.676 58.281 58.481 57.368 55.721 56.111 57.321 57.226 57.161 57.246 56.506 58.286 59.278 59.283 59.293 59.416 54.648 51.281 52.671 51.661 51.211 51.203 51.186 51.251 51.503 51.096 58.956 64.546 64.528
61.946 62.771 61.873 61.456 63.968 64.538 64.551 64.741 64.788 62.826 53.831 53.491 53.556 53.506 53.403 53.381 59.026 61.681 57.221 53.893 53.031 52.931 52.866 52.871 52.796 52.763 52.731 52.671 52.638 52.563 52.443 52.936 52.516 52.368 52.548 53.816 58.301 62.128 62.853 63.416 63.676 63.083 62.218 61.338 59.686 58.546 58.373 56.773 56.036 57.518 57.211 57.428 54.783 55.498 58.506 59.203 59.251 54.851 51.098 51.836 52.046 51.218 51.226 51.248 51.826 51.746 51.108 58.873 63.198 64.543 64.518
62.968 62.383 61.598 62.226 64.518 64.546 64.558 64.558 64.756 55.786 54.033 53.548 53.576 53.481 53.336 54.906 63.443 63.116 63.906 61.261 56.478 53.731 52.913 52.791 52.768 52.723 52.681 52.631 52.666 52.856 52.531 52.453 52.498 52.278 53.178 52.668 52.126 53.683 60.988 62.173 62.803 63.536 63.771 63.551 61.801 60.936 59.311 57.923 55.853 59.611 58.793 55.291 54.643 56.168 56.868 57.538 56.678 51.056 51.111 51.158 51.243 51.291 51.183 51.186 51.498 51.251 54.201 64.521 64.536 64.553 64.576
62.851 61.976 61.941 64.498 64.533 64.551 64.556 64.578 62.493 54.668 54.258 53.596 53.548 53.378 53.843 62.216 62.898 63.478 63.201 62.918 62.728 59.836 55.338 53.556 52.761 52.648 52.606 52.601 52.576 52.506 52.441 52.426 52.301 52.266 52.586 52.728 52.321 52.088 52.026 56.541 60.861 61.063 61.136 63.668 63.371 62.568 61.691 61.468 61.251 60.088 57.056 54.473 55.303 56.918 56.843 55.323 51.273 51.081 51.178 51.261 51.303 51.246 51.183 51.128 51.093 55.551 64.043 64.503 64.528 65.828 64.978
61.778 61.976 63.313 64.521 64.533 64.556 64.573 63.203 54.373 53.743 53.616 53.598 53.471 53.311 56.963 63.073 63.066 63.616 62.741 63.593 63.126 62.918 63.113 58.641 53.683 52.711 52.583 52.511 52.508 52.428 52.463 52.403 52.323 52.298 52.301 53.116 52.713 52.088 52.018 51.953 52.986 56.991 60.113 62.453 63.308 63.631 63.346 61.856 61.573 62.356 58.128 55.526 56.583 57.073 55.938 51.251 51.181 51.206 51.256 51.383 51.378 51.211 51.116 51.113 51.158 55.341 63.271 64.456 64.498 65.738 64.973
61.948 61.841 64.111 64.803 64.566 64.558 64.663 57.153 53.573 53.638 53.581 53.483 54.123 53.381 60.598 61.833 62.806 62.941 63.118 63.536 62.856 63.663 61.716 62.761 62.408 57.143 52.933 52.576 52.428 52.406 52.386 52.308 52.293 52.251 52.166 52.151 52.078 52.001 51.961 51.948 51.896 51.836 53.913 57.468 61.268 62.836 62.261 61.453 61.991 62.528 61.783 59.033 57.933 56.911 52.701 51.351 51.491 51.271 51.371 51.321 51.301 51.736 51.231 51.143 52.376 51.691 54.041 62.993 64.491 64.541 64.913
62.198 63.498 63.931 64.568 64.228 64.733 61.021 53.663 53.611 53.641 53.561 53.776 54.051 56.746 59.798 59.971 60.908 61.691 63.466 62.893 63.056 63.368 62.751 61.291 63.116 62.638 59.958 54.756 52.523 52.423 52.311 52.281 52.258 52.188 52.173 52.148 52.061 52.013 51.956 51.863 51.833 51.838 51.761 52.001 55.003 59.746 61.678 61.638 62.351 62.118 61.436 61.783 60.728 52.876 51.266 51.646 51.318 51.348 51.351 51.253 51.366 51.491 51.113 50.791 54.261 54.756 52.048 53.401 61.898 64.448 64.378
62.163 63.931 64.078 63.963 63.181 58.471 55.161 53.636 53.646 53.626 53.543 53.401 54.253 59.931 58.788 58.433 60.266 60.091 62.031 61.623 63.343 62.858 63.298 63.391 62.746 62.571 63.208 62.628 59.026 53.691 52.381 52.268 52.231 52.186 52.138 52.081 52.053 52.016 51.971 51.868 51.826 51.731 51.808 51.703 52.623 55.013 57.871 60.591 62.483 61.651 61.561 62.216 55.586 51.321 52.251 51.398 51.273 51.363 51.288 51.193 51.133 51.186 57.598 67.366 58.786 55.366 54.883 52.383 52.176 60.543 58.318
61.968 63.571 63.968 64.008 59.906 56.361 54.196 53.921 53.628 53.583 53.448 53.396 56.158 59.363 58.096 59.506 58.356 58.246 60.216 58.971 62.408 62.631 62.823 62.906 62.576 62.931 63.051 62.281 62.903 61.306 55.456 52.643 52.271 52.188 52.171 52.113 52.043 52.003 51.948 51.888 51.826 51.728 51.673 51.658 56.436 58.128 54.828 53.246 59.166 60.668 61.013 59.036 52.103 51.263 51.446 51.236 51.331 51.271 51.228 51.138 51.143 60.826 66.986 70.733 69.848 58.238 55.506 54.181 51.223 51.216 52.471
61.271 62.143 62.651 62.403 56.726 54.018 54.311 53.741 53.641 53.546 53.423 54.401 55.411 56.286 56.393 57.308 56.701 57.973 57.928 56.526 59.226 57.653 59.098 61.996 62.728 63.231 62.303 62.628 61.351 62.688 61.763 58.701 53.123 52.208 52.113 52.121 52.036 51.973 51.918 51.883 51.823 51.736 51.691 51.601 56.201 56.086 54.048 51.423 51.373 55.576 55.721 51.296 51.283 51.298 51.303 51.321 51.271 51.223 51.113 51.133 54.218 68.858 70.496 70.956 67.946 64.521 57.203 53.946 52.516 51.446 51.211
61.283 61.251 61.446 57.971 54.848 54.196 53.801 53.663 53.578 53.488 53.436 54.303 56.166 56.283 55.926 55.523 56.026 56.038 55.528 55.851 56.081 56.428 56.351 56.868 59.901 61.538 62.341 63.003 63.023 62.351 62.791 63.241 52.661 52.216 52.158 52.101 52.011 51.953 51.886 51.838 51.801 51.736 51.718 51.648 51.566 51.481 51.393 51.426 51.381 51.323 51.351 51.328 51.356 51.361 51.306 51.348 51.153 51.118 51.103 53.733 66.028 70.236 71.646 71.941 70.548 65.611 55.743 55.043 54.546 53.033 51.238
61.456 61.368 59.708 56.828 53.973 54.441 53.656 53.581 53.501 53.423 53.376 56.656 60.148 56.583 56.758 56.203 56.078 54.693 55.831 55.883 55.658 55.926 56.701 56.431 56.498 57.426 61.198 63.316 62.376 62.646 63.088 57.726 52.228 52.208 52.183 52.131 52.066 51.968 51.833 51.798 51.773 51.671 51.661 51.646 51.561 51.511 51.436 51.308 51.286 51.356 51.361 51.361 51.336 51.336 51.243 51.216 51.116 51.073 54.123 62.876 69.291 71.463 72.546 72.781 71.073 61.738 56.166 55.021 55.128 54.931 53.601
61.463 60.828 57.516 53.993 53.758 53.958 53.646 53.541 53.428 53.476 54.756 61.651 63.046 62.783 59.528 55.226 54.093 54.928 55.893 55.886 54.426 53.588 55.348 56.303 56.313 56.373 56.556 59.278 60.971 62.961 62.626 53.718 52.156 52.181 52.153 52.103 52.061 51.988 51.916 51.818 51.711 51.693 51.701 51.681 52.518 51.951 51.481 51.356 51.286 51.233 51.241 51.251 51.323 51.273 51.273 51.126 51.536 51.088 62.461 68.781 71.311 72.423 72.976 72.046 70.543 68.386 65.806 57.553 55.438 56.426 54.923
61.328 58.913 55.743 53.751 53.673 53.683 53.611 53.563 53.506 53.156 57.391 63.001 63.498 63.183 62.518 54.788 53.903 55.813 55.886 55.651 54.968 53.113 54.723 56.113 55.953 56.296 57.086 57.106 58.608 62.341 57.778 56.046 53.273 52.128 52.096 52.083 52.058 60.511 61.933 55.943 51.993 51.691 51.606 51.551 51.948 53.246 51.491 51.351 51.348 51.286 51.233 51.141 51.123 51.141 51.171 51.123 51.061 53.798 70.203 70.321 71.523 72.196 72.758 72.936 72.338 71.688 71.023 68.906 62.091 62.133 71.091
61.668 57.966 54.018 53.738 53.733 53.701 53.683 54.008 53.618 53.856 62.313 63.176 63.668 63.213 60.361 54.888 53.303 54.308 56.336 58.321 56.126 53.311 55.368 55.658 55.821 56.241 56.978 58.646 60.911 60.731 53.671 56.363 52.803 52.131 52.153 53.098 53.766 63.341 63.793 63.493 60.963 54.048 51.881 51.546 51.478 51.491 51.386 51.346 51.348 51.266 51.241 51.178 51.083 51.041 51.031 51.048 50.988 54.438 60.518 66.733 69.976 71.553 71.621 72.363 71.153 72.836 72.196 71.508 71.851 73.063 73.396
59.358 54.341 53.786 53.758 53.766 53.708 53.788 53.596 53.561 60.051 62.786 63.516 63.093 60.826 56.198 55.141 53.363 53.738 56.986 59.026 58.723 55.141 54.591 55.638 56.536 57.751 58.003 60.518 61.371 58.016 52.221 52.491 52.136 52.333 54.821 57.218 62.441 63.576 63.986 63.401 63.018 60.681 57.818 52.808 51.528 51.376 51.328 51.278 51.233 51.228 51.158 51.171 51.118 51.053 50.936 50.921 50.896 51.158 50.868 51.036 59.621 69.533 70.493 71.033 71.781 72.443 72.968 71.313 74.231 75.353 74.521
57.228 53.826 53.751 53.773 53.803 54.131 54.276 53.793 56.751 63.003 63.418 63.766 62.606 59.676 55.886 53.643 54.366 55.348 58.101 58.903 56.931 52.751 53.056 55.211 58.558 57.843 59.516 61.168 60.431 53.538 52.808 52.293 52.153 52.573 53.448 55.778 63.043 64.026 63.621 63.778 63.913 63.836 62.171 60.923 57.758 52.718 51.396 51.251 51.213 51.163 51.126 51.103 51.058 51.033 50.971 50.838 50.776 50.766 50.716 50.738 50.698 55.293 63.551 67.911 70.413 71.266 71.658 64.016 68.943 72.623 74.708
54.716 53.811 53.828 53.838 53.768 54.006 53.698 54.708 59.921 62.998 63.473 62.928 60.153 57.881 54.868 52.998 54.246 53.613 54.196 56.586 54.888 57.203 59.036 59.118 61.478 59.986 60.653 61.281 57.221 52.548 52.628 52.218 52.083 52.348 52.011 60.381 63.596 63.686 63.391 64.118 63.373 62.493 61.841 62.016 60.886 61.141 55.323 52.156 51.216 51.113 51.083 51.033 50.998 50.951 50.908 50.858 50.783 50.701 50.633 50.593 50.578 50.588 50.853 55.086 63.028 68.211 71.693 71.318 72.733 65.688 67.456
53.903 53.838 53.823 53.831 53.678 53.623 53.781 58.781 62.751 63.396 63.511 62.518 58.016 54.126 53.871 53.896 53.778 52.836 52.548 55.406 56.078 56.676 60.018 61.526 62.388 61.978 61.648 59.958 53.768 52.121 52.181 52.186 53.011 54.136 53.973 62.483 62.658 63.043 63.698 63.808 63.881 62.068 61.841 62.443 62.436 61.893 61.088 58.583 52.856 51.191 51.051 51.016 50.953 50.921 50.873 50.813 50.758 50.688 50.618 50.533 50.476 50.426 50.461 50.441 51.641 56.376 57.938 65.148 72.443 71.071 64.528
53.883 53.858 53.846 53.771 53.641 53.591 54.428 61.533 62.996 63.446 62.871 60.548 58.646 53.508 53.256 54.323 54.723 54.181 55.591 55.688 56.976 57.878 61.921 62.116 61.863 62.221 61.021 53.698 52.196 52.161 52.206 52.126 52.706 55.806 54.986 56.511 58.226 57.318 58.446 60.171 56.373 60.021 62.228 62.596 62.016 61.776 61.971 62.523 60.978 56.401 52.543 51.088 50.928 50.881 50.803 50.743 50.731 50.671 50.628 50.503 50.491 50.376 50.318 50.293 50.283 50.303 50.316 51.053 51.291 61.568 70.956
53.893 53.918 53.826 54.331 53.681 54.018 58.948 62.943 63.591 63.266 62.481 57.921 53.706 53.851 53.663 54.501 54.528 53.128 54.293 55.138 56.563 60.938 62.713 63.303 62.366 62.098 57.691 52.581 52.151 52.168 52.183 52.063 51.953 52.278 52.271 53.523 54.203 55.233 56.063 55.228 55.373 57.298 58.713 60.228 61.826 61.901 62.476 62.443 61.866 61.926 59.383 52.361 51.561 50.918 50.808 50.778 50.708 50.621 50.578 50.533 50.481 50.413 50.373 50.248 50.176 50.153 50.216 50.256 50.126 50.156 55.331
53.951 53.921 54.113 54.456 53.853 56.681 62.416 63.181 63.386 62.798 58.633 58.196 53.418 53.698 54.203 53.408 53.858 54.178 53.573 57.198 58.243 62.816 63.231 63.368 62.821 58.866 52.778 52.246 52.143 52.206 52.118 52.028 51.986 52.068 52.518 53.008 54.558 54.798 55.026 54.626 55.311 56.901 55.803 55.741 57.006 61.748 62.656 62.081 61.888 62.368 60.921 56.818 53.276 50.961 50.888 50.758 50.648 50.588 50.513 50.456 50.481 50.406 50.331 50.263 50.203 50.103 50.066 50.078 50.343 50.041 50.086
