LIDAR-DSM-2M-TQ28ne/tq2988_DSM_2M.asc
ncols 500
nrows 500
xllcorner    529000
yllcorner    188000
cellsize     2
NODATA_value -9999
[rows 416 to 447 of 500, columns 426 to 496 of 500]
57.793 56.133 56.495 55.048 54.9 54.803 52.255 52.358 52.445 52.56 52.6 52.83 53.203 54.333 53.593 53.855 53.993 54.428 54.385 54.69 54.483 54.753 54.855 54.74 54.705 56.015 57.053 55.2 55.77 54.638 54.648 54.725 54.735 56.28 56.615 56.603 55.75 55.568 65.133 66.608 65.963 67.073 67.225 67.188 66.608 66.575 66.598 66.89 57.228 58.95 55.258 54.938 55.47 55.29 58.085 62.635 58.903 58.44 55.87 54.87 57.75 58.245 55.07 53.93 53.883 53.248 53.153 53.81 55.015 54.743 53.653
57.555 54.923 60.31 57.618 53.83 52.263 52.975 55.203 52.958 52.818 53.013 53.218 53.48 54.208 54.71 54.67 54.693 54.728 58.563 59.485 57.85 60.4 60.105 62.485 64.185 64.245 61.795 56 54.94 54.928 55.34 62.553 61.648 61.953 61.998 62.5 59.933 55.118 55.223 55.373 64.155 66.42 66.66 67.098 64.21 65.385 66.618 58.528 61.373 61.085 57.423 54.748 55.123 55.01 57.458 58.77 58.748 56.705 56.113 55.043 55.678 54.965 56.083 54.543 55.048 53.648 54.29 54.408 56.555 56.8 56.278
54.613 59.9 55.423 52.343 52.253 52.318 54.308 55.505 55.425 53.25 53.43 53.53 53.693 54.018 54.873 55.005 56.968 58.658 66.713 68.51 67.88 68.608 65.653 64.818 64.925 65.22 63.105 57.503 55.228 55.133 60.998 68.248 69.075 69.583 69.303 68.658 62.05 55.133 55.305 58.64 65.493 66.015 66.058 66.143 58.985 58.41 60.31 55.588 61.333 60.935 56.17 54.925 54.703 54.773 54.79 55.84 56.588 55.258 55.28 55.215 55.17 55.19 55.803 57.218 55.725 55.873 54.498 55.96 56.885 56.878 56.898
53.873 55.108 52.443 52.438 52.418 52.473 52.675 53.903 54.475 53.408 55.64 58.015 54.17 54.11 54.823 57.725 60.915 61.58 67.698 70.07 69.223 68.848 67.095 64.938 65.055 64.605 63.045 55.288 55.593 55.35 61.715 68.39 70.025 70.48 70.328 69.27 61.993 56.363 60.46 66.458 66.45 66.38 66.043 66.033 61.663 55.61 55.005 55.175 57.733 57.455 55.728 56.23 56.108 55.525 55.76 55.745 55.398 55.445 55.45 56.18 57.78 55.993 55.393 55.49 55.698 56.183 54.54 56.998 57.025 57 57.178
52.345 52.588 52.85 52.758 52.688 52.8 53.673 53.515 53.51 54.605 62.92 66.6 59.973 54.225 54.525 56.23 62.453 62.835 67.148 69.87 67.908 67.35 66.835 63.033 62.978 62.29 56.638 55.358 55.78 55.495 57.608 68.708 70.333 70.678 70.515 69.158 59.79 58.963 66.145 66.528 66.453 66.07 66.61 66.288 66.67 56.808 55.12 57.713 61.373 56.473 55.865 56.878 55.718 57.48 56.643 55.658 55.593 55.615 55.618 59.238 62.19 62.715 61.538 55.545 55.463 55.443 54.425 55.04 56.825 57.05 58.85
52.473 53.14 52.733 53.055 53.108 53.223 53.795 54.13 59.975 66.263 66.623 66.473 66.53 55.905 54.61 56.328 62.405 62.535 65.448 69.76 69.078 68.96 68.95 60.195 59.55 58.395 56.395 56.03 56.09 56.57 59.72 68.973 69.845 70.215 70.158 68.975 59.735 58.498 65.425 66.103 66.148 66.06 66.063 66.278 66.2 65.878 55.903 59.678 66.735 63.703 61.69 61.15 57.475 60.863 57.88 55.79 55.733 56.15 56.053 60.325 62.378 62.63 58.395 55.675 55.653 55.555 55.518 54.643 54.635 57.21 59.91
53.303 60.423 54.93 53.988 53.47 53.575 61.85 66.805 67.49 68.693 67.685 66.488 66.375 61.343 55.065 55.398 61.075 61.753 64.72 69.163 68.99 65.5 63.755 58.075 57.383 57.608 58.133 56.963 56.383 57.585 62.758 68.115 68.343 69.08 68.763 68.585 59.818 55.505 63.7 65.958 62.985 63.47 64.935 66.203 66.153 64.028 56.935 61.043 69.053 68.995 68.32 67.75 67.36 66.098 62.003 65.145 62.708 63.125 63.398 61.618 62.525 62.493 56.825 55.745 55.733 55.728 55.698 55.805 56.23 57.153 59.123
62.818 62.485 63.515 56.398 53.548 55.188 66.465 69.11 68.373 67.165 66.555 65.983 61.438 55.69 55.145 58.378 60.89 60.933 61.635 66.98 66.085 61.093 57.875 57.313 57.33 57.468 57.788 57.413 56.838 57.818 57.26 58.518 60.293 60.018 63.09 62.255 56.618 56.81 62.585 65.298 57.79 57.813 62.765 66.195 62.008 57.64 58.818 67.235 69.378 69.783 69.418 69.47 69.313 65.143 58.338 65.703 66.515 66.455 65.62 62.933 63.08 63.018 57.55 55.763 55.745 55.765 55.76 56.815 58.435 57.735 58.208
61.323 66.403 66.778 63.313 53.72 54 62.383 68.328 68.205 66.783 67.705 63.763 55.075 56.01 56.108 56.085 56.898 56.81 56.513 58.47 59.125 57.538 57.185 57.19 57.725 57.858 57.703 57.728 57.013 58.755 58.138 58.253 58.035 57.723 57.653 57.775 57.785 57.59 58.168 57.88 57.778 57.745 59.145 62.583 60.168 57.93 60.353 68.573 69.545 70.205 70.57 70.183 69.558 62.545 60.303 65.888 66.575 66.248 65.468 64.693 64.155 64.788 65.273 64.043 57.77 56.2 56.025 57.783 58.638 58.77 62.775
58.83 64.1 67.375 66.36 59.145 53.735 54.565 65.465 68.975 68.275 67.69 65.65 56.46 56.043 56.64 56.543 56.89 57.865 57.058 57.093 57.13 57.095 57.11 57.128 57.383 57.698 57.655 57.518 57.188 58.813 59.1 59.238 59.09 59.433 57.763 58.028 58.013 57.593 57.685 57.7 57.755 57.745 57.708 57.98 57.69 57.698 61.11 68.858 69.228 69.505 70.018 69.818 69.383 61.075 62.463 66.08 66.68 66.07 63.495 62.745 64.19 64.963 65.218 64.375 58 56.405 57.19 60.813 58.86 58.45 62.798
58.823 62.295 65.423 67.458 65.34 57.623 53.77 59.605 68.075 68.48 65.543 57.67 56.91 56.15 56.825 56.555 56.833 58.155 57.308 57.815 57.555 56.998 56.993 57.025 57.05 57.11 57.155 57.2 57.218 57.228 57.29 57.333 57.395 57.453 57.555 58.658 57.88 58.963 58.96 58.35 57.733 57.728 57.725 57.725 57.713 57.82 57.905 61.593 63.24 66.465 68.183 68.528 69.058 57.283 63.888 66.235 66.625 65.903 60.043 59.6 64.335 65.11 65.073 63.488 57.975 56.275 59.425 60.603 60.735 61.628 63.935
59.513 60.148 63.14 65.948 67.18 65.053 55.795 55.728 65.78 67.293 59.9 56.553 56.445 56.668 56.415 56.56 57.18 57.413 57.09 56.893 56.878 57.045 57.613 57.45 57.613 57.868 57.08 57.138 57.213 57.235 57.288 57.285 57.355 58.2 58.03 57.513 57.93 57.765 57.67 57.738 57.708 58.245 59.785 59.443 57.815 57.968 58.325 57.873 56.96 56.623 57.675 58.698 62.703 58.54 61.078 61.608 64 65.055 58.325 60.513 64.498 65.223 64.91 60.385 55.89 57.968 59.043 58.845 60.948 63.148 64.758
67.813 59.905 60.853 63.618 65.16 61.545 55.213 54.978 55.59 57.29 56.26 56.278 56.368 56.565 56.673 56.958 56.768 56.728 56.735 56.748 56.833 56.928 57.315 57.125 57.115 58.05 57.823 58.518 57.263 57.29 57.313 57.76 57.73 57.493 57.525 57.558 58.26 57.918 57.823 58.318 57.845 57.77 58.02 57.988 57.785 58.298 58.435 57.713 57.51 57.47 57.388 57.6 58.065 58.753 57.495 57.663 57.63 57.42 57.3 61.013 62.955 65.313 64.74 59.245 56.248 60.178 60.91 60.235 61.063 64.578 65.978
66.528 64.133 54.98 56.508 57.803 56.51 55.158 58.378 59.795 58.538 56.183 56.483 56.865 56.83 56.685 56.943 56.718 56.718 56.773 56.858 56.918 56.98 57.025 59.318 60.663 62.24 61.39 63.21 59.208 57.283 58.675 58.088 62.853 60.265 58.755 57.593 57.67 58.845 59.295 58.068 57.965 58.613 58.428 58.18 58.12 57.868 57.943 57.845 57.88 57.858 57.963 58.248 58.08 58.713 57.543 57.945 58.033 58.233 57.49 56.383 56.125 56.975 58.645 56.418 56.82 57.335 59.243 61.353 63.668 65.17 66.038
66.26 67.498 60.93 54.963 56.983 55.928 56.85 59.21 60.425 57.855 56.633 56.653 56.62 56.6 57.238 57.565 56.723 56.775 56.82 56.86 56.903 57.388 57.71 60.805 61.008 60.08 62.27 62.055 62.605 57.323 60.353 61.738 62.9 64.365 62.505 58.553 63.868 59.368 61.345 57.785 57.98 57.83 57.828 57.858 58.063 58.37 58.683 58 58.38 58.078 57.855 57.83 57.983 58.018 57.738 58.223 58.18 59.04 57.553 57.755 58.903 58.903 56.453 56.858 60.898 59.69 59.533 62.648 64.853 65.983 65.545
67.725 66.89 61.435 56.473 57.118 56.578 56.908 57.608 57.983 57.358 56.61 56.768 57.51 56.565 56.723 56.713 56.75 56.775 56.793 56.805 58.448 61.838 59.273 59.02 60.638 61.888 63.42 59.798 63.09 57.993 59.105 61.35 60.17 59.338 61.268 60.358 63.135 63.37 63.235 62.318 63.09 57.878 57.928 57.88 57.92 57.888 57.92 57.875 58.245 58.315 58.42 58.513 57.758 57.733 57.748 57.723 57.688 57.868 58.54 60.13 62.54 60.87 58.805 57.76 60.765 61.735 62.075 64.193 65.765 66.728 65.475
68.52 65.573 56.115 56.118 56.185 58.023 58.715 56.635 56.363 56.445 56.525 57.58 57.473 56.623 56.7 56.668 56.835 56.723 56.785 59.063 60.14 60.768 60.263 57.403 60.2 60.935 60.268 60.248 59.603 59.318 60.073 62.335 62.528 61.313 61.615 60.473 61.573 65.723 63.038 61.298 61.858 60.765 57.903 57.9 57.915 57.945 57.94 57.93 57.96 57.91 57.888 57.87 57.838 57.783 57.72 57.698 57.645 57.625 57.59 59.283 59.96 57.645 57.583 58.885 58.48 58.778 62.145 64.71 65.603 65.91 64.95
68.035 61.84 57.025 56.733 56.308 56.75 58.625 56.348 56.3 56.335 56.435 56.755 56.553 56.59 56.785 57.463 57.003 56.863 60.18 62.305 61.928 62.22 59.898 59.518 58.198 59.545 61.885 60.075 59.22 58.753 58.53 61.658 62.585 62 61.508 61.975 64.953 64.245 66.398 64.55 63.73 60.633 57.985 57.96 57.923 57.935 58.22 58.628 58.17 57.918 57.978 57.935 57.938 57.97 57.883 57.84 57.788 57.688 57.583 57.545 57.49 57.425 57.39 57.405 57.488 57.493 57.708 61.518 64.783 64.693 62.903
57.95 56.498 55.808 56.19 57.175 56.838 56.565 56.978 56.308 56.418 56.515 56.525 56.785 57.45 56.938 56.753 57.725 58.088 61.085 66.903 61.255 62.295 60.02 58.085 58.413 58.323 57.43 57.388 57.428 57.428 59.965 58.778 61.323 61.063 60.675 63.455 63.683 65.95 67.48 66.768 64.578 61.83 60.293 58.52 58.093 58.038 58.05 58.018 57.99 57.953 58.32 60.358 59.27 58.258 57.973 57.918 57.885 57.813 57.76 57.683 57.58 57.48 57.368 57.303 57.313 57.13 57.048 56.995 57.448 60.463 57.748
55.783 55.75 56.035 57.203 56.683 56.285 56.38 56.273 56.373 56.448 56.51 57.175 56.935 56.845 57.483 58.06 57.908 58.048 58.728 60.888 60.4 61.015 61.855 58.423 58.848 57.698 57.255 57.263 57.283 57.393 57.753 58.785 59.048 60.47 60.713 62.27 63.793 63.553 65.49 65.308 65.323 66.693 67.095 61.958 58.263 58.158 58.67 59.385 58.305 58.128 58.038 58.513 58.57 58.183 57.94 57.898 57.87 57.985 58.065 57.77 57.685 57.593 57.505 57.418 57.305 57.188 57.04 56.958 56.78 56.583 56.383
56.258 56.698 57.295 56.523 56.308 56.965 56.635 56.925 59.068 56.7 58.095 57.023 56.943 57.935 64.215 67.365 63.833 58.14 58.208 59.955 60.59 58.605 59.975 59.4 58.588 57.293 58.168 59.82 63.115 61.003 57.615 61.225 59.868 59.5 62.755 61.383 62.16 61.763 62.125 64.263 66.668 71.223 75.075 69.408 58.503 58.78 60.748 61.13 60.983 59.078 58.193 58.365 58.178 58.093 58.085 58.05 57.955 58.248 60.158 58.23 57.698 57.658 57.575 57.473 57.368 57.263 57.163 57.098 56.933 56.73 56.558
58.068 57.905 56.405 56.405 56.448 56.53 57.225 59.298 58.573 60.043 58.733 57.365 59.07 64.018 69.52 70.68 69.553 61.805 58.373 59.633 59.378 59.263 58.965 59.378 63.135 62.91 66.553 66.353 66.085 60.363 58.875 63.185 60.62 61.323 60.665 62.11 59.908 59.733 59.755 61.023 65.318 73.465 76.37 71.045 60.305 59.748 61.698 61.378 61.145 60.923 60.365 59.908 59.468 58.748 58.598 59.668 59.29 59.168 59.595 57.915 57.838 60.463 62.125 63.05 61.28 57.268 57.243 57.195 57.025 56.885 56.743
57.725 56.883 56.158 57.19 56.61 57.348 59.068 62.093 60.048 60.08 59.36 57.833 57.62 59.9 66.438 67.58 65.58 58.478 58.86 59.078 58.66 62.175 66.485 69.968 69.785 66.565 67.015 66.318 66.375 63.103 58.238 60.508 60.933 62.345 62.93 66.318 66.073 62.438 59.795 59.805 63.535 67.09 71.233 66.85 59.083 61.218 63.425 63.248 62.96 62.315 62.01 61.39 61.213 60.69 59.563 60.558 60.86 59.33 59.485 59.06 60.608 61.883 65.203 63.553 63.423 59.053 57.3 57.235 57.118 56.958 56.928
57.943 56.37 56.445 56.265 56.29 56.275 60.548 63.345 58.803 61.178 60.643 57.49 57.635 58.393 59.84 62.193 59.048 59.463 64.56 65.468 68.915 70.203 70.17 70.248 70.175 69.305 69.178 66.54 66.495 61.975 58.443 59.998 60.395 60.335 64.765 66.94 67.51 66.773 61.818 59.808 60.255 63.885 64.63 60.053 59.325 62.758 64.125 63.945 63.77 63.633 63.518 63.345 63.038 61.468 60.213 60.23 59.715 59.425 59.233 58.99 59.71 61.533 64.135 62.598 63.585 60.085 57.49 57.315 57.203 57.13 57.058
56.323 57.038 56.283 56.268 57.268 57.275 62.318 60.42 63.6 64.433 60.393 59.085 57.605 58.038 58.423 60.528 64.393 69.745 70.17 70.205 70.215 70.198 70.23 70.248 70.24 69.3 67.895 66.673 66.06 59.628 58.935 61.335 60.07 63.018 66.995 67.363 67.188 65.418 60.415 60.813 60.488 65.425 62.365 59.775 59.633 63.69 64.488 64.518 64.488 64.353 64.2 64.07 63.883 61.698 62.288 61.465 60.678 60.285 60.035 59.858 59.52 59.98 65.06 62.293 58.86 58.32 58.18 57.488 57.385 57.31 57.185
56.21 56.183 56.24 56.238 56.308 62.803 62.17 58.74 64.27 62.493 61.253 59.105 57.25 63.535 69.6 70.163 70.168 70.188 70.203 70.23 70.235 70.23 70.24 70.248 70.215 70.158 66.765 66.368 66.053 59.923 60.303 61.685 61.195 66.993 67.753 67.63 67.035 65.973 62.048 59.943 60.218 60.608 60.208 60.045 60.398 63.638 63.865 64.013 64.173 64.328 64.48 64.528 64.575 61.423 60.71 61.23 60.733 61.598 63.038 62.875 60.593 60.665 60.968 62.083 59.903 59.928 58.36 57.653 57.56 57.415 57.358
56.175 56.21 56.225 56.22 56.24 59.96 63.138 58.103 58.218 60.363 61.543 63.18 56.708 68.145 70.148 70.198 70.335 70.623 71.183 71.148 70.703 70.22 70.23 70.225 70.2 70.203 67.895 61.85 59.62 59.105 61.92 60.238 61.2 65.895 66.585 67.14 67.493 67.398 61.448 60.018 60.083 60.23 60.288 60.293 60.663 62.273 62.843 63.31 63.51 63.64 63.813 63.993 64.31 60.73 60.618 61.498 61.065 61.563 62.888 62.338 60.963 61.768 63.015 60.21 59.928 63.488 62.705 61.845 57.81 57.595 57.568
56.193 56.2 56.203 56.273 56.74 58.513 59.778 59.12 60.373 57.765 58.278 56.438 56.505 63.158 70.238 70.273 70.385 70.76 70.44 70.343 70.298 70.208 70.2 70.123 67.908 63.69 59.998 57.213 57.27 60.578 61.395 60.52 60.898 62.588 64.643 65.97 66.693 65.365 60.2 60.075 60.19 60.38 60.453 60.458 60.458 60.478 60.513 61.13 61.383 62.07 62.803 63.285 63.643 62.37 60.675 61.04 60.963 65.168 65.168 65.053 62.215 62.225 64.07 65.455 61.165 65.233 59.77 59.535 57.758 57.745 57.738
56.6 57.315 56.255 57.088 57.175 57.175 58.708 60.123 58.293 57.638 60.153 59.61 56.54 60.228 70.015 70.225 70.23 70.233 70.218 70.195 69.608 67.318 64.943 60.108 59.273 59.828 58.963 57.408 59.6 60.988 61.225 60.513 60.135 60.193 60.803 61.113 64.585 62.875 60.145 62.245 60.765 60.913 61.03 60.813 60.675 60.588 60.525 60.493 60.49 60.483 60.53 60.715 61.445 61.143 60.675 60.79 60.8 64.593 65.358 64.388 67.583 60.865 65.683 68.865 64.768 67.603 67.963 60.083 57.878 57.898 57.875
57.003 56.485 56.565 57.673 57.295 57.34 57.518 57.653 59.71 66.038 63.97 65.785 58.785 59.4 68.433 70.23 70.228 70.185 68.67 65.853 62.065 59.073 59.425 59.743 59.953 60.213 59.73 59.53 61.925 62.508 61.01 60.98 60.78 60.188 60.105 60.228 62.69 62.84 65.573 67.423 63.328 61.658 62.328 61.275 61.185 61.188 61.133 60.938 62.043 62.675 60.748 60.568 60.623 60.75 60.935 61.738 63.288 63.008 64.588 65.855 62.435 62.128 62.065 66.893 61.603 61.778 64.263 59.933 58.108 58.078 58.023
56.298 57.16 57.1 57.293 57.45 57.505 57.71 57.795 61.008 66.018 68.048 65.79 60.3 58.933 65.035 68.938 64.253 62.148 59.58 59.303 59.618 59.773 60.008 60.153 60.268 60.37 60.885 62.33 65.608 64.783 61.063 61.098 61.048 60.948 60.643 60.77 62.79 63.57 67.26 67.233 65.318 62.58 62.31 61.648 61.715 61.7 61.653 61.593 64.918 67.305 62.358 61.108 60.895 60.98 62.128 63.135 61.805 62.593 63.238 68.598 63.445 63.46 61.69 59.715 62.145 65.438 64.43 58.323 58.3 58.208 58.195
56.878 57.275 57.113 57.378 57.59 57.658 58.015 59.6 66.23 65.125 66.108 64.585 58.68 58.905 59.47 59.508 59.038 59.265 59.483 59.968 60.898 60.305 60.193 60.288 60.385 61.15 61.388 63.313 65.753 64.068 61.305 61.67 61.398 61.15 61.05 61.338 62.81 62.763 64.24 64.14 63.875 62.303 62.178 62.118 62.09 62.088 62.025 61.953 62.485 62.373 61.84 61.67 61.38 61.213 65.49 64.113 63.865 61.808 64.13 68.223 63.493 64.08 62.098 63.973 58.855 59.013 58.56 58.573 58.473 58.413 58.29
