LIDAR-DSM-2M-TQ28ne/tq2985_DSM_2M.asc
ncols 500
nrows 500
xllcorner    529000
yllcorner    185000
cellsize     2
NODATA_value -9999
[rows 416 to 447 of 500, columns 142 to 212 of 500]
39.059 39.659 41.634 39.232 41.857 39.769 40.454 39.292 39.662 39.367 39.067 39.519 40.204 39.547 39.642 39.309 39.224 39.217 39.194 39.159 44.217 53.242 55.009 53.577 50.329 42.159 39.044 38.994 39.104 40.174 39.139 39.019 41.039 50.857 55.994 58.209 56.884 51.117 39.107 39.524 45.874 41.909 43.329 43.259 39.159 39.119 50.914 56.232 58.597 56.309 52.369 40.432 39.004 39.454 39.302 39.339 38.974 39.037 44.809 51.087 53.147 55.254 51.619 46.242 39.274 40.819 40.924 41.219 40.887 41.074 40.944
39.357 40.107 42.639 40.094 42.647 41.639 40.772 39.584 39.642 40.677 41.432 41.154 40.044 39.234 39.289 39.809 39.237 39.234 39.194 39.059 43.422 53.062 55.097 53.732 49.539 42.127 39.047 38.979 39.262 39.389 39.027 39.029 42.059 52.122 55.979 57.834 56.292 48.462 39.252 42.664 43.837 47.979 42.952 42.867 39.079 39.042 50.994 56.224 57.929 56.319 51.899 42.117 38.979 38.984 39.162 39.059 39.007 39.014 44.522 51.864 54.072 54.394 51.414 42.639 39.387 40.872 41.194 41.244 40.794 41.159 40.889
40.409 40.439 42.239 40.879 41.192 40.407 43.367 43.334 43.932 43.047 42.094 41.824 42.437 41.067 39.507 40.917 39.219 39.217 39.219 39.127 42.362 53.262 54.964 53.704 49.334 43.027 39.037 39.012 39.059 39.074 39.044 39.049 42.737 52.394 56.014 57.782 56.107 46.734 41.087 45.527 43.807 44.784 44.112 47.562 43.972 39.112 45.057 56.212 57.894 56.252 52.159 42.912 39.087 39.097 39.054 40.502 42.752 39.099 43.952 51.832 54.367 54.617 51.064 39.779 39.287 40.239 40.757 40.707 40.754 40.964 40.949
39.522 39.224 40.539 40.734 39.602 39.517 46.022 47.517 47.207 45.857 45.782 42.764 40.789 39.582 39.274 40.497 39.204 39.194 39.332 39.054 43.204 47.172 53.567 53.214 50.989 42.244 39.049 39.047 39.057 39.052 39.044 39.049 43.902 53.217 56.014 57.794 56.227 47.004 44.317 45.132 45.164 45.152 44.319 40.312 44.089 39.124 44.087 56.277 57.887 56.172 53.567 45.599 39.119 39.094 39.029 39.187 40.107 39.614 45.112 51.944 54.469 54.614 51.824 41.617 39.269 40.209 40.862 40.712 40.702 40.932 40.697
44.062 42.794 43.284 42.334 42.029 39.899 45.509 47.614 47.134 45.897 42.537 42.324 41.272 40.602 39.144 39.257 39.412 39.169 39.689 39.199 42.164 44.467 47.669 45.559 45.567 40.497 39.047 39.039 39.052 39.052 39.037 39.042 44.259 53.332 56.187 58.642 56.407 44.967 39.057 48.954 48.444 46.432 45.002 39.337 41.829 39.042 45.764 56.649 59.174 56.167 53.179 43.687 39.002 39.014 39.007 38.989 39.004 39.509 45.819 52.054 54.689 55.442 51.679 42.084 39.087 40.449 41.189 40.897 40.609 41.427 40.784
47.349 46.714 46.342 45.779 44.827 39.859 43.467 47.059 47.334 45.757 42.199 39.349 39.374 39.037 40.262 47.089 45.677 46.297 44.557 42.964 42.422 39.139 39.107 39.162 39.064 39.199 39.042 39.074 39.034 39.062 39.012 39.034 40.374 52.189 56.137 57.799 56.222 42.844 39.027 46.207 46.989 42.614 43.932 39.077 39.039 39.042 46.442 56.337 57.907 56.159 51.702 39.262 38.997 39.182 39.144 39.254 39.009 38.999 44.309 51.762 54.467 54.602 51.757 39.067 39.287 40.594 40.784 40.799 40.579 40.894 40.637
47.054 47.142 47.039 47.059 46.237 39.834 43.487 46.727 46.959 45.664 40.349 39.189 39.839 39.064 39.419 49.597 49.502 49.417 49.034 48.832 48.237 41.024 39.457 39.439 39.132 38.994 38.999 38.972 39.032 39.007 39.052 39.019 39.512 51.897 56.204 57.697 56.182 48.672 39.102 42.042 39.632 41.944 41.882 39.287 39.252 40.157 48.469 56.212 57.917 56.124 50.529 39.179 38.997 39.429 39.297 39.612 39.052 39.019 43.482 51.164 54.469 54.512 51.897 39.054 39.029 40.672 40.907 40.994 40.547 41.052 40.614
45.794 45.867 45.937 46.002 44.694 40.467 44.094 46.904 46.967 45.557 39.892 39.002 39.337 38.889 39.124 50.677 50.604 50.527 50.449 50.419 48.354 39.709 38.994 39.189 39.102 39.004 38.994 38.962 39.017 38.999 38.974 38.994 39.032 52.284 56.319 57.557 56.087 52.537 45.909 48.309 49.847 49.902 52.364 50.982 49.092 44.289 48.982 56.214 57.777 56.059 48.034 39.034 39.007 39.379 39.157 39.587 39.239 39.099 42.709 51.367 54.407 54.577 52.114 39.054 39.057 40.532 40.767 41.089 40.494 40.974 40.679
42.562 42.234 42.042 42.617 43.264 40.179 45.272 46.884 46.894 45.359 40.107 38.969 38.844 38.837 40.854 50.717 51.342 51.387 50.557 51.377 51.137 39.974 39.037 38.994 39.024 39.032 38.997 39.217 39.029 39.024 38.987 38.974 39.017 49.727 55.167 54.974 55.444 56.954 56.282 55.069 56.429 56.717 56.747 56.532 56.204 55.107 58.004 53.502 54.737 55.674 46.514 39.267 39.007 39.009 39.009 38.994 39.002 39.067 42.174 51.729 54.389 54.719 52.369 40.319 39.287 40.347 40.334 40.414 40.379 40.337 40.317
39.227 39.054 39.372 39.309 39.357 39.857 44.339 46.844 46.782 45.099 39.117 38.844 38.732 38.774 41.667 50.222 50.417 50.519 50.252 49.824 49.684 39.009 39.017 39.057 39.012 39.057 39.054 39.134 39.102 40.544 40.289 39.004 39.232 40.762 41.779 42.549 52.167 56.352 57.799 54.204 57.857 58.419 58.324 56.714 53.437 57.662 56.224 48.599 47.847 46.389 43.222 39.122 38.982 39.004 39.309 39.312 38.987 39.014 43.532 51.912 54.887 55.562 52.297 43.047 39.227 40.527 40.614 40.849 40.369 40.259 40.224
38.707 38.827 38.699 38.717 38.749 38.772 38.724 38.739 39.562 39.302 38.754 38.779 38.657 38.712 44.539 49.319 49.342 49.417 49.477 48.662 48.559 38.989 39.019 38.994 38.989 39.054 39.234 39.269 39.494 41.019 40.784 39.004 39.019 39.059 39.162 39.567 50.617 55.427 56.022 56.052 56.084 56.117 56.149 56.184 56.184 56.262 55.829 45.762 39.279 39.257 39.132 39.297 39.022 39.034 39.469 39.202 39.019 39.012 46.407 51.869 54.354 54.767 51.874 44.709 39.354 40.294 40.749 41.062 40.304 40.179 40.132
39.114 39.632 39.167 38.787 39.392 39.227 38.987 39.594 39.272 38.612 38.639 38.659 38.729 38.677 41.387 42.559 44.742 43.964 44.974 45.984 45.587 38.999 38.932 38.954 38.937 39.007 40.362 42.444 42.287 42.117 42.404 41.184 39.932 39.039 39.412 39.117 45.622 48.532 46.284 48.134 46.327 48.237 46.694 46.452 48.254 49.957 50.434 42.362 39.272 39.534 39.262 39.757 39.012 39.007 39.259 40.207 41.099 42.859 44.844 51.864 54.329 54.804 52.129 39.684 39.459 40.199 40.254 40.242 40.262 40.139 40.077
38.672 38.659 38.682 38.689 38.659 38.672 38.717 38.712 38.727 38.632 38.659 38.699 38.697 38.704 38.642 38.669 38.732 38.747 39.097 39.397 39.007 38.954 38.939 38.919 38.912 38.927 40.849 43.929 44.597 44.564 43.699 41.122 40.799 39.022 39.679 39.342 40.282 40.737 40.347 41.002 41.177 40.604 40.717 41.444 40.944 42.852 42.154 41.082 39.232 39.509 39.072 39.542 39.042 39.044 45.577 47.782 46.382 46.727 50.124 51.839 54.229 54.612 52.029 39.077 39.334 40.392 40.077 40.099 40.179 40.062 40.069
38.647 38.892 38.814 38.789 38.794 38.714 38.674 38.694 38.712 38.857 38.657 38.694 38.717 38.659 38.672 38.707 38.732 38.749 39.387 39.402 38.919 38.942 38.972 38.912 38.937 38.907 41.454 43.319 43.382 43.412 43.169 41.882 40.522 39.022 39.232 39.347 39.322 40.012 40.092 39.024 39.202 39.114 39.177 38.982 38.989 39.007 39.054 39.049 39.079 39.039 39.024 39.034 39.047 40.267 50.292 53.802 53.834 53.899 53.377 52.414 50.334 53.764 51.114 39.104 39.547 40.102 40.189 40.227 40.059 40.124 40.132
38.684 39.177 39.074 39.049 39.514 39.352 39.277 39.859 38.859 39.409 38.987 38.582 38.617 38.612 38.677 39.304 38.804 38.997 39.522 39.252 38.852 38.919 38.957 38.929 38.932 38.922 39.004 39.369 39.537 39.712 39.589 39.274 39.007 39.014 39.039 39.057 39.017 39.054 39.004 39.002 39.044 39.077 39.049 39.007 39.004 39.007 39.024 39.064 39.044 39.042 39.017 39.032 39.037 40.854 46.312 53.687 55.404 55.369 53.199 45.594 40.799 42.759 40.927 39.127 39.567 40.172 40.099 40.532 40.007 40.172 40.109
40.464 40.912 40.762 41.544 40.622 39.992 39.974 40.314 39.054 40.422 38.694 38.652 38.614 39.012 39.082 38.704 38.759 38.757 38.797 38.797 38.787 38.897 39.542 39.447 38.977 39.187 38.987 38.974 38.982 39.007 38.977 38.959 39.022 39.029 39.242 39.444 39.702 39.374 39.434 39.607 39.247 39.167 39.417 39.459 39.407 39.074 39.262 39.137 39.084 39.054 39.064 39.057 39.067 39.052 50.482 53.547 54.282 54.282 53.559 47.077 39.082 39.067 39.052 39.039 39.467 39.699 39.847 39.842 39.937 39.954 39.869
47.784 50.612 51.487 50.399 49.604 48.392 47.444 48.579 51.332 48.957 49.114 44.112 40.074 41.494 43.179 49.082 45.679 44.879 43.622 43.229 44.477 42.377 39.672 39.234 39.122 39.262 39.267 39.147 39.889 41.242 41.337 41.277 40.647 40.679 39.299 39.389 41.407 41.457 40.844 41.404 40.442 39.554 40.234 41.602 42.399 42.532 41.884 40.417 40.619 39.159 39.122 39.077 39.077 39.059 46.142 46.067 48.584 49.964 49.387 43.982 39.024 39.057 39.044 39.152 39.339 39.697 39.782 39.762 39.854 40.592 40.092
48.824 50.954 51.337 48.149 49.489 48.159 46.542 50.249 51.252 49.202 48.824 43.122 38.964 41.997 42.589 51.684 50.752 50.022 49.949 49.807 49.687 49.339 40.254 39.169 40.512 40.579 40.949 41.374 47.264 49.039 49.134 50.182 49.329 47.767 46.074 39.947 40.007 39.772 39.877 39.872 40.047 40.019 39.799 43.987 48.984 48.779 48.272 49.137 48.269 39.702 39.092 39.059 39.064 39.039 39.169 39.689 39.432 39.767 39.177 39.099 39.114 39.072 39.114 39.334 39.389 39.607 39.694 39.749 39.782 40.639 40.094
49.907 50.977 51.319 50.237 49.522 47.672 45.444 50.872 51.254 49.249 48.449 42.514 39.527 41.944 42.617 50.874 50.957 51.024 50.972 51.037 51.059 49.892 39.079 38.899 39.884 40.322 40.299 40.354 47.294 49.159 50.054 50.519 49.632 48.679 46.132 39.637 39.572 39.542 39.482 39.439 39.402 39.289 39.269 43.487 49.367 49.339 49.292 49.272 48.924 39.654 39.129 39.079 39.039 39.069 39.082 39.052 38.962 39.012 39.044 39.097 39.147 39.304 39.392 39.552 39.712 39.694 39.617 39.687 39.764 39.664 39.727
49.969 51.017 51.189 50.134 49.312 50.744 49.217 50.792 51.184 48.889 48.537 42.687 40.302 41.967 42.204 49.169 49.217 49.284 49.392 49.509 49.644 49.682 42.384 40.844 39.742 39.789 39.797 41.324 48.292 49.272 50.152 50.397 49.492 48.582 45.032 39.662 39.592 39.559 39.507 39.462 39.412 39.284 39.272 44.017 49.497 49.467 49.472 49.412 49.319 43.894 42.679 44.097 42.469 41.677 42.367 41.764 40.939 41.577 40.039 39.444 39.532 39.412 39.734 39.802 39.782 39.697 39.632 39.602 39.689 40.189 39.847
50.032 51.054 51.059 50.067 49.034 50.892 50.777 51.097 51.047 49.222 48.537 42.467 41.762 41.954 42.149 49.437 49.414 49.367 49.224 49.077 49.014 48.797 41.742 40.207 39.754 39.759 39.789 43.309 48.457 49.379 50.252 50.287 49.384 47.744 43.479 39.699 39.589 39.552 39.517 39.454 39.412 39.317 39.317 41.424 49.649 49.604 49.719 49.799 49.539 49.359 49.474 49.472 49.459 49.447 49.404 49.397 49.359 49.332 43.842 42.792 43.579 42.857 43.787 41.869 39.824 39.759 39.537 39.544 39.579 40.219 39.874
48.532 48.927 50.252 48.779 48.992 50.859 50.814 51.129 51.037 48.659 48.462 41.904 41.872 42.042 42.092 50.174 51.042 50.959 50.954 50.879 50.807 49.874 39.827 40.254 40.029 39.882 39.869 43.524 48.587 49.534 50.384 50.187 49.264 48.357 42.047 39.709 39.602 39.567 39.519 39.494 39.527 39.872 39.909 41.447 49.792 49.739 49.734 49.724 49.692 49.664 49.627 49.594 49.594 49.567 49.547 49.527 49.487 49.459 44.129 46.267 46.272 46.227 46.159 43.199 39.622 39.749 39.499 39.464 39.562 39.509 39.497
39.464 39.879 39.699 41.044 41.402 41.304 45.529 45.359 46.467 46.107 47.674 41.977 41.889 42.017 44.539 49.247 49.899 49.957 50.102 50.217 50.387 50.274 39.089 40.534 39.914 39.729 39.799 43.817 48.694 49.654 50.502 50.077 49.164 45.532 39.877 39.749 39.657 39.612 39.547 39.529 39.752 39.757 39.669 42.397 49.887 49.862 47.397 49.829 49.837 49.799 49.769 49.742 49.737 49.684 49.679 49.664 49.634 49.624 41.249 45.834 46.382 46.652 46.252 44.369 39.644 39.824 39.459 39.477 39.559 39.532 39.427
40.672 40.977 40.252 40.314 39.602 39.369 39.679 39.289 39.064 38.579 39.807 41.779 41.652 41.659 42.814 44.119 44.644 45.334 47.589 46.917 46.652 47.652 38.494 40.569 39.724 39.727 39.772 44.004 48.794 49.739 50.494 49.967 49.004 45.057 39.879 39.742 39.639 39.584 39.567 39.554 39.532 39.497 39.502 40.127 44.829 45.207 42.267 45.569 47.202 48.907 49.822 49.889 49.854 49.839 49.827 49.794 49.772 46.094 40.792 41.542 42.892 43.127 42.404 42.492 39.417 39.522 39.367 39.397 39.504 39.564 39.429
42.154 42.132 41.539 42.769 38.982 38.094 38.084 38.289 39.704 41.479 42.427 42.722 41.222 40.967 41.042 41.244 41.522 41.709 42.122 41.837 41.237 40.644 38.562 40.984 39.739 40.112 41.019 46.909 48.942 49.857 50.497 49.832 48.922 46.574 40.064 39.732 39.679 39.647 39.589 39.544 39.517 39.447 39.384 39.332 39.262 39.474 39.362 39.207 39.242 40.319 40.304 42.132 45.169 45.039 48.144 49.109 49.289 48.399 39.634 39.317 39.234 39.244 39.257 39.314 39.324 39.314 39.307 39.287 39.419 39.879 39.722
41.064 41.059 40.594 41.474 39.052 38.032 38.007 38.079 41.209 42.312 42.952 41.694 41.604 38.532 38.274 38.247 41.482 42.169 41.439 41.689 43.007 43.119 42.162 42.754 42.117 40.999 41.544 47.842 49.042 49.977 50.509 49.732 48.794 44.954 39.852 39.699 39.642 39.607 39.569 39.524 39.504 39.442 39.394 39.289 39.264 39.197 39.192 39.114 39.094 39.097 39.062 39.024 38.994 38.979 38.977 39.872 41.879 41.187 39.509 39.514 39.697 39.497 39.457 39.659 39.604 39.289 39.202 39.209 39.317 39.709 39.532
40.189 40.214 40.197 40.119 38.692 37.992 37.972 37.969 40.239 40.782 41.547 41.979 41.627 38.087 38.012 38.049 38.257 41.777 41.624 41.892 42.224 43.034 43.167 43.317 43.362 43.342 43.344 41.779 42.994 40.872 44.602 44.097 44.534 42.192 40.014 40.297 39.982 39.692 40.744 39.739 39.542 39.842 39.649 39.479 39.314 39.817 39.627 39.532 39.134 39.004 39.017 38.937 38.922 38.882 38.922 38.892 38.904 38.942 39.007 39.064 39.134 39.182 39.207 39.309 39.289 39.247 39.157 39.169 39.259 39.294 39.232
40.129 40.209 40.129 40.087 38.132 37.949 37.942 37.974 40.059 40.129 40.234 40.134 40.112 38.214 38.007 38.012 38.279 40.119 40.394 39.854 38.372 39.664 38.332 39.139 41.024 41.034 41.479 40.969 40.807 40.087 38.199 38.202 38.232 39.432 40.282 40.352 40.499 40.462 40.157 39.399 39.094 39.797 40.139 40.464 40.057 39.354 38.829 38.792 38.869 39.274 39.497 39.304 39.069 39.189 39.052 39.022 38.942 38.884 38.962 39.009 39.047 39.132 39.179 39.199 39.222 39.157 39.067 39.159 39.254 39.587 39.464
39.327 39.089 39.012 39.207 37.937 37.914 37.904 38.627 40.074 40.157 40.192 40.129 40.054 38.049 37.962 37.994 38.569 40.074 40.154 41.787 43.169 43.037 40.239 38.054 38.499 38.977 40.684 40.489 40.287 39.579 38.154 38.184 38.217 39.429 40.304 40.369 40.389 40.349 39.884 38.209 38.232 38.244 39.269 40.329 40.412 39.097 38.564 38.572 38.539 38.589 38.697 38.757 38.694 38.699 38.829 39.154 39.427 39.334 39.642 39.189 39.547 40.672 40.749 39.344 39.182 39.117 39.049 39.089 39.184 39.554 39.472
38.124 37.914 37.904 37.887 37.894 37.884 37.892 37.894 38.739 38.784 38.249 38.602 38.954 37.947 37.924 37.927 38.479 39.224 40.179 39.929 40.867 40.184 39.519 38.149 39.892 41.219 41.229 40.452 40.284 39.212 38.154 38.159 38.182 39.242 40.302 40.384 40.427 40.337 39.392 38.209 38.207 38.214 39.272 40.347 40.389 38.622 38.509 38.489 38.462 38.449 38.472 38.502 38.457 38.459 38.487 38.567 38.634 38.722 38.807 38.922 39.419 42.834 42.989 40.467 39.787 39.499 39.047 39.057 39.124 39.079 39.124
37.894 37.874 37.882 37.852 37.887 37.882 38.779 37.879 37.879 37.857 37.867 37.879 37.884 37.887 37.882 37.897 37.897 37.929 37.917 38.019 38.119 38.142 38.654 38.109 39.044 38.562 38.539 39.484 39.647 38.997 38.124 38.117 38.137 39.204 40.302 40.397 40.384 40.317 39.249 38.189 38.199 38.194 39.342 40.337 40.319 38.349 38.444 38.614 38.174 38.197 38.234 38.269 38.274 38.274 38.262 38.292 38.364 38.417 38.547 38.599 38.949 40.512 41.372 39.159 39.209 39.129 39.014 38.972 39.094 39.032 39.017
37.939 37.922 37.914 37.907 37.904 37.902 38.917 38.759 37.802 37.844 37.859 37.844 37.884 37.872 37.889 37.899 37.889 37.892 37.899 37.912 37.912 38.057 38.002 38.002 38.039 38.074 38.054 38.032 38.049 38.059 38.064 38.099 38.109 38.112 38.417 38.857 39.344 39.234 38.604 38.139 38.127 38.127 39.284 40.282 40.039 38.287 38.297 38.152 38.137 38.127 38.137 38.134 38.122 38.139 38.204 38.204 38.212 38.254 38.264 38.289 38.279 38.359 39.552 38.779 38.934 38.984 38.907 38.904 38.989 38.972 38.994
