LIDAR-DSM-2M-TQ28ne/tq2986_DSM_2M.asc
ncols 500
nrows 500
xllcorner    529000
yllcorner    186000
cellsize     2
NODATA_value -9999
[rows 256 to 287 of 500, columns 426 to 496 of 500]
42.371 39.616 39.456 40.233 39.826 39.288 40.098 40.798 41.588 41.736 40.683 39.093 40.776 41.718 41.386 39.926 39.398 38.778 38.766 38.748 38.748 38.761 38.788 38.761 38.686 38.623 38.541 38.516 38.466 38.428 38.411 38.416 38.461 38.686 40.551 43.578 40.613 44.128 41.398 44.603 42.803 41.726 41.396 41.193 41.541 43.176 43.663 43.763 45.883 48.558 48.746 49.046 48.253 48.626 48.348 48.141 47.138 43.098 40.743 40.918 41.151 41.216 40.038 37.356 38.038 37.626 37.258 37.088 37.033 37.043 37.051
43.791 41.998 39.296 39.151 39.486 40.421 42.156 41.001 40.886 42.993 40.891 38.823 42.238 41.301 42.106 40.283 38.786 38.718 38.718 38.698 38.706 38.658 38.686 38.721 38.696 38.676 38.603 38.546 38.476 38.423 38.393 38.446 40.323 40.441 41.488 42.066 40.408 44.423 44.576 44.961 44.878 44.838 43.563 41.818 41.433 41.218 42.131 43.628 46.741 48.648 46.466 48.388 48.348 48.536 48.126 48.266 49.203 48.648 46.363 41.278 41.243 41.153 41.096 40.593 38.796 37.268 37.233 37.208 37.116 37.021 36.953
43.303 40.361 39.101 39.103 40.788 41.686 44.181 42.663 40.761 42.023 40.878 38.773 39.736 40.918 40.383 39.091 38.656 38.633 38.658 38.651 38.658 38.638 38.653 38.661 38.663 38.666 38.603 38.783 39.218 38.486 38.398 41.208 40.696 39.583 42.723 43.078 42.431 43.828 46.733 44.906 44.853 44.806 44.746 43.951 42.376 41.471 41.248 42.171 43.851 44.131 44.261 44.756 46.638 48.231 48.358 49.301 49.053 48.503 48.933 49.228 44.001 41.213 41.141 41.143 41.156 40.403 39.036 37.168 37.148 37.136 37.021
40.543 39.073 39.073 39.058 42.258 43.288 42.716 41.088 41.061 42.543 40.431 38.793 38.763 38.736 38.658 38.638 38.616 38.608 38.613 38.636 38.638 38.641 38.613 38.608 38.621 38.608 38.558 38.548 38.596 38.446 38.428 38.518 39.473 40.901 45.346 43.873 44.213 45.641 44.958 44.868 44.828 44.778 44.693 44.763 44.821 43.581 41.936 41.401 41.838 42.348 43.248 43.768 43.771 45.666 47.736 49.276 48.546 48.853 50.281 50.331 50.086 46.851 42.291 41.158 40.811 40.623 40.761 39.763 37.816 37.151 37.106
39.158 39.103 39.046 40.078 42.648 43.681 41.481 42.596 42.643 41.251 38.736 38.781 38.758 38.676 38.648 38.618 38.586 38.583 38.601 38.611 38.596 38.598 38.608 38.598 38.566 38.531 38.518 38.523 38.488 38.508 40.326 40.931 42.568 43.008 45.651 43.886 48.231 46.066 44.908 44.848 44.796 44.731 44.733 44.798 44.853 44.906 44.958 42.961 41.283 41.241 41.463 42.166 43.703 43.758 41.933 44.246 48.358 49.946 50.631 50.511 50.368 50.266 49.311 45.301 40.861 40.691 40.821 40.676 40.436 39.541 39.001
39.476 39.151 39.338 40.336 41.333 43.158 42.511 42.383 41.643 39.286 38.833 38.793 38.738 38.666 38.646 38.633 38.628 38.541 38.558 38.593 38.533 38.543 38.563 38.741 39.066 38.506 39.306 40.076 40.571 40.056 39.683 42.421 43.198 42.908 42.978 43.226 45.618 45.543 44.883 44.826 44.778 44.731 44.778 44.821 44.888 44.926 45.013 44.943 43.956 42.748 41.228 41.233 41.883 42.796 38.953 37.803 40.321 49.501 50.328 50.398 50.488 50.393 50.238 43.963 43.246 42.491 42.136 40.746 40.808 40.666 40.556
39.463 39.181 39.096 39.773 40.326 41.356 41.176 42.868 41.878 38.828 38.803 38.781 38.716 38.643 38.621 38.633 38.626 38.526 38.498 38.526 38.533 38.501 38.528 38.541 40.151 39.868 40.483 39.503 41.623 41.063 40.996 42.778 46.018 44.628 42.946 48.233 45.693 44.903 44.848 44.798 44.721 44.753 44.813 44.853 44.916 44.983 45.008 44.953 44.891 44.801 43.213 41.793 41.421 41.038 38.123 37.983 38.853 46.501 48.953 50.198 50.346 50.521 46.253 43.308 43.601 44.508 43.693 43.151 41.888 40.591 40.506
39.306 39.123 39.026 39.008 38.998 39.463 41.388 42.753 41.406 38.808 38.791 38.771 38.716 38.671 38.638 38.601 38.588 38.538 38.526 38.538 38.531 38.531 38.533 38.533 41.238 41.736 43.228 39.333 38.746 39.211 40.528 39.011 41.561 45.608 42.116 44.813 42.583 44.011 44.811 44.776 44.738 44.793 44.848 44.888 44.941 45.013 44.953 44.923 44.861 44.803 44.791 44.731 43.953 44.503 43.131 39.896 40.861 41.266 42.543 46.181 49.546 47.823 43.563 43.351 44.298 43.903 43.463 44.116 43.663 42.591 41.428
39.431 39.113 39.066 39.011 38.978 38.991 39.528 42.008 39.991 38.823 38.786 38.736 38.678 38.643 38.636 38.586 38.578 38.531 38.501 38.516 38.543 38.541 38.513 39.038 41.123 44.578 41.698 39.551 40.668 42.638 39.816 38.968 40.046 41.593 41.641 41.726 41.696 41.408 40.923 44.686 44.783 44.833 44.886 44.928 44.993 44.996 44.926 44.876 44.831 44.791 44.753 44.753 44.768 44.708 44.686 44.151 41.041 41.098 41.411 42.086 45.648 43.128 42.393 43.876 44.298 43.486 43.821 44.078 43.376 43.751 44.158
40.091 39.421 40.033 39.056 38.998 38.941 38.901 38.871 38.813 38.806 38.741 38.681 38.628 38.643 38.623 38.608 38.578 38.516 38.486 38.506 38.511 38.518 38.503 41.323 40.663 43.763 41.121 41.453 42.176 41.711 42.846 39.513 38.003 38.408 40.156 41.406 41.573 38.651 37.986 39.331 43.116 44.778 44.908 44.991 45.013 44.956 44.903 44.851 44.816 44.796 44.733 44.776 45.331 45.236 44.381 41.601 41.038 41.078 41.073 41.281 42.056 41.613 40.856 41.676 42.901 43.496 44.333 43.533 43.488 44.206 43.651
39.711 39.501 39.183 39.031 38.998 38.946 38.911 38.886 38.821 38.766 38.721 38.661 38.606 38.618 38.598 38.596 38.571 38.546 38.553 38.536 38.511 39.438 39.706 42.693 39.408 38.628 39.343 39.518 38.643 40.516 41.588 40.411 38.271 37.926 37.981 38.933 40.138 38.236 37.963 37.941 37.956 40.291 44.513 45.038 44.981 44.913 44.861 44.813 44.781 44.741 44.741 44.908 45.566 44.928 44.496 43.351 41.846 41.086 41.081 41.046 40.386 40.218 40.346 42.331 42.651 42.951 43.228 42.538 43.961 43.951 43.346
39.636 39.416 39.193 39.083 39.061 38.933 38.911 38.851 38.813 38.746 38.681 38.638 38.588 38.588 38.583 38.578 38.546 38.543 38.541 38.503 38.998 42.058 44.101 43.878 45.588 40.461 40.188 39.756 40.673 43.441 40.896 38.491 37.878 38.736 44.173 37.946 37.928 37.881 37.908 37.916 37.928 37.896 38.318 41.218 44.691 44.888 44.841 44.801 44.741 44.721 44.788 45.456 45.248 44.633 43.826 43.566 43.401 42.478 41.078 40.633 40.356 40.211 40.988 41.186 41.366 42.028 42.371 40.203 41.091 43.096 43.698
39.423 39.278 39.213 39.173 39.128 39.071 38.933 38.863 38.821 38.743 38.678 38.633 38.601 38.573 38.561 38.548 38.551 38.553 38.521 38.481 39.903 42.021 38.793 39.711 39.791 44.676 42.683 40.543 43.413 39.748 38.373 37.888 38.313 44.736 52.386 47.336 38.421 37.981 37.856 37.836 37.848 37.873 37.863 37.866 39.113 41.333 44.833 44.778 44.731 44.666 44.978 45.583 44.756 44.101 43.653 43.366 43.668 44.036 42.256 40.416 40.233 40.678 41.061 41.161 41.053 40.163 40.183 39.846 39.923 42.516 41.236
39.751 39.371 39.318 39.258 39.226 39.136 39.006 38.923 38.801 38.763 38.701 38.641 38.568 38.553 38.556 38.531 38.548 38.558 38.541 38.501 41.843 42.036 39.976 41.701 38.598 39.918 42.021 40.436 40.951 39.116 37.901 37.878 41.041 52.373 53.036 54.548 50.348 40.381 37.853 37.866 37.751 37.761 37.786 37.816 37.891 38.678 40.143 43.698 44.716 44.668 44.663 44.676 44.261 43.753 43.468 43.376 44.066 43.516 40.518 40.331 40.186 41.131 41.363 41.176 40.243 40.161 40.391 40.321 40.816 42.521 37.378
43.333 42.266 40.391 39.376 39.281 39.171 39.083 39.003 38.868 38.743 38.658 38.613 38.571 38.531 38.531 38.556 38.566 38.536 38.501 39.343 39.326 41.026 40.203 39.366 40.968 40.088 43.153 41.298 40.663 38.486 37.901 39.046 50.331 52.746 54.191 54.768 53.821 52.416 39.418 37.801 38.313 37.811 37.701 37.706 37.793 38.221 38.088 39.206 42.028 44.268 44.626 44.598 43.906 43.571 43.308 43.808 43.873 41.923 40.373 40.213 40.853 41.418 41.108 41.003 40.348 39.933 40.271 40.216 40.218 38.316 36.836
42.753 42.711 39.523 39.408 39.296 39.188 39.113 39.021 38.888 38.741 38.666 38.591 38.553 38.501 38.506 38.523 38.563 38.536 38.463 41.013 41.481 42.641 41.176 43.826 39.691 41.461 42.593 44.773 39.248 37.868 37.896 47.293 51.568 53.816 54.778 54.123 54.731 52.801 42.986 37.743 39.826 37.768 37.726 37.668 37.621 37.666 37.756 40.393 41.423 41.446 43.118 43.643 43.671 43.401 43.461 44.056 42.808 40.723 40.268 40.296 41.316 41.413 41.051 40.816 41.346 41.473 39.763 39.968 38.903 36.813 36.766
43.791 40.843 41.833 39.581 39.333 39.246 39.131 39.021 38.898 38.768 38.648 38.553 38.518 38.493 38.518 38.518 38.486 39.448 39.321 39.193 41.413 41.873 42.471 42.166 41.351 40.431 38.673 39.823 39.221 37.888 41.646 52.188 53.523 54.758 54.021 50.023 53.098 46.081 37.778 37.891 38.346 37.783 37.666 37.856 41.483 37.626 37.608 38.048 39.591 41.691 41.586 41.716 42.246 43.263 43.951 43.736 41.003 40.346 40.186 40.901 41.208 41.136 40.943 41.171 41.816 42.106 41.128 39.753 36.831 36.763 36.838
41.933 41.531 40.621 40.483 39.316 39.243 39.168 39.068 38.938 38.796 38.671 38.568 38.523 38.511 38.498 38.503 38.471 40.506 40.406 40.953 41.743 40.416 43.281 41.031 41.923 39.393 37.991 37.946 37.896 39.598 51.631 52.946 54.546 54.458 52.933 52.373 47.731 39.706 39.273 41.101 40.521 37.606 37.608 42.671 51.286 46.473 39.668 37.536 37.438 40.471 45.288 43.566 42.071 42.683 43.933 42.408 40.388 40.246 40.588 41.593 41.336 41.056 40.988 41.621 42.146 41.731 40.671 37.938 36.726 36.761 36.826
39.813 39.453 40.611 39.613 39.303 39.226 39.148 39.073 38.986 38.841 38.708 38.563 38.468 38.506 38.473 38.436 40.801 40.356 43.836 42.213 41.568 41.088 41.471 40.236 39.586 40.943 37.951 37.928 37.943 49.953 52.671 54.101 54.811 53.313 52.401 47.701 40.218 38.153 38.636 42.161 38.968 37.611 40.683 49.883 52.703 54.181 49.566 41.301 37.406 42.541 42.931 43.156 45.751 45.333 42.301 40.631 40.263 40.346 41.168 41.113 41.143 40.928 41.461 42.083 41.908 41.268 37.803 36.733 36.698 36.788 36.826
39.383 39.366 39.336 39.293 39.241 39.186 39.071 38.983 38.918 38.871 38.771 38.596 39.248 39.203 38.448 38.488 38.921 41.458 41.691 42.453 42.498 40.986 42.593 39.973 40.151 37.988 37.956 37.971 47.311 52.473 53.903 54.956 53.758 52.451 51.448 38.713 37.741 39.026 39.488 42.368 38.136 39.243 49.228 52.386 53.843 54.358 52.901 51.926 42.326 39.896 48.346 44.628 48.816 45.061 41.983 40.341 40.243 40.861 41.651 41.116 41.041 41.281 41.953 42.056 41.438 39.558 37.143 36.703 36.781 36.788 36.736
39.381 39.348 39.316 39.866 39.166 39.116 39.006 38.883 38.796 38.763 38.738 41.548 42.423 40.311 38.368 38.651 40.176 40.398 38.326 44.736 43.038 41.756 40.728 40.428 37.998 37.911 37.948 40.968 51.971 53.323 54.741 54.361 52.833 50.481 44.773 37.766 37.741 37.781 40.256 40.498 37.673 44.333 51.921 53.456 54.418 53.266 52.041 47.646 40.648 38.261 42.948 42.303 46.491 43.098 46.203 39.351 40.608 41.113 41.288 41.136 41.111 41.721 42.113 41.623 40.091 36.876 36.676 36.748 36.826 36.743 36.631
39.441 39.361 39.281 40.323 40.913 41.068 39.668 38.763 38.676 38.658 39.548 42.818 42.913 41.163 39.021 39.211 40.648 39.436 42.531 41.343 39.913 41.858 38.878 38.471 37.938 37.921 40.598 50.921 52.961 54.521 54.573 53.018 52.131 46.761 38.126 43.376 39.868 37.806 37.828 38.351 44.943 51.778 53.046 54.466 53.706 52.203 51.661 40.616 37.936 39.766 42.836 43.131 44.466 43.953 38.298 37.103 37.798 39.756 41.131 41.196 41.516 42.068 41.801 40.916 37.328 36.743 36.731 36.791 36.781 36.691 36.691
39.378 39.358 40.121 40.126 40.231 40.213 39.618 38.641 38.591 38.896 40.828 40.796 42.686 39.853 41.743 38.816 43.511 40.801 42.613 45.511 41.008 41.061 39.296 37.993 37.938 37.993 47.173 52.556 54.096 54.803 53.406 52.191 47.021 39.938 44.218 45.116 43.693 37.688 37.651 38.596 50.933 52.816 54.168 54.111 52.533 51.468 44.478 37.956 42.431 41.678 44.551 48.026 43.941 50.618 43.016 36.978 36.961 36.988 38.106 41.338 41.998 41.988 41.311 38.836 36.728 36.718 36.758 36.756 36.716 36.631 37.833
39.381 39.336 40.691 42.186 39.161 39.736 40.293 39.503 39.158 39.923 43.426 43.176 40.698 40.543 42.663 44.006 43.408 41.218 43.053 44.111 41.723 43.326 38.436 37.958 37.951 44.258 53.326 53.646 55.028 53.818 52.341 47.796 40.243 39.678 44.048 41.521 43.226 37.661 40.366 50.986 54.898 54.148 54.321 52.966 51.323 44.091 37.336 37.256 41.183 40.463 40.233 38.471 48.791 52.218 51.411 43.398 37.196 36.908 36.911 37.048 39.351 41.511 39.341 36.893 36.693 36.741 36.758 36.703 36.626 36.713 42.206
39.383 39.306 39.841 40.373 39.016 39.463 39.936 40.391 40.128 39.531 42.996 42.958 42.863 38.313 40.393 41.903 41.583 38.921 39.973 40.386 39.758 37.976 37.951 37.946 41.456 53.821 54.911 54.718 54.303 52.743 51.508 41.923 37.791 37.761 39.911 40.936 40.106 37.661 44.081 55.181 56.093 55.366 54.228 53.016 49.593 38.301 37.298 38.758 38.608 40.361 37.111 45.386 52.513 53.493 52.673 51.628 47.193 36.913 36.843 36.788 36.778 36.828 36.886 36.631 36.718 36.761 36.726 36.608 36.598 39.676 44.693
39.326 39.241 39.011 38.736 38.626 39.888 39.601 39.941 39.703 38.903 40.013 41.101 40.081 38.981 39.911 40.303 40.966 39.511 40.941 40.943 38.001 37.926 37.906 38.783 52.658 56.276 56.398 55.408 54.176 53.018 47.811 37.951 37.753 37.893 37.663 37.591 37.753 43.843 52.533 53.743 54.971 55.871 55.701 54.593 44.343 37.328 37.248 37.188 37.161 37.056 37.128 47.283 51.356 52.333 53.371 53.098 51.926 46.896 41.431 36.806 36.716 36.661 36.633 36.673 36.741 36.756 36.636 36.663 37.406 43.668 44.728
39.218 39.016 38.778 38.571 38.483 38.438 39.178 41.231 39.876 38.533 39.576 38.808 39.966 42.486 41.163 40.711 40.908 39.566 38.941 38.106 37.948 37.906 37.938 46.841 53.448 54.726 55.843 56.533 55.736 50.311 39.523 37.753 37.726 37.713 37.666 37.651 38.881 49.661 52.563 54.081 54.278 54.438 55.498 45.231 37.348 37.303 37.203 37.153 37.088 37.046 37.076 40.071 47.258 51.163 51.978 53.153 53.473 52.368 48.863 37.808 36.698 36.621 36.651 36.703 36.713 36.676 36.616 37.033 38.011 40.788 44.473
38.933 38.763 38.606 38.468 38.401 38.321 38.793 40.096 41.013 39.928 39.306 38.466 39.241 40.781 41.036 41.976 40.418 41.653 38.843 38.001 37.941 37.946 44.558 52.271 53.661 54.921 54.498 55.373 53.468 43.461 37.756 37.721 37.716 37.728 37.668 38.161 47.143 52.316 53.726 54.418 53.043 52.871 48.401 40.541 37.288 37.273 37.208 37.156 37.091 37.061 37.091 40.526 42.798 51.061 52.151 53.433 52.998 53.456 49.571 36.948 36.668 36.641 36.673 36.701 36.661 36.613 37.036 37.856 41.333 43.906 44.563
38.703 38.586 38.476 38.368 38.358 38.331 38.296 41.046 40.271 39.633 39.418 38.391 38.308 39.833 39.428 40.783 38.933 40.163 40.688 37.958 37.943 43.283 49.993 53.173 54.751 54.343 53.056 53.808 43.736 37.761 37.713 37.693 37.663 37.681 38.178 43.201 51.851 53.313 54.496 53.471 52.046 51.416 38.958 37.301 37.291 41.906 40.341 38.081 38.433 37.101 37.961 46.263 50.448 51.708 53.198 52.948 51.546 50.091 38.556 36.706 36.981 36.653 36.676 36.636 36.576 37.073 40.606 44.238 43.868 44.456 45.106
41.573 38.443 38.403 38.341 38.328 38.388 38.296 38.321 38.483 39.678 38.393 38.393 38.976 38.238 40.616 40.526 40.236 40.011 38.558 37.933 40.191 50.588 52.766 54.393 54.621 53.153 52.146 45.441 39.523 37.746 37.686 37.623 37.703 37.731 40.968 51.923 52.856 54.308 53.858 52.328 51.218 39.971 37.328 37.256 39.841 41.776 44.501 40.673 38.266 37.111 43.301 51.423 51.686 52.846 53.313 51.753 47.871 43.936 36.701 37.446 37.598 36.636 36.626 36.593 36.571 38.861 44.573 45.103 44.453 45.001 44.901
39.603 38.346 38.313 38.306 38.313 38.493 38.506 38.481 38.823 38.576 38.196 38.228 39.816 40.968 41.243 38.691 39.531 37.973 37.943 37.956 49.818 52.496 53.938 54.921 53.581 52.181 47.043 39.721 37.753 37.676 37.673 37.646 37.628 39.481 50.853 52.576 54.026 54.281 52.741 51.456 45.346 37.533 40.763 42.583 39.391 41.863 42.188 38.126 38.693 39.383 50.683 51.488 52.568 53.498 49.703 50.201 41.401 37.941 36.768 37.903 36.891 36.628 36.578 36.543 38.618 44.176 45.318 44.966 44.133 42.711 43.311
43.331 42.456 38.263 38.248 38.298 38.368 38.723 38.616 38.316 38.198 38.613 39.283 41.888 41.566 42.501 38.698 37.991 37.923 37.928 44.156 52.151 53.598 54.998 54.038 52.461 50.071 38.283 37.733 37.721 37.663 37.658 37.633 38.086 46.318 52.208 53.623 54.446 53.151 52.011 45.721 38.306 37.311 37.653 41.451 41.171 39.928 40.331 40.538 40.626 47.328 51.431 52.093 53.483 52.631 51.406 47.321 38.851 36.758 37.651 36.803 36.643 36.611 36.463 36.583 40.991 44.516 45.033 43.413 41.218 42.301 41.588
