LIDAR-DSM-2M-TQ28ne/tq2988_DSM_2M.asc
ncols 500
nrows 500
xllcorner    529000
yllcorner    188000
cellsize     2
NODATA_value -9999
[rows 128 to 159 of 500, columns 142 to 212 of 500]
47.074 47.066 47.054 47.031 46.974 46.956 46.939 46.889 46.849 46.806 46.774 46.706 46.674 46.659 46.619 46.579 46.569 46.521 46.491 46.471 46.446 46.411 46.424 46.681 46.399 47.391 48.899 48.246 47.414 46.636 46.604 46.656 46.646 46.536 46.349 46.314 46.316 46.066 46.009 46.026 46.004 46.019 46.034 46.054 46.036 46.036 46.066 46.059 46.064 46.084 46.089 46.086 46.091 46.101 46.106 46.109 46.119 46.121 46.119 46.124 46.154 46.181 46.194 46.214 46.234 46.269 46.281 46.284 46.304 46.329 46.229
47.109 47.084 47.059 47.039 47.004 46.966 46.926 46.896 46.859 46.819 46.799 46.721 46.686 46.676 46.639 46.614 46.569 46.546 46.511 46.479 46.469 46.459 46.429 46.539 46.421 46.759 46.394 46.421 46.511 46.649 46.626 46.651 46.629 46.646 46.386 46.344 46.281 46.324 46.014 46.019 46.011 46.034 46.044 46.059 46.039 46.061 46.059 46.076 46.064 46.091 46.091 46.104 46.114 46.094 46.129 46.134 46.131 46.146 46.131 46.131 46.171 46.184 46.209 46.241 46.276 46.281 46.329 46.309 46.331 46.174 45.731
47.134 47.096 47.094 47.054 47.019 46.989 46.946 46.926 46.874 46.851 46.806 46.759 46.709 46.681 46.644 46.606 46.599 46.551 46.536 46.524 46.494 46.519 46.516 46.716 46.446 46.556 46.531 46.671 46.666 46.671 46.656 46.629 46.636 46.636 46.536 46.369 46.329 46.246 46.071 46.039 46.029 46.039 46.049 46.064 46.061 46.054 46.079 46.079 46.101 46.089 46.119 46.099 46.116 46.136 46.129 46.161 46.144 46.149 46.146 46.154 46.171 46.204 46.196 46.261 46.304 46.301 46.331 46.311 46.129 45.756 45.424
47.166 47.111 47.094 47.071 47.059 46.999 47.004 46.941 46.906 46.859 46.821 46.766 46.726 46.691 46.646 46.654 46.644 46.589 46.579 46.536 46.554 46.526 46.524 46.481 46.489 46.639 46.696 46.661 46.661 46.631 46.626 46.656 46.644 46.644 46.616 46.411 46.351 46.271 46.159 46.041 46.039 46.026 46.054 46.064 46.081 46.091 46.099 46.109 46.114 46.094 46.126 46.131 46.144 46.146 46.169 46.156 46.154 46.159 46.171 46.166 46.189 46.219 46.234 46.264 46.319 46.339 46.286 46.094 45.864 45.534 45.391
47.156 47.136 47.094 47.086 47.074 47.036 47.026 46.969 46.939 46.871 46.831 46.781 46.736 46.706 46.694 46.691 46.646 46.639 46.609 46.606 46.584 46.536 46.554 46.611 46.661 46.701 46.684 46.676 46.679 46.646 46.644 46.656 46.646 46.626 46.644 46.609 46.354 46.336 46.199 46.094 46.076 46.054 46.066 46.096 46.081 46.091 46.116 46.109 46.146 46.124 46.139 46.129 46.169 46.186 46.176 46.174 46.171 46.186 46.186 46.189 46.226 46.251 46.251 46.261 46.311 46.176 46.064 45.909 45.674 45.456 45.424
47.179 47.156 47.131 47.094 47.099 47.041 47.021 46.994 46.939 46.874 46.829 46.811 46.791 46.761 46.729 46.696 46.681 46.659 46.649 46.619 46.559 46.601 46.674 46.694 46.684 46.684 46.681 46.681 46.676 46.669 46.656 46.616 46.659 46.631 46.634 46.619 46.504 46.324 46.304 46.204 46.106 46.076 46.074 46.086 46.116 46.136 46.114 46.124 46.136 46.144 46.159 46.181 46.176 46.176 46.199 46.186 46.204 46.224 46.216 46.226 46.239 46.334 46.616 46.341 46.144 46.006 45.874 45.744 45.599 45.494 45.394
47.214 47.184 47.141 47.139 47.091 47.071 47.054 46.999 46.941 46.906 46.874 46.844 46.814 46.781 46.771 46.729 46.701 46.666 46.639 46.616 46.689 46.721 46.719 46.699 46.714 46.669 46.681 46.679 46.666 46.651 46.659 46.646 46.646 46.631 46.629 46.636 46.651 46.321 46.321 46.314 46.179 46.099 46.099 46.111 46.111 46.144 46.144 46.146 46.164 46.166 46.189 46.184 46.201 46.204 46.221 46.229 46.216 46.236 46.229 46.246 46.436 47.111 46.771 46.624 46.109 45.896 45.729 45.644 45.541 45.529 45.341
47.231 47.191 47.159 47.156 47.109 47.071 47.061 47.044 46.986 46.954 46.916 46.889 46.846 46.814 46.786 46.726 46.924 48.466 48.319 47.076 46.719 46.716 46.714 46.721 46.706 46.696 46.699 46.691 46.684 46.661 46.656 46.659 46.654 46.631 46.639 46.611 46.631 46.524 46.344 46.326 46.264 46.116 46.144 46.124 46.136 46.144 46.179 46.161 46.174 46.189 46.191 46.211 46.219 46.214 46.241 46.244 46.234 46.236 46.291 46.286 46.264 46.651 45.979 46.454 46.316 46.069 45.761 45.619 45.556 45.449 45.304
47.229 47.209 47.186 47.161 47.119 47.086 47.069 47.076 47.001 46.976 46.944 46.901 46.841 46.816 46.981 47.514 47.564 48.341 49.306 48.484 47.734 46.746 46.711 46.726 46.734 46.696 46.689 46.699 46.691 46.686 46.661 46.661 46.729 46.646 46.639 46.611 46.634 46.634 46.421 46.354 46.286 46.231 46.126 46.149 46.174 46.161 46.179 46.184 46.189 46.194 46.214 46.221 46.214 46.219 46.256 46.241 46.274 46.291 46.231 46.094 46.041 46.006 46.111 46.266 46.484 46.046 45.781 45.614 45.571 45.414 45.244
47.266 47.201 47.181 47.176 47.146 47.129 47.106 47.091 47.056 47.021 46.959 46.906 46.879 47.326 48.949 49.584 48.136 47.149 47.669 47.214 47.226 47.616 46.734 46.731 46.736 46.726 46.699 46.696 46.704 46.681 46.661 46.681 46.646 46.646 46.626 46.629 46.624 46.611 46.529 46.394 46.326 46.321 46.191 46.181 46.196 46.189 46.186 46.219 46.224 46.204 46.239 46.234 46.256 46.241 46.274 46.239 46.404 46.799 47.296 46.271 46.086 47.966 48.791 49.339 48.079 46.276 45.794 45.634 45.539 45.351 45.229
47.256 47.211 47.211 47.201 47.184 47.146 47.111 47.094 47.296 49.561 48.316 47.364 46.951 47.614 50.576 48.244 46.891 46.774 46.749 46.716 46.696 46.719 46.744 46.734 46.739 46.726 46.719 46.689 46.711 46.686 46.696 46.684 46.669 46.649 46.654 46.641 46.644 46.626 46.619 46.396 46.376 46.349 46.319 46.199 46.201 46.181 46.209 46.221 46.221 46.239 46.244 46.276 46.274 46.289 46.616 46.411 47.106 46.876 46.651 47.331 49.974 52.251 52.014 50.154 49.704 46.951 46.026 45.564 45.569 45.296 45.144
47.284 47.251 47.234 47.194 47.194 47.149 47.124 47.136 48.401 50.609 48.989 48.484 46.996 46.921 47.326 46.871 46.846 46.786 46.756 46.729 46.764 46.711 46.741 46.749 46.721 46.729 46.711 46.716 46.701 46.666 46.689 46.671 46.681 46.636 46.646 46.644 46.644 46.609 46.616 46.571 46.409 46.384 46.354 46.251 46.199 46.206 46.211 46.231 46.264 46.259 46.264 46.321 46.241 46.194 46.734 46.534 46.449 46.761 49.409 52.476 53.354 53.469 53.201 50.524 50.029 48.821 46.339 45.811 45.271 45.094 44.956
47.329 47.291 47.274 47.221 47.189 47.171 47.139 47.201 48.299 49.116 49.589 48.609 47.144 46.964 46.934 46.909 46.851 46.841 46.804 46.786 46.774 46.709 46.704 46.761 46.759 46.741 46.739 46.696 46.706 46.696 46.686 46.684 46.651 46.664 46.659 46.651 46.636 46.611 46.621 46.594 46.491 46.396 46.369 46.326 46.221 46.244 46.236 46.244 46.264 46.284 46.264 46.229 46.181 46.196 46.304 47.091 50.369 52.834 52.249 53.464 53.621 53.656 53.366 51.944 50.171 49.901 47.249 46.446 45.584 45.004 44.856
47.354 47.319 47.259 47.234 47.211 47.189 47.171 47.144 49.111 50.779 49.041 47.061 47.014 46.991 46.974 46.951 46.871 46.879 46.824 46.809 46.791 46.766 46.726 46.764 46.764 46.766 46.734 46.726 46.716 46.696 46.689 46.691 46.694 46.664 46.664 46.664 46.654 46.636 46.611 46.624 46.619 46.434 46.406 46.344 46.314 46.264 46.249 46.266 46.321 46.296 46.211 46.179 46.164 47.231 48.984 52.831 52.811 53.449 53.606 53.741 53.891 53.836 53.531 53.206 50.791 50.051 49.009 46.444 46.436 44.824 44.536
47.371 47.324 47.289 47.256 47.229 47.214 47.199 47.196 47.179 48.076 47.139 47.704 47.051 47.019 46.991 46.971 46.951 46.919 46.866 46.839 46.804 46.794 46.741 46.754 46.779 46.741 46.739 46.736 46.729 46.726 46.704 46.726 46.699 46.686 46.679 46.651 46.654 46.646 46.631 46.676 46.759 46.606 46.414 46.411 46.389 46.296 46.574 46.299 46.306 46.241 46.194 46.214 49.299 52.181 53.289 53.444 53.569 53.719 53.886 54.031 54.211 54.011 53.694 53.371 52.436 50.189 49.926 46.736 46.419 45.724 44.816
47.386 47.359 47.309 47.264 47.241 47.269 47.241 47.219 47.194 47.176 47.144 47.104 47.054 47.064 47.034 47.016 46.964 46.924 46.899 46.861 46.814 46.796 46.801 46.746 46.771 46.749 46.741 46.744 46.739 46.746 46.719 46.709 46.706 46.686 46.689 46.651 46.684 46.686 46.756 46.824 46.819 46.801 46.486 46.429 46.389 46.381 46.259 46.284 46.269 46.276 46.494 50.664 53.289 53.411 53.569 53.711 53.854 53.996 54.159 54.321 54.431 54.199 53.899 53.531 53.241 50.976 50.076 48.306 46.406 46.206 44.854
47.411 47.356 47.371 47.279 47.274 47.271 47.274 47.236 47.226 47.206 47.174 47.141 47.106 47.104 47.046 47.006 47.004 46.941 46.914 46.894 46.839 46.811 46.824 46.796 46.749 46.791 46.756 46.756 46.724 46.741 46.729 46.726 46.714 46.716 46.676 46.689 46.799 46.824 46.831 46.821 46.819 46.806 46.671 46.469 46.431 46.456 46.381 46.266 46.281 46.389 46.259 48.444 53.306 53.611 53.816 53.989 54.134 54.339 54.504 54.639 54.724 54.349 54.019 53.709 53.406 52.559 47.414 46.299 45.956 44.846 44.461
47.441 47.386 47.379 47.329 47.334 47.331 47.306 47.279 47.269 47.234 47.206 47.166 47.129 47.106 47.049 47.024 47.019 46.979 46.959 46.911 46.869 46.836 46.839 46.819 46.776 46.774 46.771 46.776 46.756 46.761 46.744 46.729 46.734 46.706 46.771 46.859 46.861 46.856 46.816 46.826 46.814 46.811 46.781 46.531 46.514 46.464 46.416 46.744 46.386 46.436 46.294 46.949 50.681 53.451 53.756 54.069 54.341 54.601 55.024 55.636 55.289 54.526 54.206 53.874 53.561 53.249 49.071 46.401 45.404 45.024 44.684
47.476 47.424 47.406 47.379 47.376 47.354 47.349 47.319 47.299 47.264 47.224 47.196 47.141 47.136 47.089 47.059 47.046 47.016 46.989 46.936 46.899 46.864 46.844 46.839 46.819 46.821 46.951 46.784 46.749 46.759 46.739 46.749 46.804 46.874 46.889 46.881 46.874 46.859 46.831 46.829 46.836 46.831 46.811 46.721 46.521 46.464 46.489 47.409 46.806 46.311 46.609 46.256 47.869 53.276 53.589 53.894 54.216 54.541 55.429 56.091 55.856 54.844 54.339 54.046 53.734 53.426 50.116 46.139 45.736 45.359 44.924
47.496 47.444 47.421 47.396 47.399 47.379 47.359 47.326 47.319 47.294 47.254 47.231 47.164 47.169 47.121 47.104 47.109 47.034 47.016 46.966 46.914 46.889 46.854 46.849 46.839 46.831 46.786 46.781 46.776 46.779 46.779 46.859 46.906 46.904 46.894 46.889 46.876 46.849 46.849 46.839 46.859 46.831 46.841 46.804 46.651 46.506 46.521 46.541 46.706 46.301 46.334 46.304 46.849 51.421 53.434 53.729 54.039 54.356 54.831 55.821 56.106 55.426 54.534 54.189 53.884 53.571 51.996 49.384 46.069 45.539 45.146
47.534 47.474 47.444 47.411 47.389 47.396 47.361 47.364 47.331 47.331 47.284 47.244 47.204 47.231 47.164 47.139 47.129 47.071 47.054 47.011 46.949 46.936 46.901 46.869 46.889 46.871 46.831 46.794 46.811 46.874 46.921 46.939 46.934 46.909 46.891 46.881 46.859 46.881 46.854 46.859 46.844 46.804 46.834 46.831 46.806 46.551 46.484 48.341 49.001 47.314 47.216 46.336 46.221 49.111 53.116 53.579 53.874 54.194 54.509 55.364 56.104 55.886 54.929 54.376 54.051 53.736 53.444 52.949 46.949 45.684 45.314
47.579 47.516 47.484 47.449 47.421 47.406 47.391 47.379 47.369 47.344 47.316 47.296 47.261 47.249 47.201 47.186 47.144 47.111 47.101 47.041 47.006 46.984 46.976 46.911 46.904 46.911 46.849 46.849 46.971 46.941 46.929 46.951 46.916 46.911 46.916 46.904 46.884 46.871 46.864 46.871 46.859 46.844 46.829 46.836 46.834 46.951 46.514 47.769 50.611 48.464 47.094 46.904 46.311 46.276 50.584 53.421 53.706 54.006 54.331 54.764 55.789 56.129 55.504 54.536 54.224 53.916 53.604 53.259 49.091 45.969 45.484
47.591 47.556 47.536 47.489 47.471 47.431 47.419 47.401 47.384 47.374 47.369 47.326 47.299 47.289 47.239 47.229 47.184 47.154 47.121 47.094 47.039 47.026 47.006 46.966 46.954 46.939 46.899 46.901 46.959 46.959 46.956 46.941 46.929 46.924 46.896 46.909 46.894 46.889 46.844 46.886 46.881 46.854 46.864 46.816 46.839 46.836 46.574 46.504 46.544 46.641 47.274 46.489 46.541 46.241 48.601 52.671 53.541 53.851 54.171 54.474 55.241 56.061 55.939 54.989 54.419 54.091 53.774 53.474 53.171 47.371 45.629
47.606 47.581 47.584 47.509 47.476 47.469 47.444 47.446 47.436 47.414 47.399 47.379 47.369 47.319 47.306 47.261 47.206 47.211 47.184 47.139 47.111 47.061 47.046 47.006 46.969 46.976 46.909 46.904 46.919 46.966 46.971 46.941 46.956 46.916 46.919 46.881 46.894 46.894 46.876 46.874 46.869 46.914 46.856 46.844 46.846 46.839 46.749 46.524 46.531 48.674 50.914 46.881 46.376 46.319 46.429 51.436 53.404 53.689 53.989 54.326 54.689 55.719 56.209 55.556 54.586 54.241 53.931 53.629 53.336 49.581 45.924
47.679 47.631 47.591 47.534 47.534 47.476 47.491 47.494 47.471 47.469 47.441 47.416 47.386 47.346 47.334 47.309 47.274 47.251 47.229 47.216 47.176 47.124 47.076 47.049 47.031 46.989 46.954 46.926 46.939 46.964 46.996 46.966 46.964 46.934 46.944 46.886 46.884 46.896 46.899 46.896 46.896 46.889 46.866 46.836 46.866 46.821 46.814 46.664 46.529 49.401 52.521 49.799 48.029 50.669 46.934 48.146 52.844 53.516 53.831 54.144 54.464 55.201 56.026 55.986 55.026 54.439 54.099 53.809 53.481 52.254 47.506
47.699 47.684 47.616 47.621 47.574 47.539 47.521 47.529 47.514 47.489 47.476 47.456 47.424 47.384 47.406 47.349 47.324 47.306 47.279 47.276 47.224 47.169 47.121 47.124 47.079 47.034 46.996 46.989 46.956 46.981 46.986 47.006 46.974 46.951 46.949 46.914 46.909 46.936 46.899 46.869 46.894 46.881 46.864 46.866 46.841 46.854 46.821 46.804 47.051 49.736 48.251 49.071 50.969 51.781 47.856 46.291 51.159 52.946 53.674 53.986 54.291 54.656 55.714 56.156 55.634 54.669 54.261 53.944 53.656 53.366 50.396
47.749 47.724 47.679 47.649 47.591 47.586 47.554 47.559 47.556 47.516 47.504 47.519 47.484 47.449 47.416 47.401 47.369 47.351 47.336 47.324 47.276 47.206 47.184 47.176 47.114 47.079 47.029 47.014 47.014 47.011 47.006 46.959 46.936 46.946 46.951 46.931 46.974 46.901 46.876 46.899 46.884 46.874 46.876 46.891 46.859 46.839 46.854 46.846 46.726 46.561 48.744 47.206 51.191 51.709 49.039 47.366 46.371 51.989 53.499 53.801 54.114 54.441 55.066 55.989 56.049 55.134 54.451 54.124 53.819 53.516 53.204
47.794 47.771 47.704 47.699 47.651 47.596 47.601 47.591 47.586 47.564 47.569 47.544 47.484 47.486 47.461 47.441 47.421 47.409 47.381 47.364 47.324 47.276 47.229 47.196 47.159 47.119 47.089 47.069 47.071 47.061 47.031 47.019 46.991 46.989 46.971 46.961 46.949 46.916 46.914 46.899 46.896 46.909 46.879 46.874 46.876 46.846 46.859 46.869 46.864 47.096 50.299 49.334 50.736 52.791 51.114 48.334 46.324 48.626 52.341 53.656 53.951 54.259 54.616 55.534 56.156 55.726 54.686 54.291 53.984 53.666 53.369
47.836 47.786 47.754 47.741 47.696 47.654 47.629 47.631 47.634 47.611 47.609 47.596 47.556 47.524 47.499 47.501 47.476 47.461 47.426 47.419 47.391 47.331 47.309 47.254 47.226 47.184 47.136 47.121 47.126 47.114 47.079 47.099 47.349 47.011 46.959 46.961 46.934 46.951 46.944 46.906 46.901 46.904 46.919 46.874 46.891 46.861 46.864 47.989 50.316 47.986 51.401 47.411 48.269 48.621 49.731 49.396 46.316 47.076 52.131 53.489 53.781 54.099 54.399 55.044 55.956 56.064 55.206 54.466 54.146 53.839 53.534
47.899 47.836 47.804 47.791 47.749 47.704 47.676 47.706 47.681 47.631 47.636 47.614 47.629 47.564 47.551 47.544 47.531 47.509 47.471 47.469 47.441 47.394 47.356 47.296 47.266 47.234 47.199 47.174 47.161 47.179 47.154 47.111 47.024 46.994 46.986 46.944 46.969 46.956 46.926 46.909 46.914 46.916 46.914 46.901 46.876 46.884 46.846 49.194 51.926 51.854 46.939 46.921 46.759 47.364 49.191 49.339 47.089 46.259 49.594 53.336 53.621 53.929 54.229 54.571 55.509 56.151 55.756 54.746 54.341 54.001 53.674
47.916 47.889 47.849 47.824 47.779 47.746 47.726 47.721 47.684 47.676 47.664 47.681 47.651 47.639 47.609 47.606 47.591 47.554 47.536 47.526 47.486 47.454 47.404 47.366 47.349 47.314 47.286 47.254 47.226 47.214 47.204 47.176 47.124 46.989 46.989 46.974 46.946 46.959 46.941 46.934 46.916 46.921 46.926 46.901 46.891 46.914 46.964 47.556 51.004 49.534 48.946 46.676 46.689 46.894 49.859 51.514 47.971 46.346 46.419 51.194 53.436 53.774 54.099 54.431 54.941 55.856 56.074 55.291 54.496 54.174 53.869
47.986 47.949 47.904 47.891 47.861 47.801 47.761 47.761 47.739 47.724 47.716 47.736 47.721 47.684 47.674 47.664 47.656 47.629 47.569 47.564 47.526 47.516 47.474 47.439 47.406 47.379 47.351 47.304 47.309 47.279 47.269 47.236 47.211 47.066 47.009 46.984 46.966 46.961 46.934 46.949 46.941 46.941 46.919 46.946 47.106 47.234 47.434 48.029 51.244 49.384 48.086 47.796 46.714 49.136 49.596 51.671 49.059 46.956 47.851 51.066 53.296 53.591 54.009 54.224 54.526 55.414 56.096 55.791 54.824 54.356 54.036
