LIDAR-DSM-2M-TQ28ne/tq2987_DSM_2M.asc
ncols 500
nrows 500
xllcorner    529000
yllcorner    187000
cellsize     2
NODATA_value -9999
[rows 416 to 447 of 500, columns 216 to 287 of 500]
65.098 65.258 66.823 67.673 65.033 65.111 66.866 67.298 66.108 65.761 65.918 66.676 67.813 68.623 68.213 67.753 67.518 67.323 67.416 67.618 67.638 67.603 67.628 67.771 67.571 67.546 67.563 67.721 67.706 67.508 67.506 67.001 64.388 62.593 62.671 62.871 62.773 61.676 61.563 61.953 61.918 62.298 61.238 62.933 65.903 66.911 67.213 67.831 68.848 69.293 68.688 67.968 66.618 62.611 60.543 59.761 59.498 59.451 59.401 59.306 59.233 59.448 59.111 58.843 60.638 59.973 61.383 65.371 66.693 67.543 65.088 59.523
65.076 65.493 67.436 66.683 64.788 64.931 65.888 67.043 67.163 66.596 67.111 67.836 68.571 69.446 69.003 68.393 67.936 67.473 67.511 67.573 67.596 67.646 67.626 67.741 67.661 67.568 67.556 67.583 67.608 67.766 67.656 67.573 67.173 64.903 63.216 63.503 62.306 62.163 62.093 61.373 61.403 61.566 60.861 64.921 66.938 67.321 66.358 64.431 67.481 67.466 68.408 68.638 67.931 67.251 64.873 60.096 59.426 59.373 59.373 59.288 59.231 59.083 58.926 59.431 59.058 59.323 58.686 60.168 65.781 65.843 59.998 58.396
64.993 66.148 66.513 64.983 64.593 64.703 66.051 65.241 65.313 68.533 67.933 68.176 69.043 69.666 69.683 69.153 68.556 68.001 67.681 67.561 67.001 67.203 67.626 67.618 67.621 67.836 67.656 67.716 67.601 67.633 67.526 67.566 67.531 67.368 65.356 62.873 62.616 62.728 62.006 61.441 61.493 61.426 60.881 62.316 65.833 66.493 63.948 62.393 64.338 66.653 66.893 68.608 68.708 68.493 65.363 59.471 59.373 59.346 59.281 59.176 59.091 59.031 58.918 58.826 59.158 59.416 58.466 59.353 58.938 59.958 58.436 59.171
66.143 66.391 64.443 64.563 64.503 64.771 65.463 64.408 64.443 67.878 67.923 67.886 68.318 68.923 69.498 69.798 69.331 68.096 68.193 67.738 64.798 62.796 67.471 67.616 67.598 67.691 67.631 67.676 67.586 67.573 67.591 67.831 67.626 67.521 67.163 64.566 62.478 63.038 62.173 61.511 61.428 61.143 61.123 61.318 61.583 63.618 62.008 63.233 64.798 66.021 66.926 67.621 68.318 66.641 61.753 59.766 59.353 59.276 59.211 59.098 58.998 58.878 58.848 58.748 58.641 58.903 60.126 58.353 58.616 58.278 58.206 59.271
66.868 64.561 64.358 64.616 64.433 64.886 64.161 64.408 65.281 66.651 67.008 66.923 67.141 68.183 68.733 69.388 69.846 69.531 68.891 66.861 61.793 61.721 62.343 67.166 67.601 67.628 67.658 67.871 67.628 67.576 67.213 67.083 67.746 67.676 65.696 62.786 62.238 61.961 62.806 62.356 61.986 62.828 62.076 60.896 60.781 60.921 62.638 64.396 66.016 66.716 66.011 65.848 67.031 61.473 60.821 60.153 59.326 59.216 59.238 59.023 59.041 58.938 59.748 59.143 58.666 58.473 59.388 58.463 58.098 58.363 58.356 58.238
65.756 65.311 62.968 63.123 64.786 64.006 63.971 65.381 64.858 64.578 65.841 66.103 67.786 68.003 68.048 67.446 69.151 69.728 68.136 62.436 61.711 61.726 61.746 62.473 65.343 67.633 67.611 67.603 67.706 67.758 67.498 66.861 67.516 66.326 63.258 62.693 61.928 62.003 61.216 62.113 63.496 64.893 61.546 61.661 61.023 61.071 60.393 62.611 65.711 66.098 64.206 60.316 61.941 63.218 62.291 60.943 59.228 59.571 59.768 59.238 60.783 59.901 59.156 59.531 58.863 58.406 58.261 58.111 58.033 57.958 58.911 60.308
71.896 73.813 65.228 64.168 66.078 64.083 64.123 65.116 63.761 63.948 65.823 66.733 69.821 68.006 67.466 67.966 68.451 67.978 64.098 62.321 61.706 61.708 61.716 61.708 61.831 65.266 67.461 67.628 67.593 67.676 67.706 67.651 66.348 63.298 62.448 63.858 64.051 63.678 62.358 62.376 61.801 63.866 64.873 62.191 61.891 60.748 60.593 61.273 63.366 63.808 60.961 59.766 61.063 63.911 59.561 59.248 59.246 59.526 61.033 66.658 62.241 59.781 60.038 58.621 59.533 58.933 58.233 58.116 58.116 58.658 57.873 57.798
74.568 74.783 74.128 70.653 67.251 63.148 64.646 63.558 63.698 64.401 65.831 64.191 64.906 64.546 65.166 65.538 66.821 65.403 62.318 61.726 61.691 61.711 61.693 61.713 61.723 61.733 64.146 67.593 67.601 67.621 67.776 66.766 63.481 61.798 63.366 64.196 62.658 61.843 62.816 64.261 64.983 62.828 63.373 62.596 61.323 60.551 60.671 60.846 61.253 60.781 60.263 59.598 59.643 62.101 59.318 59.346 60.031 59.688 65.916 69.108 68.248 61.668 59.981 58.878 58.458 58.551 58.371 58.048 57.953 57.998 58.118 57.693
74.991 75.531 75.373 74.458 71.786 65.163 65.533 64.953 63.933 65.771 64.841 63.631 63.606 64.898 64.033 63.461 64.146 64.743 62.513 62.256 61.696 61.703 61.696 61.698 61.681 61.716 61.783 63.133 67.751 67.628 67.038 64.191 61.873 62.941 64.133 63.141 61.296 61.293 64.046 66.558 66.156 65.148 65.463 66.846 61.058 60.538 61.201 60.358 60.388 60.158 59.761 60.023 59.798 59.316 59.221 59.871 59.323 65.768 69.101 69.816 69.981 68.778 65.571 59.708 58.431 58.241 58.131 57.893 57.876 57.766 57.751 58.243
74.703 75.741 75.398 75.026 74.743 72.896 67.151 67.613 66.411 64.908 63.433 63.736 64.443 64.486 63.393 63.398 64.828 64.111 64.326 63.801 61.998 61.706 61.723 61.688 61.698 61.718 61.676 61.831 62.858 66.818 64.313 62.196 62.688 64.148 63.138 61.463 62.578 61.578 64.928 66.083 66.631 67.366 69.526 70.833 69.611 63.126 61.011 60.303 60.706 59.996 60.476 60.186 59.278 59.206 59.503 59.431 60.138 67.423 69.253 69.886 70.486 69.753 69.088 66.468 58.826 58.543 58.183 57.808 57.678 57.666 57.626 57.496
71.506 74.588 75.011 75.553 75.661 74.713 74.156 69.921 68.286 67.141 65.128 63.881 65.153 64.273 63.348 63.358 64.383 65.103 63.418 63.878 64.528 62.361 61.706 61.691 61.693 61.686 61.658 61.658 61.738 63.143 61.861 62.386 64.096 63.073 61.623 61.316 61.141 61.603 60.901 63.963 66.526 69.678 70.696 71.361 71.193 69.931 61.523 60.496 60.221 59.388 59.263 59.343 59.263 59.126 59.118 59.943 63.781 64.848 66.808 69.456 69.886 70.176 69.908 69.273 67.023 60.336 59.711 58.523 57.643 57.631 57.591 57.426
65.461 69.526 74.436 75.401 75.398 75.283 74.913 74.468 71.386 68.776 66.638 63.961 63.311 63.788 63.716 63.301 63.701 63.473 62.911 63.533 64.276 64.038 62.853 61.708 61.698 61.678 61.643 61.626 61.621 61.633 61.591 63.218 63.811 62.051 62.168 61.236 61.423 62.171 60.728 61.871 68.711 70.596 71.318 71.303 70.563 66.611 61.148 61.003 59.498 60.861 59.418 59.251 59.408 59.586 59.201 61.166 63.986 62.796 60.496 65.403 68.996 69.613 70.223 69.841 69.241 65.063 59.873 60.051 57.921 57.533 57.771 57.423
64.591 64.083 68.663 74.278 74.753 75.281 75.736 74.928 74.438 70.308 64.873 63.118 62.963 63.001 62.911 63.628 63.156 62.943 62.948 63.888 64.763 63.603 64.158 62.763 61.703 61.663 61.606 61.553 61.553 61.536 61.563 61.646 62.003 61.673 62.108 62.778 64.783 65.863 63.621 61.866 70.301 71.228 71.386 70.723 67.168 60.428 60.356 60.303 59.956 60.603 59.258 59.196 59.691 59.138 59.516 60.873 61.851 61.156 59.918 63.676 66.713 69.311 69.533 69.566 66.468 61.446 60.148 58.953 57.986 58.221 57.341 57.248
64.596 64.738 64.581 66.278 73.406 74.978 75.123 74.908 73.836 68.166 63.151 64.321 66.053 62.848 62.718 63.126 63.036 62.866 63.028 64.006 64.946 64.461 63.271 63.391 62.811 61.636 61.623 61.551 61.533 61.533 61.501 61.536 62.528 61.848 61.356 65.571 66.296 66.476 65.901 67.006 70.631 71.768 70.811 69.508 61.533 59.813 59.991 59.593 59.533 59.306 59.231 59.546 60.288 59.113 59.298 59.128 60.573 59.346 60.593 64.141 64.788 65.933 68.618 69.088 64.223 59.063 58.828 58.086 60.361 59.203 58.531 57.996
64.223 64.701 64.171 64.606 66.656 70.851 74.481 74.321 68.258 63.691 66.246 70.753 68.286 61.708 64.368 63.991 62.706 62.846 63.111 62.371 62.521 63.266 62.518 62.313 62.828 63.323 61.801 61.526 61.481 61.433 61.428 61.498 61.473 61.116 61.301 61.913 65.676 65.953 68.083 69.783 70.513 71.423 71.228 64.146 60.508 59.743 59.358 60.011 59.301 59.191 59.091 58.996 59.621 59.643 59.396 59.241 59.076 59.093 59.861 61.773 64.111 64.506 60.573 61.866 59.033 58.476 58.696 61.611 62.873 63.108 65.106 66.443
64.131 63.826 64.061 66.138 65.526 63.373 70.618 68.316 63.643 65.178 70.996 72.813 72.626 69.961 66.803 63.433 61.793 62.871 62.378 62.518 63.548 62.873 62.228 62.241 62.283 62.671 62.313 61.488 61.428 61.366 61.348 61.448 62.081 63.501 61.443 61.243 61.638 66.273 69.698 70.688 71.383 71.153 70.401 64.133 60.533 59.523 59.236 59.343 59.191 59.088 59.526 59.098 59.861 59.303 59.321 60.408 60.111 59.038 59.111 58.886 61.773 61.683 61.033 59.278 59.481 58.393 61.118 63.388 63.996 66.343 67.891 68.761
64.206 63.706 63.571 64.806 63.453 66.358 68.186 63.666 63.653 70.401 72.746 73.348 73.583 72.871 72.018 69.723 63.786 62.216 63.183 63.023 62.686 62.841 62.308 62.141 62.611 62.936 62.411 62.038 61.388 61.311 61.481 62.541 66.171 69.398 63.633 61.511 62.563 69.008 70.511 71.181 71.403 70.558 68.576 60.998 59.813 59.263 59.198 59.183 59.123 59.351 59.273 60.543 60.911 59.536 60.813 61.676 59.231 59.073 58.921 59.718 59.598 62.166 60.611 58.506 58.311 58.921 57.538 61.786 64.401 67.418 68.738 69.366
63.676 64.198 64.676 63.498 63.523 66.031 64.533 63.696 63.576 69.156 72.736 73.448 73.868 73.263 72.873 72.581 67.131 65.283 64.303 62.866 62.063 62.056 62.046 62.093 61.878 61.783 61.761 61.911 62.003 61.388 61.128 61.046 66.791 69.898 69.638 64.378 68.936 72.163 71.173 71.361 70.661 68.946 60.868 59.893 59.346 59.393 59.203 59.073 59.268 59.013 59.171 60.113 60.606 66.306 63.031 64.646 61.928 58.898 59.243 59.416 64.698 65.416 62.171 60.688 58.216 58.413 61.016 60.906 67.713 68.878 69.456 69.186
64.043 63.503 63.521 63.876 63.518 63.283 63.903 63.323 62.996 62.968 67.721 72.773 73.116 73.443 73.843 73.191 72.568 69.478 63.986 61.153 61.643 61.976 62.031 61.888 61.948 62.751 62.098 62.091 61.756 62.056 61.221 60.863 60.746 66.883 69.791 70.533 71.921 72.818 72.903 71.471 69.191 62.531 59.653 59.361 60.156 59.601 59.111 59.198 60.203 58.988 59.258 60.406 66.696 69.856 70.401 63.723 59.201 58.886 60.011 59.353 59.206 62.623 59.748 58.908 58.121 61.166 63.263 64.666 68.811 69.573 69.173 68.276
65.806 64.023 63.266 63.381 63.486 63.281 63.053 63.356 63.338 63.126 62.923 66.473 72.458 73.063 74.246 73.541 73.116 72.803 69.383 64.453 65.296 61.953 62.048 61.753 61.653 61.703 62.403 62.061 61.576 61.723 62.048 61.821 60.631 60.536 65.093 71.563 72.943 73.181 73.136 72.781 65.946 60.508 59.478 59.236 59.713 59.183 59.003 59.426 59.196 59.078 60.411 65.293 69.806 70.536 70.893 70.328 64.258 59.386 59.811 60.096 59.006 58.341 58.153 58.156 59.378 58.358 61.598 66.051 68.571 69.736 68.431 67.101
63.438 63.983 64.343 63.263 63.018 63.128 63.443 63.528 63.153 63.343 63.141 62.268 64.503 70.353 72.808 73.233 73.641 73.636 72.791 72.358 64.398 61.763 61.843 61.278 61.653 61.741 61.803 61.373 61.358 62.223 61.528 61.691 61.821 60.728 60.328 63.916 73.226 73.153 72.921 71.886 67.266 61.263 59.458 59.173 59.158 59.093 59.211 59.523 58.891 59.721 66.078 69.661 70.396 71.061 70.401 69.608 62.948 60.346 60.196 58.841 58.316 59.116 59.478 58.043 58.203 61.808 63.833 67.783 68.678 69.263 68.123 58.826
63.546 63.218 64.633 65.133 63.173 62.923 63.211 62.933 62.671 62.708 62.878 62.671 62.331 62.851 68.896 72.698 73.591 73.381 72.858 67.421 62.091 64.038 62.628 62.393 60.476 61.188 61.238 61.281 61.638 61.913 61.448 60.981 61.036 61.333 60.241 60.113 62.201 73.051 71.808 68.571 59.816 59.528 59.563 59.296 59.103 59.023 59.471 59.048 59.318 59.211 64.806 70.521 70.848 70.451 69.826 67.221 63.926 61.043 59.438 58.891 58.221 58.076 58.578 58.596 59.078 63.263 64.031 67.888 69.296 68.828 67.806 62.231
63.968 63.833 63.228 63.923 62.858 62.741 62.746 62.716 62.786 63.756 62.568 62.726 62.628 62.476 62.986 67.976 72.566 72.841 71.268 66.596 64.503 70.878 67.373 66.238 63.951 60.146 60.026 61.533 61.721 60.813 61.206 61.158 61.343 61.203 60.421 60.168 59.921 59.791 64.128 62.178 59.831 59.491 60.056 59.271 59.098 59.491 59.148 58.888 59.053 59.258 65.126 70.808 70.611 69.738 66.971 66.758 65.333 64.568 60.566 59.448 58.498 58.131 57.986 58.031 57.943 59.668 64.613 67.441 69.158 68.056 64.576 57.173
63.938 64.101 63.543 63.108 62.786 62.771 63.168 62.618 62.548 62.996 63.061 62.946 62.518 62.453 62.378 61.853 64.256 71.851 63.183 63.461 69.728 71.401 71.283 70.168 66.386 61.198 60.401 61.688 60.676 60.761 61.466 61.203 61.083 61.048 61.361 61.138 60.078 59.666 59.478 59.576 59.188 59.333 59.351 59.111 59.323 59.823 58.973 58.916 59.183 62.648 68.828 70.188 71.136 65.246 62.851 64.761 65.518 63.936 59.566 58.306 58.993 58.706 57.548 58.856 60.286 61.081 66.598 68.706 69.271 68.696 59.423 57.696
64.313 63.781 63.298 63.186 62.908 62.758 62.936 62.398 62.378 62.296 62.623 63.753 62.256 62.436 62.688 61.951 61.888 62.583 62.718 68.761 71.231 71.858 72.083 71.533 70.861 62.196 60.218 60.026 60.736 61.508 61.258 61.276 61.733 60.898 60.426 60.701 60.751 60.218 59.388 59.191 59.053 59.046 59.068 59.001 59.058 59.006 59.228 59.136 62.543 68.698 70.098 70.741 70.403 68.136 61.108 62.333 63.963 60.718 59.466 58.256 58.171 60.416 58.871 57.766 60.458 63.511 65.966 69.318 69.033 68.128 62.641 58.091
63.981 63.883 63.488 63.091 63.113 63.491 62.781 62.316 62.763 62.376 62.066 62.303 62.428 62.241 62.563 62.303 61.771 61.808 62.301 66.883 71.203 71.708 72.346 71.893 71.523 71.298 65.963 62.448 62.806 61.341 61.866 60.978 60.373 60.321 60.973 61.683 59.616 59.873 59.521 59.101 59.086 59.078 59.043 59.503 59.618 58.808 58.931 60.858 68.706 70.043 70.801 70.651 69.771 67.203 60.243 58.966 58.528 58.563 59.213 59.046 58.508 59.368 58.506 57.638 58.006 62.533 63.508 67.073 68.546 65.803 57.828 57.366
67.416 63.363 63.218 63.198 63.213 63.656 63.943 62.481 62.298 62.911 61.976 61.916 61.858 62.668 61.761 61.781 61.881 61.886 62.701 61.621 65.751 69.966 71.418 71.848 72.441 72.001 71.203 70.113 63.568 61.096 60.931 60.281 60.758 60.653 63.158 64.213 59.748 59.628 60.006 59.096 59.046 59.026 58.943 59.443 58.911 58.901 58.898 62.126 69.961 70.676 70.623 69.956 68.748 64.921 63.083 59.001 58.626 58.316 58.161 58.556 59.208 59.333 58.686 58.358 57.773 59.971 65.481 68.196 68.488 61.876 58.051 58.248
73.551 69.983 63.921 63.131 63.463 63.771 62.973 62.868 62.361 61.993 61.813 61.766 61.753 61.663 61.986 62.326 61.673 62.661 61.886 62.241 61.911 62.971 69.881 71.446 72.406 71.896 71.363 67.503 63.103 66.023 59.196 60.236 60.266 61.448 62.996 61.093 59.553 59.551 59.468 59.051 59.076 58.943 59.373 60.591 58.976 58.963 61.158 67.276 70.218 70.961 70.058 68.583 66.183 65.661 64.756 61.788 58.533 58.866 58.326 59.041 58.931 58.533 58.373 58.636 58.086 61.606 67.691 69.391 69.333 68.378 63.041 58.733
74.336 73.808 71.253 65.368 65.311 64.208 62.486 62.578 62.296 62.368 61.926 61.678 61.603 61.548 61.556 61.908 61.683 61.428 61.856 62.606 61.281 60.798 61.148 69.621 71.166 71.388 70.156 65.623 69.291 70.658 67.371 63.268 63.288 62.078 59.553 62.881 59.711 60.033 59.101 59.021 59.003 60.691 61.046 61.643 58.946 58.838 66.068 69.698 70.463 70.701 69.443 61.411 63.788 65.001 65.458 60.441 58.291 58.431 58.666 60.181 59.258 59.041 59.271 59.241 57.411 57.976 66.506 69.301 68.291 67.498 62.406 58.286
75.126 74.513 73.948 72.703 67.096 63.791 62.601 62.333 62.351 63.226 63.578 62.136 61.521 61.431 61.416 61.383 61.338 62.181 61.166 61.158 62.216 62.023 61.968 60.861 66.291 70.536 62.386 67.433 70.691 71.036 70.391 68.231 65.053 63.361 60.371 60.583 60.718 59.633 59.056 58.998 58.981 59.166 60.261 60.313 58.951 58.783 58.861 65.431 70.603 70.058 68.423 63.236 60.078 63.223 62.016 59.488 58.603 58.283 63.016 65.458 58.653 58.848 59.861 57.713 57.193 57.063 57.236 64.483 68.033 63.881 58.236 57.123
75.026 75.051 74.641 74.778 72.848 69.011 62.553 62.448 62.356 62.413 62.553 61.868 61.528 61.378 61.258 61.566 61.206 61.113 60.976 60.891 60.856 61.618 61.208 60.838 60.606 60.828 65.373 70.886 71.138 70.588 69.968 70.118 69.851 65.793 59.516 59.351 59.731 59.066 58.921 58.991 59.101 60.538 58.711 59.121 58.676 58.716 58.706 59.156 66.138 68.956 65.176 64.196 63.061 58.543 58.823 58.578 59.306 59.861 63.753 65.253 59.201 58.538 58.166 57.251 57.161 57.018 57.046 57.043 62.558 59.716 57.548 57.016
74.561 75.146 75.016 74.236 73.526 72.983 71.031 63.466 62.496 62.598 62.096 61.996 61.538 61.446 61.261 61.803 62.128 60.986 60.923 60.821 61.268 60.763 60.901 61.431 61.011 61.401 63.096 69.546 70.721 70.011 69.993 70.188 70.468 70.626 67.303 59.396 59.578 59.021 58.953 58.863 59.041 58.686 59.083 58.673 58.591 58.541 58.501 58.431 58.408 60.038 58.756 63.441 64.203 61.403 58.851 58.568 58.668 59.451 60.256 60.296 60.858 61.236 58.946 57.206 57.128 57.176 57.963 57.278 56.521 57.828 58.143 57.248
