LIDAR-DSM-2M-TQ28ne/tq2988_DSM_2M.asc
ncols 500
nrows 500
xllcorner    529000
yllcorner    188000
cellsize     2
NODATA_value -9999
[rows 448 to 479 of 500, columns 426 to 496 of 500]
57.193 57.103 57.278 57.445 57.598 57.748 59.96 65.398 67.228 67.05 64.81 60.808 59.12 58.898 59.003 59.163 59.308 59.788 60.405 61.73 60.075 60.19 60.26 60.343 60.785 65.848 63.995 62.65 62.213 61.353 61.403 61.418 61.808 61.425 61.16 61.713 62.735 62.368 62.273 62.288 62.315 62.265 62.208 62.18 62.158 62.143 62.143 62.108 62.065 62.035 62.12 62.03 61.615 61.493 62.273 62.663 65.208 66.043 65.995 67.1 62.97 69.063 62.62 63.475 61.088 58.85 58.755 58.715 58.68 58.578 58.428
57.088 57.253 57.383 57.503 57.645 59.108 64.92 67.18 68.038 67.755 66.945 62.655 59.005 59.78 62.998 63.425 61.595 62.675 62.553 63.685 61.24 60.283 60.298 60.608 64.673 64.07 67.438 65.218 61.703 61.395 61.408 61.458 61.515 61.538 61.483 61.858 62.31 62.323 62.34 62.87 63.033 62.448 62.418 62.39 62.313 62.26 62.188 62.16 62.168 62.148 62.345 62.493 62.37 61.825 61.665 62.65 67.17 67.465 72.278 63.68 65.37 68.48 62.52 61.798 59.065 58.993 58.965 58.888 58.843 58.703 58.555
57.645 57.405 57.48 57.603 58.548 64.49 67.09 67.925 68.01 67.248 65.873 58.788 58.87 59.955 61.79 64.123 64.558 65.813 65.808 65.065 65.098 61.77 60.35 60.423 64.005 64.75 63.845 64.403 61.705 61.4 61.423 61.493 61.53 61.595 61.768 62.41 62.443 62.423 62.53 67.995 67.853 65.52 62.85 62.553 62.56 62.608 62.533 62.343 62.258 62.218 62.19 62.288 62.8 62.26 62.628 64.943 66.73 65.51 64.348 62.968 63.238 61.21 64.778 62.12 59.225 59.168 59.16 59.11 58.993 58.848 58.698
57.8 58.01 57.685 58.788 64.975 67.038 67.863 68.013 67.308 65.205 59.598 58.953 59.41 59.513 61.075 65.02 64.73 67.24 68.838 68.478 65.045 64.348 60.44 60.52 61.893 62.305 63.058 63.018 63.59 61.508 61.503 61.53 61.58 61.665 62.09 62.455 62.733 63.183 64.35 70.568 70.248 69.44 68.665 65.55 62.918 62.758 62.6 63.715 64.735 63.03 62.268 62.248 62.205 62.135 64.32 68.175 67.358 66.56 69.48 64.485 62.573 63.345 69.13 59.47 59.39 59.365 59.315 59.243 59.158 58.968 58.905
57.693 57.985 58.338 63.55 66.915 67.83 68.568 67.348 66.38 59.838 58.738 59.345 59.535 59.585 59.615 66.288 65.54 64.773 64.13 62.71 61.533 60.503 60.498 61.575 63.12 61.61 61.638 62.128 62.433 61.59 61.62 61.658 61.663 61.898 62.283 62.493 63.75 66.493 68.788 70.483 71.095 71.098 70.46 69.628 68.75 65.898 64.383 65.963 65.87 65.543 65.673 64.928 62.273 62.238 64.33 66.788 64.983 67.483 72.475 64.868 68.288 68.445 62.153 59.658 59.565 59.52 59.46 59.383 59.29 59.16 59.123
57.555 57.973 64.145 66.875 67.713 68.13 67.665 66.685 60.22 58.705 59.305 59.51 59.615 59.64 59.7 61.808 66.77 65.085 64.51 60.728 60.558 60.495 61.2 62.828 62.773 61.715 61.433 62.303 64.095 62.515 61.828 61.79 61.815 62.063 62.428 62.72 66.618 66.598 69.818 69.163 69.515 70.303 70.985 71.198 70.6 69.755 68.93 67.88 66.11 66.025 68.17 67.313 63.005 62.335 64.558 64.175 64.863 66.803 68.935 67.735 68.395 66.428 63.07 59.81 59.75 59.718 59.633 59.53 59.41 59.365 59.345
57.733 62.858 66.79 67.658 68.083 67.505 66.393 61.89 58.618 59.293 59.52 60.855 60.19 59.74 59.748 60.643 64.905 65.768 65.87 61.968 60.688 60.653 61.545 63.063 62.835 61.36 61.56 61.61 63.678 62.308 61.918 61.933 61.985 62.373 62.595 63.658 66.533 71.133 73.785 72.633 71.018 69.8 69.343 70.16 71.003 71.26 70.718 69.88 68.54 66.998 68.328 66.44 62.645 62.525 64.158 63.393 62.54 64.245 67.9 68.888 65.473 69.313 63.12 60.013 59.97 59.878 59.798 59.668 59.588 59.55 59.628
60.415 66.48 67.288 67.983 67.57 66.773 61.05 58.515 59.235 59.478 61.618 61.14 60.365 59.808 61.183 61.153 63.33 64.468 63.848 62.168 63.813 63.58 61.84 62.12 61.98 61.553 61.713 65.378 67.093 64.325 61.965 61.995 62.19 62.593 62.755 66.098 66.513 74.05 76.363 75.24 74.073 72.93 71.653 69.808 69.288 70.048 70.86 71.345 75.55 71.38 67.465 64.36 62.453 62.39 62.343 62.338 65.018 61.495 61.273 60.633 61.37 66.668 60.228 60.198 60.118 60.04 59.923 59.813 59.783 59.76 59.973
58.405 62.783 66.575 67.285 66.798 62.513 58.485 59.165 59.468 59.61 59.99 59.745 63.098 63.185 61.908 62.523 62.688 62.848 61.67 63.778 66.453 62.778 63.268 62.015 61.763 63.61 61.81 64.155 65.678 62.568 62.005 62.115 62.433 62.665 63.343 66.443 69.245 74.235 75.39 76.453 76.415 75.51 74.32 73.103 71.718 70.185 70.013 74.99 86.928 88.318 78.438 63.428 62.483 62.415 62.355 68.365 68.58 65.195 61.56 61.025 60.578 60.453 60.418 60.358 60.285 60.223 60.118 60.093 60.033 60.055 61.713
57.783 58.355 61.41 66.37 63.183 58.478 59.148 59.435 59.573 59.643 59.715 62.355 61.723 61.27 62.508 62.668 62.703 64.895 62.798 64.158 68.258 66.638 66.92 63.4 65.363 67.353 66.583 65.973 65.665 63.983 62.095 63.003 62.975 62.708 65.523 66.503 69.338 71.648 72.795 74.02 75.175 76.163 76.478 75.688 74.435 73.303 72.053 78.613 89.083 91.515 75.863 65.058 63.043 63.348 68.57 71.633 69.165 73.508 64.268 63.33 60.683 60.643 60.625 60.58 60.468 60.315 60.335 60.223 60.215 60.778 64.94
60.938 58.098 58.305 60.903 58.55 59.075 59.35 59.523 59.628 59.708 59.778 60.998 62.073 63.335 62.668 62.773 61.373 62.948 65.66 65.938 65.78 64.98 65.543 64.468 68.67 64.05 68.185 67.648 65.783 64.24 66.768 62.565 62.74 62.76 62.775 67.425 70.378 69.605 69.958 71.403 72.563 73.765 74.97 76.08 76.553 75.853 74.633 75.588 79.918 82.56 67.25 67.093 66.093 70.91 71.668 71.633 74.67 75.253 72.888 62.213 60.805 60.825 60.79 60.695 60.578 60.533 60.53 60.433 60.505 61.42 64.413
64.593 61.71 59.345 58.79 60.483 60.408 59.513 59.56 59.655 59.975 60.933 61.763 62.58 62.648 62.76 61.283 60.53 62.54 63.745 65.595 66.568 64.333 64.255 65.435 64.673 69.473 65.128 66.553 68.418 64.768 68.618 63.913 62.73 62.795 62.8 68.118 70.81 71.063 70.505 69.518 69.533 70.85 72.42 73.57 74.743 75.913 76.56 74.325 73.138 72.72 69.983 67.413 72.963 74.16 75.015 76.778 75.095 74.363 72.393 63.143 60.995 61.033 60.953 60.858 60.72 60.72 60.748 60.653 60.735 61.288 62.438
66.565 65.668 62.635 59.18 59.053 60.243 60.39 59.648 61.138 62.355 62.27 62.508 62.653 62.758 61.768 60.543 60.505 60.545 61.638 62.28 64.425 64.293 64.21 62.725 66.978 65.703 64.665 68.305 65.65 65.975 68.185 63.72 64.893 64.858 63.01 66.713 68.83 69.803 70.725 71.195 70.698 69.728 69.668 70.86 72.168 73.338 73.555 74.055 74.863 74.453 72 65.08 73.445 75.125 75.91 72.633 73.455 76.895 71.518 62.625 61.165 61.16 61.068 61.008 60.92 60.958 60.92 60.855 61.06 61.513 61.883
66.98 65.948 64.793 60.988 59.423 59.44 61.17 63.728 63.055 62.635 62.495 62.665 62.77 61.835 60.52 60.548 60.578 61.345 62.96 63.293 64.42 64.285 63.65 62.22 63.543 65.443 66.288 69.69 67.8 66.483 64.778 71.548 67.613 68.4 62.99 62.923 64.325 66.713 68.423 69.623 70.555 71.118 70.793 69.978 69.72 70.848 70.44 71.498 72.668 73.83 70.053 62.795 68.288 72.298 75.21 70.985 74.335 75.223 66.043 61.39 61.4 61.318 61.193 61.108 61.15 61.123 61.195 61.08 61.143 61.623 61.843
66.068 65.15 62.348 60.975 60.528 62.65 61.023 60.74 62.57 63.435 62.698 62.635 61.59 60.498 60.53 60.57 60.655 62.11 64.418 64.643 64.36 64.29 62.398 62 62.088 64.033 67.653 67.13 66.14 63.12 73.765 73.1 68.725 65.818 67.053 63.858 62.855 62.878 63.94 66.733 68.335 69.42 70.373 71.025 70.93 68.658 70.063 69.073 69.995 71.038 66.39 65.475 71.225 73.068 72.358 73.833 74.03 73.695 65.485 61.538 61.525 61.428 61.283 61.303 61.343 61.32 61.283 61.248 61.293 61.473 61.83
65.113 61.348 60.223 59.193 61.538 63.985 62.138 62.515 62.288 62.985 62.793 61.63 60.51 60.488 60.54 60.61 61.433 61.85 65.963 65.198 64.343 63.905 62.103 62.078 62.163 62.26 62.883 63.768 63.068 66.69 64.205 68.363 71.945 75.948 75.848 69.603 63.18 62.888 62.898 63.163 63.135 65.925 68.358 69.263 70.115 69.12 69.78 67.428 64.975 65.273 63.128 63.53 68.808 72.72 71.848 69.32 69.935 66.485 62.523 61.745 61.653 61.505 61.44 61.475 61.478 61.463 61.475 61.35 61.32 61.425 61.568
60.073 61.24 59.18 59.458 60.365 63.463 64.08 65.623 63.01 62.893 61.33 60.505 60.498 60.54 60.605 60.648 61.678 61.63 64.143 64.37 64.26 62.378 62.15 62.173 62.253 62.308 62.363 62.848 68.528 67.938 67.025 67.17 63.568 65.87 71.358 75.405 64.298 63.703 63.398 63.845 69.013 64.665 64.145 65.508 70.543 70.565 67.653 65.268 63.435 63.285 62.963 62.95 63.898 66.088 65.985 62.165 62.86 61.835 61.905 61.85 61.72 61.565 61.605 61.605 61.59 61.59 61.563 61.488 61.49 61.495 61.485
59 60.03 61.453 62.098 59.563 59.828 63.718 64.553 62.973 62.475 60.54 60.525 60.508 60.573 60.938 61.078 62.208 65.023 64.485 64.328 63.285 62.173 62.193 62.243 62.413 63.51 63.33 68.58 71.173 67.133 69.023 68.82 66.248 64.073 65.54 66.745 63.855 63.855 64.715 71.02 71.155 63.955 66.315 64.94 75.025 66.813 65.805 64.525 63.013 62.993 62.948 63.073 63.448 63.405 62.978 62.185 62.068 62.013 62.018 61.948 61.8 61.895 62.563 63.038 62.9 62.135 61.558 61.56 61.613 61.623 61.598
59.19 59.433 60.313 61.025 59.583 59.615 59.845 61.225 62.403 61.573 61.35 60.543 60.553 60.698 63.3 63.163 62.83 65.14 64.535 64.323 62.625 62.218 62.263 62.33 62.39 62.453 64.705 71.28 72.85 71.918 68.745 67.348 67.113 66.935 65.595 69.028 63.86 63.953 64 64.683 67.4 69.38 64.825 67.685 75.973 67.31 69.418 69.715 62.963 62.968 62.95 63.083 63.465 62.973 62.395 62.268 62.163 62.605 62.923 63.545 64.433 66.318 67.845 64.513 63.718 66.713 64.088 61.675 63.285 61.68 61.678
65.178 62.333 59.203 60.693 60.385 61.298 60.533 60.068 61.498 70.583 72.463 61.988 61.993 64.293 66.503 67.99 65.688 64.583 64.46 63.22 62.258 62.268 62.328 62.785 63.768 62.71 68.728 71.238 71.27 69.57 67.64 67.028 72.908 69.458 71.473 64.47 63.903 63.975 64.013 64.023 66.385 68.31 64.57 64.56 69.223 67.15 70.648 68.595 69.06 65.818 63.528 63.063 69.205 62.805 62.473 62.333 62.363 65.468 68.913 70.253 69.945 70.1 66.203 65.99 64.425 66.995 66.083 61.863 62.038 61.723 61.685
69.453 67.875 64.548 59.338 60.248 61.833 60.365 60.08 60.263 64.663 69.548 61.48 64.093 68.568 68.27 70.508 67.578 64.555 64.08 62.39 62.27 62.315 62.41 62.96 63.063 65.165 71.273 71.273 71.263 71.685 71.8 70.833 70.52 73.978 70.113 66.015 63.838 63.915 63.925 64.048 64.265 71.028 71.715 67.393 68.79 70.575 73.828 72.888 65.693 68.98 64.783 66.233 66.115 62.625 62.513 62.45 62.448 67.915 74.67 73.243 70.795 69.185 66.168 68.035 67.298 65.833 66.433 63.225 63.593 62.423 61.84
68.865 62.213 64.788 60.768 60.035 60.375 60.488 61.208 60.263 60.678 62.095 61.393 62.62 64.758 69.263 68.963 67.213 64.97 63.113 62.28 62.28 62.34 62.498 63.368 63.265 68.658 71.28 71.28 71.293 71.248 71.253 71.248 71.79 72.193 72.213 67.578 64.27 63.895 63.97 64.068 67.068 73.145 73.13 73.153 70.405 71.528 74.73 69.255 67.728 66.883 75.038 71.815 65.405 62.633 62.59 62.61 62.62 67.37 67.625 73.15 71.518 73.058 68.518 66.843 65.745 67.983 64.128 63.56 63.223 64.14 63.043
66.195 62.985 68.488 63.733 61.423 60.055 61.395 61.22 60.61 60.485 60.753 61.193 61.803 66.248 68.655 68.655 64.838 63.998 62.335 62.308 62.318 62.468 63.093 62.898 63.078 63.82 65.5 66.928 69.858 71.3 71.275 71.253 72.05 72.215 72.203 73.323 70.753 67.425 64.415 64.143 70.493 73.133 73.135 73.11 73.143 70.745 73.238 73.83 64.463 69.845 79.995 71.6 71.04 62.745 62.735 62.795 64.205 68.815 72.885 65.48 67.403 69.735 68.903 69.958 64.705 63.495 63.438 63.353 63.203 63.003 62.95
66.15 71.025 70.2 66.315 62.22 60.288 60.453 60.87 61.478 61.058 60.848 61.468 61.47 64.128 68.368 69 66.008 62.998 62.32 62.305 62.343 62.495 63.16 63.27 63.133 63.785 63.293 63.318 63.84 66.183 69.635 71.443 72.215 72.218 72.2 72.448 72.605 72.233 70.708 67.418 72.34 73.165 73.148 73.153 73.148 68.168 69.183 66.8 64.32 65.093 66.508 66.89 71.795 62.9 62.898 62.935 64.138 62.975 65.148 62.84 71.405 72.523 71.498 68.65 63.585 63.448 63.29 63.135 62.995 63.773 65.58
65.033 64.578 65.073 65.353 67.168 65.168 61.518 61.05 62.05 62.365 61.538 61.273 61.53 67.748 70.338 70.455 64.84 63.073 62.615 62.365 62.408 62.483 62.553 62.655 62.898 63.403 63.238 63.315 63.4 63.473 63.843 68.855 71.723 72.058 72.238 72.213 72.203 72.24 72.553 73.248 73.458 73.19 73.165 73.155 72.053 65.623 64.755 64.635 64.46 64.215 63.843 63.25 63.833 63.013 63.053 63.08 62.995 62.958 62.973 62.985 64.97 64.825 67.778 65.15 63.583 63.31 63.073 66.488 69.36 71.558 69.998
64.95 64.865 64.913 64.98 66.93 67.16 67.578 62.288 64.35 63.828 62.783 61.823 62.54 64.775 67.488 65.543 64.005 63.675 63.29 63.305 63.063 62.803 62.725 62.748 62.878 62.965 63.115 63.733 63.575 63.538 63.64 63.84 65.508 65.525 68.82 71.41 72.223 72.238 72.975 73.503 74.448 73.175 73.153 73.165 71.453 65.105 64.905 64.82 64.56 65.1 63.858 63.353 63.163 63.158 63.213 63.173 63.06 63.078 63.138 63.135 63.135 63.28 64.798 64.973 63.705 63.52 68.678 72.473 71.405 71.375 71.473
61.403 62.268 59.963 63.193 65.498 66.735 70.618 67.075 65.918 63.45 65.243 62.603 64.308 64.298 66.27 64.535 64.55 64.53 64.998 64.39 63.78 63.608 63.528 64.878 63.605 63.305 63.165 63.385 63.608 63.59 63.78 63.913 64.035 64.118 64.138 65.163 67.7 70.03 70.315 73.183 73.26 73.145 73.15 72.995 68.688 64.9 64.908 64.815 64.585 65.055 63.633 63.418 63.295 63.315 63.353 63.258 63.198 63.225 63.273 63.29 63.303 63.333 63.838 66.26 64.008 63.645 65.18 71.3 71.385 72.108 73.513
59.458 59.863 60.128 60.715 61.973 65.753 66.463 68.403 68.743 65.675 67.668 68.14 66.418 64.91 64.94 64.58 64.638 64.66 64.843 64.895 64.59 65.758 64.435 64.583 65.328 66.213 64.283 64.068 63.505 63.608 63.853 64.528 64.62 64.218 64.293 64.348 64.328 64.748 71.963 73.173 73.163 73.163 73.19 67.498 64.915 64.93 64.933 64.78 64.69 64.373 63.573 63.448 63.423 63.458 63.43 63.725 65.63 65.86 63.465 63.4 63.425 63.44 63.528 71.428 65.83 63.798 63.593 68.618 74.088 74.095 74.05
59.795 60.113 60.433 60.865 61.375 65.035 63.738 66.245 69.128 64.655 66.583 70.153 67.133 64.378 64.545 64.598 64.655 64.665 64.683 64.725 64.78 64.8 64.813 64.663 67.595 67.92 66.258 67.863 66.108 65.548 64.328 63.978 64.238 64.248 64.313 64.73 66.2 68.42 73.17 73.185 73.153 73.163 73.123 65.455 64.885 64.893 64.9 64.793 64.798 63.798 63.655 63.525 63.565 63.61 63.943 64.455 67.18 67.598 66.708 64.715 63.48 63.498 65.373 67.65 65.433 64.228 63.935 64.81 73.315 74.128 74.113
60.1 60.413 60.893 61.29 61.74 63.458 64.838 63.568 65.578 66.805 64.495 66.168 65.48 64.553 64.57 64.61 64.635 64.678 64.703 64.753 64.76 64.805 64.78 64.755 64.895 67.378 67.89 68.353 67.863 69.613 68.595 66.448 64.443 64.378 65.095 65.56 65.335 69.16 72.553 73.12 73.163 73.168 70.288 64.9 64.963 64.95 64.898 64.425 64.28 63.875 63.735 63.655 63.708 63.69 63.64 67.748 70.135 67.748 67.37 66.54 63.84 65.745 66.183 69.4 68.293 65.298 64.16 64.388 69.225 74.168 74.153
60.358 60.783 61.275 61.768 61.968 62.095 62.15 62.195 63.255 64.565 63.613 64.583 65.42 64.608 64.578 64.623 64.663 64.698 64.733 64.725 64.778 64.83 64.833 64.833 65.37 68.375 71.418 67.41 70.775 69.548 71.175 70.758 68.2 66.095 66.143 68.668 66.305 66.758 66.598 70.593 73.143 72.9 67.408 64.943 64.993 65.008 64.89 64.878 64.028 63.955 63.83 63.833 63.835 63.745 63.628 66.275 66.673 69.128 70.843 68.65 63.875 64.548 68.22 69.213 66.578 67.53 65.295 64.235 67.635 73.665 74.13
60.763 61.205 61.76 61.988 62.1 62.205 62.283 62.348 63.92 64.983 63.195 63.838 65.01 64.545 64.603 64.62 64.675 64.698 64.733 64.788 64.808 64.99 65.243 65.045 66.733 67.385 67.108 67.578 68.163 68.89 70.408 70.84 69.398 69.05 70.52 70.945 68.835 68.43 65.93 64.895 65.765 68.73 64.895 64.955 65.01 65.025 64.895 64.265 64.113 63.96 63.93 64.005 63.94 63.763 63.75 63.943 64.838 67.17 67.698 67.21 64.7 64.003 63.978 66.135 66.02 66.255 64.98 65.055 65.505 72.153 74.145
