LIDAR-DSM-2M-TQ28ne/tq2985_DSM_2M.asc
ncols 500
nrows 500
xllcorner    529000
yllcorner    185000
cellsize     2
NODATA_value -9999
[rows 256 to 287 of 500, columns 213 to 283 of 500]
60.589 54.466 54.609 63.114 64.134 56.736 52.564 52.439 52.599 53.711 52.769 52.434 51.506 51.496 51.456 51.469 51.446 51.681 52.256 51.484 51.461 51.464 51.374 51.289 51.439 51.784 51.379 54.209 51.069 56.174 49.959 49.594 49.401 50.286 49.036 54.059 63.471 63.939 64.574 65.204 65.159 64.429 63.759 56.421 49.169 49.716 49.251 49.101 49.149 49.234 49.254 49.376 49.461 49.739 49.451 49.364 49.271 48.994 48.781 48.839 48.766 48.761 48.776 48.821 48.814 49.129 49.599 49.736 49.794 49.736 49.699
53.969 55.334 62.691 65.034 65.004 63.281 55.546 52.896 53.286 52.509 53.291 52.716 52.506 51.754 51.441 51.481 51.451 51.459 52.096 51.736 51.461 51.504 51.424 51.636 51.649 54.259 56.814 55.924 55.214 51.689 51.134 49.691 49.601 50.949 63.991 64.241 64.411 64.856 65.251 64.904 64.081 61.981 52.419 49.191 49.564 49.184 49.909 49.389 49.349 49.916 49.431 49.479 50.949 51.976 49.786 49.464 49.329 48.904 48.844 48.836 48.809 48.811 48.941 48.866 48.841 49.436 49.841 51.921 51.936 50.029 49.866
56.734 64.524 65.126 65.744 65.571 64.861 61.934 56.044 52.786 51.941 52.101 52.564 52.316 53.354 51.466 51.449 51.479 51.454 51.496 51.769 52.081 51.809 51.491 51.436 53.849 55.121 57.824 58.001 52.844 53.886 52.996 50.646 53.291 66.566 66.786 65.504 65.189 65.114 64.469 63.699 58.659 51.291 49.431 49.149 49.186 49.224 51.161 49.861 49.609 49.626 49.589 49.654 50.401 52.616 50.659 49.524 49.264 48.901 48.894 48.876 48.881 49.029 48.926 49.249 49.094 49.726 51.164 53.396 53.294 52.186 51.019
54.201 64.224 65.054 65.731 66.054 66.169 64.786 62.041 53.219 51.996 52.249 54.706 57.649 57.234 53.751 51.434 51.476 51.501 51.546 51.464 52.159 51.686 51.459 52.019 56.369 57.296 57.901 55.969 51.461 52.386 52.021 56.694 66.669 67.394 67.456 66.694 65.119 64.161 62.329 51.649 50.001 49.331 49.176 50.244 49.261 50.599 51.059 50.636 49.744 49.814 49.786 49.924 50.084 51.786 51.641 49.646 49.429 49.054 49.031 49.019 48.946 48.914 49.131 49.056 49.309 50.064 52.574 52.869 54.339 52.399 50.811
52.376 54.679 64.346 65.364 66.526 66.001 65.331 64.649 60.204 53.346 52.586 54.926 57.581 57.816 53.086 51.466 51.426 51.476 51.456 51.484 51.469 51.384 51.449 52.624 54.246 55.846 56.136 53.009 51.436 51.351 54.884 62.494 67.214 67.954 67.984 67.156 65.981 60.076 50.229 49.179 49.244 49.204 49.304 49.591 49.936 51.031 50.624 51.126 49.829 49.929 49.929 49.984 50.184 52.839 52.134 49.736 49.776 49.631 49.674 49.616 49.154 48.921 48.976 48.949 49.694 50.196 50.731 51.969 52.986 53.156 51.234
52.369 52.416 55.431 65.131 65.234 65.861 65.664 65.049 64.421 57.471 52.684 52.311 53.854 56.061 53.031 51.671 51.446 51.426 51.529 51.496 51.481 51.474 51.404 51.459 51.831 53.649 54.361 52.034 51.819 51.426 59.249 66.999 68.379 68.304 67.721 66.924 65.346 54.114 49.276 49.321 49.254 49.331 49.434 50.519 50.841 50.391 49.701 49.636 49.611 49.621 49.706 49.919 50.106 55.206 52.519 52.574 50.004 49.999 50.016 49.969 49.749 49.446 49.314 49.211 50.034 50.451 50.956 52.171 51.911 50.791 50.294
52.449 53.314 53.529 60.671 64.621 65.256 65.099 64.524 59.829 52.881 52.449 51.979 51.941 52.566 52.321 52.274 51.596 51.431 51.436 51.511 51.531 51.566 51.499 51.496 52.239 52.456 53.876 52.844 51.601 51.496 52.461 61.654 67.521 67.854 68.389 67.581 66.744 63.379 52.226 49.459 49.359 49.446 50.719 52.636 51.426 50.094 50.069 50.066 50.009 49.896 49.771 49.824 50.409 50.574 51.709 52.496 50.111 50.369 50.111 50.161 50.094 50.051 49.966 50.029 50.451 50.654 51.251 51.411 50.376 50.356 50.389
53.141 52.786 52.271 53.591 61.134 64.686 64.404 58.626 53.116 52.859 52.271 52.484 53.049 52.864 54.334 53.774 51.789 51.536 51.446 51.494 51.496 51.541 51.559 51.589 51.549 51.504 52.626 53.724 51.929 51.564 51.471 55.599 65.811 67.109 68.094 69.059 67.689 66.704 62.879 51.726 49.509 49.476 49.609 49.794 50.356 50.146 50.201 50.291 50.336 50.324 50.244 50.311 50.554 51.079 50.199 49.971 53.094 53.006 53.144 50.409 50.254 50.281 50.294 50.709 50.864 51.311 50.974 50.456 50.421 50.454 50.446
52.634 52.486 52.349 52.191 54.679 62.651 58.744 52.486 54.141 57.036 54.021 52.651 53.216 53.004 52.891 53.171 52.099 52.649 51.571 52.349 51.906 51.501 51.579 51.579 51.614 51.579 51.681 53.724 53.689 52.439 51.566 51.506 52.984 61.864 67.291 68.001 68.201 67.544 66.659 63.926 53.594 49.514 49.586 49.739 50.199 50.321 50.229 50.341 50.429 50.511 50.524 50.549 51.021 50.499 50.496 51.634 52.756 53.859 50.889 50.621 51.059 51.056 50.681 50.574 50.741 50.919 50.596 50.559 51.769 50.961 56.549
52.524 52.681 52.344 52.359 52.191 54.269 53.731 56.394 63.066 62.914 55.506 52.479 53.406 52.711 52.751 52.981 52.686 52.649 52.094 51.709 52.246 51.571 51.571 51.601 51.606 51.656 51.616 51.964 52.824 53.004 52.316 51.661 51.834 55.211 66.001 67.096 67.964 68.214 67.979 66.659 63.039 51.754 49.249 49.751 49.911 50.039 50.216 50.379 50.479 50.596 51.859 51.459 51.234 50.961 50.641 50.674 51.816 53.349 51.864 50.879 52.281 54.301 50.931 50.709 50.714 50.661 51.006 52.366 51.309 55.659 64.229
52.356 52.309 52.351 53.344 55.371 53.731 56.566 62.814 63.559 62.656 57.514 53.661 54.959 56.204 53.059 53.311 52.319 52.686 53.306 52.216 51.589 52.551 52.206 51.591 51.629 51.609 51.659 51.649 51.656 52.424 52.249 53.096 52.069 51.631 56.216 61.184 67.159 68.034 68.199 67.414 66.626 61.791 51.339 49.954 50.054 50.096 50.221 50.371 50.541 51.681 51.191 53.734 52.824 51.111 50.791 50.889 51.776 52.366 51.216 51.071 52.074 52.571 51.311 50.826 50.774 50.946 52.139 52.306 61.374 65.079 66.319
52.464 52.366 53.209 54.716 53.424 58.639 63.034 63.591 63.626 61.386 55.096 55.226 57.866 59.944 59.111 52.724 52.516 52.586 52.946 52.999 51.794 52.099 53.309 51.711 51.621 51.654 51.659 51.726 51.681 51.661 51.719 55.266 51.926 51.574 51.506 52.986 63.726 67.194 68.021 67.889 67.366 66.611 60.631 50.099 50.294 50.214 50.319 50.406 50.606 50.831 51.744 52.189 51.816 51.189 50.954 51.104 51.216 51.279 51.249 51.176 51.149 51.301 50.936 50.979 51.829 51.289 50.894 62.961 65.864 66.581 66.714
52.859 53.169 53.646 53.184 55.241 63.104 63.559 63.144 65.514 61.266 52.829 57.776 59.904 61.111 61.844 59.584 54.299 52.674 52.354 52.306 52.581 51.711 51.641 51.679 51.744 51.646 51.679 51.664 51.674 51.989 52.421 52.269 52.556 51.609 51.689 53.459 53.566 64.786 67.234 67.751 67.819 66.919 63.286 51.214 50.604 50.714 50.556 50.521 50.756 51.604 52.679 51.501 51.484 51.136 51.121 51.264 51.349 51.371 51.314 51.256 51.159 51.091 51.031 51.266 52.719 51.506 50.964 59.311 66.376 66.394 65.874
54.349 53.606 52.714 52.464 53.949 57.609 63.259 63.119 62.246 56.636 57.314 59.946 59.731 61.769 60.874 59.781 57.529 52.966 52.324 52.126 52.099 52.724 51.781 51.839 52.631 51.659 51.686 51.691 51.669 52.761 52.239 51.719 51.886 52.724 52.461 52.466 51.726 53.571 64.519 66.601 66.856 61.499 53.351 52.226 50.811 50.804 50.674 50.694 50.799 52.054 52.629 52.251 51.644 51.311 51.351 51.426 51.554 51.461 51.374 51.296 51.254 51.279 51.279 55.526 62.051 56.766 51.901 54.031 63.439 65.964 65.559
58.451 54.216 52.411 52.201 52.996 52.639 59.899 60.999 55.294 55.736 57.159 60.971 61.844 60.806 59.591 60.159 59.771 58.576 52.939 52.136 52.069 52.599 52.299 51.684 52.114 51.709 51.669 51.699 51.751 51.744 52.104 52.099 51.759 52.274 53.381 52.024 51.771 51.686 51.916 60.276 62.049 53.324 52.149 52.361 51.046 50.731 50.719 51.036 50.916 51.576 51.161 51.351 51.411 51.376 51.494 51.564 51.561 51.499 51.406 51.359 51.606 51.941 57.561 63.031 66.926 61.751 53.406 52.961 53.471 64.286 61.971
54.481 54.169 53.554 52.429 53.114 52.174 53.526 54.471 52.486 53.986 55.124 58.776 59.586 59.766 59.836 59.849 61.086 61.929 57.956 52.371 52.606 52.291 52.101 52.264 51.694 51.951 52.339 51.706 51.711 51.724 51.871 52.689 51.926 51.756 52.334 53.164 52.066 51.791 51.724 51.754 51.904 51.914 53.019 51.916 51.631 51.534 50.949 50.874 50.989 51.204 51.276 51.376 51.441 51.511 51.551 51.619 51.566 51.536 51.491 51.686 52.451 54.066 64.704 67.344 67.629 67.819 59.109 52.534 51.371 52.276 51.786
52.224 52.374 54.374 53.774 52.959 55.624 54.611 52.664 52.344 52.279 52.366 52.406 53.556 58.461 59.991 61.149 61.879 61.014 59.784 55.054 52.319 52.134 52.099 52.866 52.531 51.699 52.266 51.861 51.729 51.734 51.761 51.791 52.034 52.029 51.789 52.451 56.216 54.646 53.851 52.344 51.786 53.026 54.266 53.166 51.939 51.816 54.479 60.626 53.916 51.609 51.901 52.021 51.646 51.631 51.686 51.691 51.676 51.661 52.546 53.511 61.361 64.586 67.514 68.131 68.006 68.129 66.146 55.596 51.719 51.671 51.401
56.386 56.639 56.099 57.619 55.621 55.571 53.766 52.316 52.311 52.289 52.389 53.381 53.891 54.579 60.991 61.926 60.916 59.736 59.266 59.731 56.356 52.366 52.189 52.219 53.601 53.044 51.756 52.001 52.454 51.716 51.761 51.801 51.776 52.391 51.856 51.829 53.264 54.156 55.286 53.619 51.811 53.574 54.044 53.734 51.921 55.204 66.261 67.129 65.911 58.574 56.434 61.094 58.554 52.326 51.779 51.789 51.811 51.949 52.279 57.929 67.016 67.714 68.274 67.769 67.159 67.026 65.616 54.721 51.606 51.746 51.536
59.324 53.211 56.834 55.249 56.971 55.849 52.981 52.299 52.236 52.239 53.049 55.379 53.721 53.316 59.359 60.736 59.694 59.739 59.849 60.936 61.704 56.606 52.794 53.229 54.306 53.049 52.431 51.761 52.289 51.691 51.756 51.809 51.816 51.814 52.219 53.821 53.111 54.529 58.669 54.879 52.169 51.956 51.934 51.914 52.069 63.609 67.466 67.919 67.286 65.844 65.014 69.331 65.199 53.939 51.906 51.886 51.886 52.281 60.454 67.201 68.056 68.236 67.649 66.891 65.906 64.141 57.229 51.679 51.639 52.766 51.904
60.724 56.954 58.286 53.294 57.896 56.879 54.971 52.776 52.361 52.696 54.846 53.354 52.299 52.269 56.141 57.076 58.781 59.856 61.049 61.816 61.099 59.866 56.436 53.729 53.019 52.356 52.644 52.606 51.784 52.146 52.486 51.786 51.859 51.844 51.829 55.994 57.186 54.874 52.774 53.306 51.924 51.884 51.886 51.874 51.931 63.279 67.014 68.186 67.994 67.471 66.581 63.866 53.076 51.956 51.906 53.034 56.149 63.031 67.361 68.049 68.036 67.426 66.706 61.694 57.879 57.479 52.404 51.784 52.979 52.264 52.061
54.601 57.466 56.396 57.819 62.289 56.839 54.086 53.649 53.371 52.989 52.486 52.249 52.244 52.291 52.669 52.899 57.184 60.981 61.789 60.994 59.851 59.254 59.616 55.934 52.729 52.166 52.364 53.714 52.846 51.826 52.344 51.764 51.839 51.891 51.899 51.876 54.234 54.131 51.881 51.929 51.946 53.521 53.324 51.901 51.899 56.031 66.046 67.576 68.554 68.329 67.419 66.364 65.206 65.304 65.504 65.046 66.884 67.569 68.136 67.916 67.171 65.931 56.234 52.494 51.861 51.786 51.926 52.916 51.909 51.914 52.211
54.084 54.499 56.044 56.866 58.089 59.756 60.556 53.509 55.214 52.941 52.284 52.254 52.329 52.651 52.531 52.314 57.379 59.861 60.916 59.999 59.639 59.661 60.854 61.911 54.146 52.469 53.504 52.384 52.501 51.959 51.836 51.746 51.809 51.829 51.911 51.926 53.166 52.991 52.094 51.906 51.941 55.351 53.089 51.911 51.944 51.959 55.331 66.229 67.944 68.509 68.654 67.714 67.676 67.684 67.644 67.591 67.799 68.854 68.401 67.461 66.649 61.386 52.781 52.069 51.989 51.909 52.104 51.934 52.461 52.349 51.751
56.089 58.839 61.616 54.716 60.229 62.311 62.591 54.671 55.014 52.986 52.416 52.596 53.254 52.909 52.414 52.306 52.474 53.711 55.311 59.074 60.684 60.941 61.926 60.814 58.951 53.931 52.981 52.246 52.049 52.166 52.149 51.826 51.749 51.819 51.886 51.899 51.944 51.919 52.374 52.406 51.919 53.421 52.721 52.201 52.006 51.974 51.994 60.374 66.061 67.519 68.299 68.426 68.446 68.459 68.474 68.509 68.484 68.474 68.334 66.361 62.491 52.836 51.924 52.024 52.096 51.906 52.149 52.261 52.084 51.829 51.839
52.814 55.389 59.531 60.759 63.046 62.319 60.399 59.024 53.994 53.161 52.826 53.986 52.751 52.474 52.689 52.324 52.301 52.641 52.911 56.781 61.001 61.866 61.116 59.894 60.006 58.519 54.204 52.936 52.251 52.249 52.394 51.931 51.831 51.761 51.836 51.889 51.926 51.959 51.949 52.034 52.244 52.029 51.966 52.666 55.551 51.986 52.091 54.064 61.566 66.316 67.396 67.426 67.469 68.464 67.596 67.589 67.566 67.139 66.034 58.426 52.189 53.439 52.976 52.886 52.216 51.984 52.624 51.989 51.869 51.899 51.911
52.744 52.731 58.911 63.219 63.901 62.601 58.684 57.469 52.684 52.511 52.969 54.314 52.546 52.334 52.344 52.331 53.416 53.971 52.664 54.961 60.036 60.756 60.011 59.601 59.619 60.754 61.086 55.439 53.041 52.579 51.979 51.949 52.061 51.866 51.796 51.831 51.894 51.974 51.986 51.956 52.439 52.676 52.001 52.131 53.131 52.159 52.171 52.126 53.586 59.904 62.971 63.246 65.184 65.351 65.304 64.561 63.306 62.709 55.774 53.171 53.624 56.931 56.796 53.271 52.421 52.209 51.969 51.919 51.919 51.884 51.864
54.334 53.301 54.916 61.841 59.366 55.166 59.211 53.344 52.551 52.481 52.641 54.101 53.289 54.351 55.489 54.024 54.499 54.166 52.529 52.811 58.136 57.791 58.949 59.624 60.869 61.701 61.271 59.936 53.894 52.764 52.039 52.226 52.439 51.944 51.856 51.801 51.839 51.949 51.979 52.016 51.976 51.999 52.009 52.036 52.649 53.821 52.491 52.101 52.081 52.074 52.066 52.046 53.449 53.649 53.884 53.579 51.839 51.881 51.934 53.601 53.789 55.486 54.679 55.189 52.859 51.946 51.969 51.984 51.939 51.916 52.624
55.691 56.986 56.009 55.276 56.824 52.731 52.369 52.376 52.404 53.369 53.204 52.624 54.884 61.379 60.409 55.489 54.856 53.784 52.419 52.444 53.889 52.534 58.134 60.879 61.789 61.241 59.994 58.696 53.351 52.104 52.379 52.766 53.296 52.386 51.966 51.904 51.839 51.916 51.979 52.014 52.059 52.071 52.034 52.004 52.096 53.949 56.201 53.731 55.669 53.286 52.066 52.031 52.016 52.006 52.004 51.974 51.941 52.021 52.581 56.629 52.839 52.664 53.441 52.299 52.049 52.041 52.064 51.969 52.629 52.254 52.016
55.661 55.891 55.049 56.746 52.694 52.361 52.339 52.366 52.399 55.259 55.146 53.671 53.996 60.134 60.199 55.084 55.259 53.301 52.469 53.809 53.901 52.694 58.686 60.819 61.149 60.024 58.706 53.591 52.226 52.834 54.739 52.576 52.429 52.126 52.099 52.034 51.941 51.859 51.941 52.016 52.046 52.079 52.106 52.079 52.051 52.126 54.789 54.624 53.116 52.141 52.034 52.004 51.994 52.024 52.004 53.316 52.036 53.281 57.129 53.549 56.054 52.336 52.211 52.101 52.109 52.074 52.019 52.834 53.716 52.269 52.036
56.009 55.569 54.166 54.699 57.641 53.636 53.851 52.341 52.491 54.366 55.394 55.311 53.436 53.974 55.251 52.749 54.249 52.724 53.031 53.444 56.719 52.719 54.229 55.684 58.396 58.754 54.086 52.376 53.149 57.861 60.079 56.719 52.389 52.264 52.289 52.171 52.031 51.996 51.951 51.956 52.016 52.064 52.136 52.154 52.136 57.009 55.334 54.179 54.389 52.469 52.936 52.114 52.084 52.536 54.806 52.096 54.411 53.104 54.094 56.154 56.394 52.126 52.159 52.156 52.121 52.111 52.616 52.236 52.094 52.076 52.131
56.264 54.666 55.581 55.509 55.631 54.129 52.699 53.879 55.176 55.679 56.299 56.359 55.721 53.009 53.214 57.159 55.541 54.874 53.631 52.714 52.794 52.744 52.886 52.359 53.731 53.471 52.526 53.091 56.884 60.059 61.316 61.976 57.274 52.514 52.316 52.166 52.136 53.194 52.254 51.976 51.926 51.981 52.094 52.126 52.141 52.149 52.249 53.754 52.236 52.261 54.576 53.561 52.299 52.676 53.559 52.739 52.769 52.149 52.109 52.921 52.219 52.189 52.184 52.136 52.096 52.529 52.416 52.061 52.076 52.046 52.081
52.691 52.221 52.451 59.016 55.929 54.981 54.249 55.154 55.569 56.109 56.124 56.171 56.269 54.114 56.249 58.369 55.456 54.789 53.161 52.734 52.739 52.731 53.049 54.449 53.106 52.516 53.129 57.854 60.031 60.794 59.676 60.876 59.696 56.124 52.346 52.254 52.364 52.681 53.599 52.506 52.029 51.966 52.021 52.101 52.169 52.191 52.174 52.189 52.201 52.261 54.776 54.511 55.661 54.481 57.046 52.261 52.186 52.121 52.209 52.294 52.301 52.214 52.181 52.356 52.049 52.069 52.129 52.134 52.096 52.096 52.091
52.654 52.886 53.526 53.981 52.634 53.444 54.951 55.449 55.979 56.209 56.391 56.341 56.254 55.279 54.784 57.284 54.711 57.291 54.939 53.106 52.716 52.766 54.801 53.414 52.604 53.349 55.121 56.689 61.286 61.891 59.931 59.039 60.019 60.176 57.164 53.626 52.281 52.829 53.706 54.024 52.586 52.056 51.976 52.044 52.126 52.196 52.234 52.249 52.201 52.216 52.309 52.494 54.691 55.456 55.979 52.444 52.279 52.301 52.356 52.314 52.326 52.204 53.611 53.931 52.089 52.601 52.341 52.254 52.116 52.081 52.109
