LIDAR-DSM-2M-TQ28ne/tq2985_DSM_2M.asc
ncols 500
nrows 500
xllcorner    529000
yllcorner    185000
cellsize     2
NODATA_value -9999
[rows 96 to 127 of 500, columns 213 to 283 of 500]
47.844 46.359 43.759 40.551 39.351 40.846 37.181 37.764 37.876 37.539 37.246 37.641 37.901 37.364 38.316 40.346 37.466 37.251 37.059 36.494 36.301 36.344 36.921 37.184 37.921 38.966 41.094 42.016 43.484 45.569 45.821 48.059 48.366 47.879 47.159 40.806 37.319 36.864 36.764 37.151 36.549 36.976 36.699 36.564 36.594 36.609 37.874 39.699 36.954 37.889 36.676 36.631 38.956 46.156 47.834 48.704 48.306 47.431 41.514 39.854 41.686 41.799 41.561 37.609 35.596 35.694 36.369 35.806 35.706 36.196 38.026
48.546 47.431 42.636 38.909 43.506 43.676 40.711 38.554 37.594 37.081 37.139 37.731 38.051 39.199 37.319 37.699 37.266 37.166 36.521 36.389 36.341 37.211 36.479 36.026 37.861 39.024 39.164 41.771 40.641 37.376 41.411 47.026 47.786 48.279 47.836 46.986 40.234 37.164 37.936 37.636 36.989 36.584 37.146 36.736 36.579 36.611 36.759 37.219 37.591 36.614 37.701 37.206 37.474 40.224 46.731 48.019 49.576 48.184 46.946 44.106 43.339 42.014 41.599 38.386 36.311 36.471 36.141 35.836 37.034 36.961 36.211
47.644 44.831 41.439 46.764 43.519 40.296 38.746 37.706 37.044 37.139 37.811 37.824 37.359 38.281 38.681 38.016 37.346 36.659 36.454 36.616 37.561 36.526 36.251 36.219 37.021 38.106 38.624 37.699 36.586 36.836 40.694 44.261 47.246 47.984 48.299 47.594 46.421 39.681 37.099 36.789 37.424 36.774 36.716 37.314 36.716 36.601 36.621 36.749 37.349 36.519 36.626 37.236 36.911 36.916 40.701 47.259 48.104 48.741 47.914 46.581 45.349 42.666 38.516 36.949 37.516 38.174 35.964 36.971 37.549 35.944 35.606
43.219 41.281 47.006 47.974 46.109 38.869 37.144 41.121 42.384 37.904 37.361 37.286 37.756 37.871 37.781 37.969 37.156 36.686 36.899 37.489 37.019 36.531 36.456 37.149 36.296 36.416 36.786 36.824 37.036 39.904 41.301 42.344 45.406 47.311 48.046 48.404 47.956 45.931 39.566 36.811 37.541 37.214 36.584 36.719 36.871 36.574 36.614 36.654 36.769 36.889 36.604 36.939 37.344 37.566 36.836 44.726 47.436 48.456 48.806 47.786 46.769 41.776 37.826 37.426 39.269 39.894 38.176 36.919 36.179 35.786 35.674
41.359 46.664 48.639 48.921 48.096 46.899 42.934 44.631 44.776 41.404 37.386 37.261 37.916 37.524 37.176 37.786 37.586 37.556 38.071 37.034 37.511 36.691 36.739 36.334 36.239 36.406 37.354 36.676 38.636 40.659 41.599 41.481 42.601 45.941 47.499 48.936 48.459 47.536 45.131 37.581 36.911 36.881 37.031 37.066 37.769 36.789 36.599 36.691 36.654 36.824 37.196 36.556 37.371 37.941 38.641 36.941 44.329 47.654 48.551 48.424 47.609 45.486 38.301 40.971 41.439 41.614 39.356 37.169 36.046 36.029 38.439
39.996 46.224 47.719 49.516 49.356 49.171 48.346 45.394 43.579 43.384 38.976 37.669 37.156 37.131 37.179 38.069 37.244 38.496 37.441 36.999 36.921 36.871 36.424 36.321 36.429 37.336 36.386 36.746 38.694 38.889 40.681 41.089 39.934 40.751 44.671 47.699 48.571 48.396 47.551 42.521 36.844 36.996 37.441 36.944 36.531 37.271 36.816 36.639 36.681 36.644 36.839 36.951 36.654 37.404 37.161 36.846 36.986 46.246 47.806 49.031 48.991 47.529 44.806 41.441 41.526 41.621 41.234 38.294 37.159 36.871 37.086
38.514 39.414 45.286 47.761 48.789 49.214 48.344 47.679 44.789 38.994 39.529 37.404 36.756 37.119 38.939 37.194 36.941 39.044 38.131 37.534 36.874 36.659 36.551 36.724 37.041 36.464 36.261 36.689 38.401 38.669 38.561 37.484 37.474 39.574 43.349 46.884 47.966 48.806 48.109 46.836 41.871 37.331 36.751 36.751 36.856 36.724 36.739 36.601 36.684 36.679 36.646 37.454 36.871 36.741 36.681 36.719 36.754 39.631 46.756 48.199 48.604 48.224 47.389 43.611 41.811 41.219 38.464 38.634 35.976 36.376 35.926
38.916 38.431 39.109 45.624 47.854 48.944 49.231 49.146 47.056 40.909 38.764 41.534 37.489 39.589 40.246 37.254 38.279 38.396 37.629 37.836 36.996 37.036 37.831 38.206 36.664 36.414 37.346 36.926 36.416 37.939 36.944 37.884 39.614 40.776 41.829 45.099 47.236 48.096 48.721 48.221 46.566 41.579 36.746 36.826 37.151 36.601 36.551 36.549 36.636 36.681 36.719 36.749 36.574 36.564 36.791 37.326 36.971 37.906 40.896 45.631 48.051 48.776 48.631 48.336 42.321 38.444 37.784 36.681 38.981 38.304 37.441
38.571 38.486 37.926 39.916 45.784 47.806 48.876 49.374 48.146 46.241 42.514 42.331 39.366 37.861 36.986 37.631 38.881 37.181 37.154 37.536 38.669 41.761 40.979 38.856 36.956 37.214 37.074 36.371 36.296 36.349 37.896 36.221 40.141 41.836 42.951 44.441 45.204 47.291 49.036 49.006 47.814 46.296 39.056 37.144 36.696 36.909 36.579 37.816 38.921 37.304 36.724 36.734 36.691 37.914 36.851 37.726 39.249 38.064 38.536 42.236 47.364 48.306 48.996 48.894 45.871 37.834 37.329 40.864 41.579 40.404 36.754
38.714 38.596 38.701 39.259 39.706 45.944 47.886 49.154 48.921 47.766 46.834 43.654 39.136 40.974 37.994 38.691 37.431 37.464 37.249 37.329 37.771 39.169 39.119 38.644 37.989 37.639 36.461 36.359 36.819 36.846 38.189 36.676 37.289 41.849 42.381 42.459 39.821 42.979 47.449 48.439 48.531 47.699 42.731 38.349 37.686 36.969 37.409 37.301 39.259 38.081 36.724 36.816 36.776 37.041 37.469 37.761 37.609 37.321 36.876 39.129 42.599 47.536 48.501 49.181 47.951 44.779 41.779 41.539 42.384 41.039 37.869
38.671 39.486 38.786 38.639 38.326 39.714 46.426 47.829 48.834 48.814 47.919 46.414 42.669 41.739 38.796 37.364 37.554 37.261 37.469 37.229 38.226 39.141 40.591 38.024 37.371 37.171 36.439 36.736 37.076 36.584 37.741 37.121 37.264 38.169 40.779 38.904 37.076 38.556 45.671 47.731 48.774 48.411 47.469 44.591 38.454 38.179 37.981 38.244 37.274 36.799 36.719 36.801 36.824 36.794 37.636 37.244 36.704 37.149 37.386 36.859 39.949 44.966 47.956 49.114 48.539 47.624 45.664 42.309 41.599 40.426 36.109
38.566 38.774 38.819 38.539 38.691 38.126 40.584 46.541 47.914 48.994 48.926 47.876 46.014 41.604 37.196 37.334 40.864 38.021 37.316 37.166 37.191 37.526 41.041 37.916 37.466 36.789 36.879 36.719 36.886 37.321 37.696 38.251 37.204 37.136 37.094 37.911 37.904 40.316 43.001 47.069 47.969 48.726 48.206 47.406 43.639 38.326 38.209 37.149 36.869 36.666 37.734 36.906 36.841 36.804 36.811 37.111 36.809 36.716 37.889 37.541 37.901 40.951 46.626 47.884 48.736 48.476 47.519 44.306 39.969 36.709 36.334
38.656 38.619 38.741 39.549 38.446 38.549 37.909 41.701 46.856 47.944 48.734 47.576 41.376 41.634 38.614 41.119 42.126 40.994 37.951 37.124 37.561 39.054 39.481 39.214 37.889 37.621 36.884 36.859 36.976 38.524 36.689 37.371 37.606 38.336 37.431 39.026 41.639 41.949 43.331 45.071 47.164 48.134 49.369 48.146 47.171 40.449 37.584 37.461 38.924 38.089 39.581 36.911 36.771 36.809 36.839 36.771 36.881 37.611 37.376 38.539 37.409 37.349 41.374 46.561 48.176 48.774 48.239 47.349 40.579 36.576 37.676
39.109 38.686 38.676 38.684 38.799 38.689 38.754 39.229 40.801 46.934 47.449 43.326 42.709 47.416 45.151 42.741 42.559 42.094 39.821 37.304 38.099 37.486 39.284 38.021 38.701 37.589 37.269 37.951 37.869 36.779 36.619 38.284 39.474 37.531 37.764 39.524 41.771 41.911 43.329 41.641 40.651 47.529 48.051 48.614 47.899 46.789 39.894 37.676 37.119 38.894 37.734 36.644 37.249 36.804 36.844 36.849 36.906 38.651 37.416 36.876 36.969 36.994 37.389 43.501 47.141 48.194 48.824 48.654 47.184 41.064 42.081
39.159 39.136 38.706 38.661 38.884 39.376 38.646 38.989 39.231 41.084 40.784 42.686 47.721 48.321 47.531 46.436 43.081 40.174 37.594 37.354 37.289 37.739 38.609 37.851 37.761 40.161 37.631 38.166 37.151 36.999 37.816 37.284 36.704 36.764 39.306 39.671 39.606 41.364 39.501 37.489 38.756 45.019 47.539 48.516 48.756 47.784 46.126 40.621 38.339 37.971 38.029 36.741 37.364 37.136 36.809 36.841 36.851 37.791 37.951 36.896 37.351 37.891 38.389 39.071 43.706 47.574 49.526 49.276 48.214 46.501 42.869
38.656 38.604 38.654 38.774 38.706 38.784 38.719 38.669 38.754 38.916 37.719 47.041 48.101 49.074 48.706 47.559 45.029 37.864 37.674 38.751 40.429 39.884 38.084 37.331 37.414 38.666 42.474 39.431 38.136 38.699 38.874 36.934 36.644 36.699 37.659 39.131 39.151 37.554 36.846 37.401 38.414 42.346 45.936 47.964 48.656 48.586 47.566 44.694 38.636 36.916 36.981 37.121 36.731 37.149 37.126 36.844 36.876 36.846 37.274 37.454 36.794 37.636 36.916 37.769 40.031 44.396 48.004 48.676 48.189 48.156 46.386
38.924 38.674 38.581 38.651 38.799 38.729 38.851 39.199 39.111 38.644 38.034 41.659 46.724 48.254 49.066 48.611 47.576 43.866 39.304 42.106 44.346 45.101 38.674 37.254 38.231 39.919 41.264 42.809 41.394 38.011 37.019 36.701 36.699 37.669 37.324 37.066 37.321 37.086 38.179 38.404 41.754 42.334 43.984 46.419 47.936 48.976 48.701 47.344 43.074 36.991 37.161 37.526 37.329 36.784 37.489 36.886 36.886 36.909 36.851 37.074 36.976 36.954 41.386 42.336 38.009 39.901 46.256 48.104 49.076 48.794 47.816
39.979 38.936 38.691 38.711 39.411 38.701 38.716 38.949 38.796 38.576 38.714 39.279 40.921 47.151 48.146 49.379 49.024 47.466 45.041 42.956 44.744 43.476 38.611 38.771 38.054 37.221 39.209 42.021 40.309 37.391 36.824 36.866 37.921 36.829 36.674 36.614 37.741 37.421 38.366 41.144 41.924 41.834 41.819 43.306 46.839 48.904 48.906 48.086 46.839 42.514 37.129 37.011 37.061 37.024 36.779 36.754 36.856 36.879 36.929 36.876 37.646 37.056 37.954 37.911 38.611 37.161 39.609 46.584 48.321 49.061 49.079
44.786 39.624 38.831 40.051 41.111 39.311 38.689 38.681 38.661 39.311 38.811 38.766 39.426 42.944 47.184 48.384 49.041 48.471 47.544 46.106 44.729 39.554 39.011 42.354 40.414 37.336 39.121 40.286 39.281 39.136 37.274 36.926 37.014 36.751 37.206 38.041 37.234 36.679 37.731 40.149 41.901 41.824 40.491 38.791 41.704 48.309 48.576 48.734 48.044 46.876 40.261 37.019 37.501 37.254 36.809 36.741 37.081 36.854 36.959 36.971 36.949 36.929 37.429 40.709 37.856 37.509 37.544 41.634 47.044 48.519 49.869
47.421 45.339 37.856 38.229 38.741 39.061 38.781 38.709 38.744 39.026 39.084 38.751 39.101 40.691 42.766 47.134 48.151 49.201 48.489 47.346 44.436 40.411 42.041 41.876 38.396 38.101 39.209 37.664 39.301 42.331 41.734 37.086 36.754 37.514 37.989 36.811 36.606 37.016 37.661 37.816 39.916 39.511 38.511 36.829 41.196 44.644 47.494 48.714 48.619 47.769 45.576 40.106 37.109 36.889 36.871 36.884 37.444 37.271 36.914 36.956 36.919 37.056 37.591 37.321 37.069 37.104 37.351 37.709 43.439 47.864 48.624
48.524 47.339 44.749 38.176 39.074 38.711 39.081 39.376 38.819 38.801 38.906 39.844 39.309 39.506 38.436 43.441 46.536 48.351 49.116 48.409 47.204 45.486 42.634 39.464 38.714 38.084 37.274 37.279 38.669 42.466 42.451 40.136 38.641 37.736 36.894 36.866 38.059 37.824 36.979 37.164 38.126 37.601 36.421 40.369 41.994 43.069 46.366 47.799 48.664 48.941 47.749 45.331 38.434 37.019 37.519 37.044 36.919 37.044 36.874 36.974 37.006 36.974 37.066 36.839 36.834 37.691 38.336 37.799 38.519 44.199 47.876
49.099 48.459 47.676 44.859 41.036 38.876 38.861 39.329 38.804 38.811 38.749 38.904 39.436 38.876 38.709 39.786 42.729 47.244 48.284 49.186 48.391 47.299 42.949 37.926 37.759 37.201 39.086 37.404 37.639 39.521 41.444 43.084 42.646 37.879 37.084 38.949 38.576 37.086 36.944 36.939 37.674 36.439 38.921 42.261 42.114 41.846 42.604 45.346 48.356 49.329 48.359 47.519 40.006 37.561 37.179 38.154 37.744 36.819 36.801 36.929 36.976 37.026 37.011 37.174 37.649 37.439 37.976 37.631 37.186 38.796 43.289
47.806 48.546 48.559 47.729 43.304 38.889 39.029 38.811 38.734 39.041 38.751 38.726 38.741 39.699 38.701 38.821 38.239 44.101 47.299 48.394 48.669 47.569 43.301 39.264 37.274 40.714 44.806 41.519 38.031 38.134 42.489 43.124 43.024 40.364 37.099 39.236 37.854 36.941 37.319 37.816 36.684 36.749 37.714 41.121 41.774 41.169 36.639 39.206 46.824 48.166 48.849 48.329 47.291 39.784 37.324 38.086 38.396 37.476 37.649 36.861 36.996 37.044 36.974 36.991 37.876 38.566 37.376 37.266 37.341 37.891 39.294
47.016 47.911 48.656 48.309 47.614 43.544 39.156 39.026 38.751 39.416 38.789 38.819 38.789 39.309 39.779 38.669 38.601 39.789 42.269 47.329 47.491 42.719 40.761 45.121 40.764 45.266 45.281 39.919 37.489 37.714 40.164 42.651 43.011 42.119 39.069 37.669 37.209 37.899 38.016 36.784 36.714 37.469 37.106 36.704 39.604 37.306 36.996 40.024 45.546 47.494 48.479 48.844 47.986 47.051 39.031 38.439 37.304 37.514 37.276 36.884 36.896 36.976 37.024 36.989 37.931 36.961 37.301 36.991 37.846 37.346 37.419
46.171 47.106 47.761 48.494 48.476 41.211 40.504 39.886 39.251 38.774 39.346 39.149 38.824 38.844 39.074 38.896 38.689 38.801 38.746 43.394 42.926 40.216 45.674 47.581 46.629 45.736 45.346 39.999 37.519 38.304 38.346 39.954 40.564 41.821 41.106 38.111 38.629 38.386 38.341 37.174 37.689 37.361 36.866 36.479 36.499 36.666 37.444 43.569 44.429 45.791 47.576 48.544 48.666 48.001 46.056 38.971 37.151 37.196 37.086 36.954 37.516 38.451 37.006 37.029 37.051 37.001 37.714 37.116 37.076 37.151 37.729
45.554 46.186 46.284 47.519 41.439 41.196 47.451 43.954 39.996 39.154 38.781 39.286 38.789 38.906 38.851 39.291 39.239 38.776 38.371 38.641 39.431 45.539 48.049 48.276 47.599 46.764 45.614 42.656 37.894 37.834 37.576 37.369 37.536 39.794 41.411 39.674 42.484 38.154 37.941 41.084 37.431 37.171 37.026 36.974 36.754 36.826 44.149 44.401 43.184 41.921 45.876 47.826 49.674 49.371 47.869 45.284 37.294 37.274 38.054 37.576 37.071 37.529 37.161 37.031 37.064 37.056 37.434 37.096 36.954 37.126 38.671
40.764 42.261 40.306 39.184 42.194 48.814 48.204 47.444 45.159 39.991 39.151 38.794 39.474 39.339 38.901 38.881 38.941 38.934 38.731 38.801 38.811 43.894 47.269 48.121 48.414 47.494 45.666 40.219 38.524 38.291 37.616 37.604 38.106 37.806 40.874 41.481 40.381 44.289 40.574 40.924 37.626 37.071 37.066 37.176 36.899 36.811 39.504 42.866 41.789 41.336 40.086 47.096 48.226 49.141 48.774 46.604 43.646 37.731 37.421 37.799 38.226 36.919 37.621 37.374 37.039 37.084 37.079 37.274 37.589 37.059 37.844
38.494 38.401 39.324 38.331 44.989 47.814 48.516 48.251 47.091 44.019 39.639 39.186 38.971 39.236 38.979 38.926 38.889 39.336 38.936 38.736 38.229 38.951 43.919 47.384 48.116 48.356 47.614 45.164 41.284 44.579 40.524 38.701 37.664 37.681 38.446 43.386 45.176 42.969 41.381 38.199 37.279 37.489 37.344 37.061 37.014 38.091 38.004 39.306 41.224 39.544 38.596 41.421 47.509 48.481 49.346 48.646 46.724 42.816 37.294 38.376 38.004 37.271 37.029 37.559 37.114 37.084 37.069 37.061 37.374 37.076 37.039
38.881 39.249 38.859 39.176 45.656 46.964 47.886 48.596 48.109 47.366 44.229 38.944 39.181 38.914 39.871 39.451 38.944 38.941 38.961 39.304 38.899 39.104 40.451 42.309 47.266 48.521 49.224 47.511 46.596 45.626 43.806 38.821 37.606 38.019 39.781 42.244 40.249 38.301 38.746 37.246 37.744 37.364 37.134 37.124 37.594 37.371 36.711 36.769 37.694 37.629 38.501 42.084 44.159 47.616 48.671 49.164 48.361 45.799 41.324 37.306 37.164 37.656 37.296 37.164 37.909 37.134 37.131 37.109 37.071 37.579 37.356
40.741 38.871 38.484 39.649 45.186 46.059 47.014 47.889 48.639 48.501 47.329 43.839 38.841 39.086 39.049 39.301 38.911 39.011 38.931 39.406 39.001 38.956 38.799 39.711 43.031 47.466 48.229 48.361 47.521 46.689 45.464 41.771 37.416 38.294 39.526 42.246 40.871 37.986 37.861 37.636 37.354 37.251 37.239 38.806 37.559 37.031 36.856 37.574 38.174 38.556 41.681 42.406 42.869 45.371 47.881 48.849 49.641 48.271 46.816 39.371 37.606 37.396 37.811 37.021 37.269 37.206 37.131 37.141 37.169 37.099 37.759
39.826 38.994 38.581 38.914 40.581 45.156 45.689 45.011 48.156 49.076 48.106 46.619 43.944 39.719 39.331 38.934 38.851 38.969 39.016 39.004 39.311 39.466 38.924 38.519 39.586 44.296 47.344 48.286 48.484 47.524 45.101 38.666 37.431 38.139 39.519 38.094 40.069 44.931 44.584 41.824 37.931 37.391 38.726 39.061 37.154 37.164 38.261 37.639 37.041 38.026 41.986 42.474 42.371 41.891 44.384 48.256 49.081 49.019 48.141 43.916 38.581 37.474 37.489 37.861 37.021 36.956 37.076 37.119 37.161 37.169 37.066
39.874 39.821 39.119 39.421 39.116 40.119 39.211 41.956 46.536 48.971 48.874 48.131 46.986 42.539 38.724 39.236 38.991 38.914 38.989 39.034 38.969 39.334 38.796 38.809 38.169 38.864 43.964 46.291 48.314 48.359 46.051 40.591 37.694 37.616 40.774 38.251 41.954 50.821 52.586 46.851 38.781 38.836 37.591 37.429 37.351 37.744 37.449 37.171 37.059 37.739 39.696 42.256 40.991 37.756 39.654 46.469 48.321 49.181 49.041 47.976 43.979 38.796 37.786 37.584 37.209 37.026 37.301 37.361 37.139 37.161 37.129
