LIDAR-DSM-2M-TQ28ne/tq2986_DSM_2M.asc
ncols 500
nrows 500
xllcorner    529000
yllcorner    186000
cellsize     2
NODATA_value -9999
[rows 416 to 447 of 500, columns 71 to 141 of 500]
50.021 55.231 56.679 53.089 56.641 52.864 50.244 49.241 47.844 47.716 56.756 57.126 57.301 57.414 57.519 57.579 57.696 47.184 46.614 46.456 46.331 46.249 46.441 48.519 50.641 50.149 48.976 47.959 46.036 46.044 46.091 46.046 45.981 45.964 49.634 48.751 45.716 45.554 57.851 58.599 58.934 58.786 56.691 44.359 43.796 43.609 43.324 43.139 43.039 42.966 43.774 44.474 43.526 44.741 42.511 43.091 42.056 41.784 41.554 42.659 50.589 53.144 54.266 54.896 54.941 54.906 54.896 54.736 54.061 52.959 48.009
50.056 55.021 53.131 55.464 54.724 53.141 49.219 48.839 47.629 47.556 55.271 55.686 56.166 56.354 56.519 56.649 56.001 46.811 47.051 46.401 46.306 46.376 46.861 50.439 46.251 51.631 48.401 48.809 46.014 46.014 46.016 45.994 45.944 45.959 45.879 47.851 46.846 47.776 54.894 57.976 58.089 58.066 57.879 44.036 43.754 43.424 43.246 43.089 42.929 42.841 42.804 45.361 47.071 45.939 45.539 42.429 42.351 42.619 42.994 43.251 51.504 53.171 53.951 54.711 54.741 54.534 54.176 53.821 53.469 50.999 48.616
49.971 51.356 51.759 52.304 51.634 50.499 48.681 48.519 47.566 47.459 48.319 49.591 49.346 50.396 50.421 52.441 51.659 47.744 49.019 46.394 46.594 46.481 47.674 49.089 47.231 48.899 49.511 52.709 45.974 46.001 46.009 45.961 45.896 45.951 46.596 46.026 46.066 45.056 45.184 45.206 48.991 48.771 48.889 43.906 43.734 43.431 43.239 43.099 42.939 42.876 42.806 43.029 42.731 43.611 42.856 43.264 43.021 43.516 43.444 41.676 49.526 53.176 54.151 54.159 53.779 53.454 50.424 50.859 50.704 46.526 42.941
49.836 49.386 50.061 52.926 51.924 49.479 48.244 47.861 47.511 47.366 48.056 48.591 48.209 49.039 47.776 48.009 46.724 46.589 46.474 46.434 46.364 46.329 46.351 49.476 49.216 53.051 47.631 46.296 45.949 45.966 45.989 45.936 45.924 46.234 47.194 47.201 47.221 45.811 45.566 51.034 49.041 49.216 46.424 43.924 44.686 44.501 43.801 43.076 42.961 42.899 43.164 44.294 44.169 42.899 42.754 44.691 44.454 42.009 42.116 41.574 43.496 52.836 53.389 53.051 52.319 47.381 44.036 43.206 41.731 41.511 41.639
49.581 49.286 50.436 51.834 49.699 50.124 49.274 48.161 47.559 47.331 47.219 47.114 46.991 46.876 46.786 46.741 47.821 47.456 46.676 47.459 46.994 46.346 46.609 47.971 48.114 50.299 46.056 45.971 45.939 45.991 45.964 46.461 48.791 47.134 48.206 47.594 47.336 44.949 46.991 55.434 56.026 55.826 49.584 43.664 44.011 43.941 43.609 43.301 43.884 44.056 44.646 45.434 44.821 43.481 43.049 44.409 44.929 42.649 41.901 42.476 42.051 49.784 47.729 46.099 43.774 42.324 42.179 41.606 41.419 41.434 41.479
49.356 52.061 49.099 50.014 51.579 53.886 48.516 48.414 47.414 47.259 47.206 47.036 46.869 46.734 46.669 46.636 46.566 46.546 46.569 46.564 46.399 46.196 46.624 46.664 47.844 46.174 46.329 46.039 45.966 45.984 45.976 45.944 48.644 48.136 48.161 48.399 45.854 46.266 47.191 56.104 57.181 56.384 53.936 45.209 43.861 43.919 43.339 43.279 44.439 44.729 45.551 45.596 45.624 45.636 45.176 43.119 44.406 43.191 42.219 42.779 41.816 42.649 41.436 42.184 41.456 41.401 41.939 42.144 41.884 41.219 41.149
49.324 50.129 53.744 56.231 52.919 53.954 49.081 48.346 49.644 47.254 47.139 47.051 46.814 46.659 46.641 47.841 47.779 46.734 46.426 46.231 46.126 46.081 46.916 46.649 46.319 46.689 47.206 46.014 45.951 45.954 45.944 45.936 46.889 46.961 48.639 47.644 45.381 44.646 46.829 56.254 57.306 56.231 55.276 53.419 53.686 52.846 48.671 49.311 46.974 44.591 45.376 45.421 45.426 45.479 45.459 44.196 44.406 42.631 41.986 41.721 41.554 41.476 41.501 41.556 41.681 41.336 41.546 41.764 41.256 41.186 41.196
49.319 51.861 53.656 53.989 54.541 51.946 52.431 49.034 47.429 47.221 47.136 47.434 47.586 46.686 46.706 47.524 47.756 47.406 46.521 46.191 46.069 46.006 46.819 46.179 46.041 48.021 47.714 47.144 45.911 45.904 45.964 45.914 45.876 46.196 48.324 47.551 45.126 44.156 47.971 56.401 57.404 56.779 56.551 53.134 55.026 56.039 55.856 55.209 47.554 43.129 43.624 44.066 44.151 44.449 45.546 43.896 44.284 43.439 42.146 42.229 41.729 41.536 41.539 41.579 42.096 41.829 41.361 41.334 41.299 41.199 41.196
50.059 52.454 53.929 52.251 51.131 52.714 49.256 47.431 47.301 47.176 47.084 47.429 47.201 46.706 46.694 46.859 47.101 48.681 48.546 49.059 46.964 46.396 45.996 46.024 45.981 49.436 50.181 46.754 45.919 45.946 45.924 45.854 45.851 46.286 48.384 49.159 46.401 45.234 51.996 56.576 57.266 56.746 56.894 56.979 57.029 57.076 56.541 53.294 45.734 43.121 42.931 42.804 42.814 42.796 43.329 43.501 43.974 43.891 41.976 44.196 42.934 41.744 41.541 41.506 41.486 41.469 41.371 41.356 41.271 41.504 41.464
49.271 49.261 55.529 52.809 53.096 49.001 47.571 47.396 47.229 47.151 47.059 46.931 46.789 46.719 46.741 47.671 46.449 51.829 54.766 55.964 56.151 54.529 52.771 48.684 48.409 48.996 48.044 48.009 45.866 45.926 45.916 45.846 45.866 46.314 46.756 46.429 46.429 45.309 52.766 56.121 53.064 55.794 55.409 55.609 55.766 55.944 55.999 54.824 44.646 43.249 43.119 42.766 42.759 42.774 44.074 45.286 45.471 44.901 42.519 44.041 44.131 45.036 41.591 41.519 41.446 41.409 41.366 41.356 41.324 41.696 42.156
50.941 50.859 56.541 53.299 51.506 48.389 47.889 47.351 47.231 47.116 46.996 46.939 46.994 46.804 46.871 47.364 46.844 51.824 55.216 56.081 56.561 55.794 54.746 49.251 46.029 47.391 47.974 45.879 45.869 45.874 45.904 45.834 45.876 45.889 45.859 45.694 45.396 45.109 45.961 46.076 45.541 47.696 46.976 48.066 48.789 51.659 51.161 52.809 44.631 42.841 42.924 42.709 42.739 42.754 44.526 45.309 45.474 44.709 43.906 42.681 43.029 43.494 41.574 41.546 41.489 41.431 41.401 41.381 41.304 41.276 41.681
54.006 55.444 55.446 54.349 50.849 48.431 47.901 47.349 47.226 47.129 46.989 47.056 46.999 46.841 46.939 47.374 46.889 51.864 55.354 56.186 56.439 55.624 54.659 48.036 46.029 46.946 49.256 45.861 45.869 45.871 45.856 45.804 45.849 46.079 46.081 45.706 45.504 45.076 44.771 44.556 44.331 44.139 43.941 43.754 43.569 43.416 43.289 44.259 43.936 42.799 42.694 42.674 42.741 42.726 44.381 45.301 45.469 43.796 43.579 42.746 44.146 43.249 41.629 41.524 41.516 41.454 41.416 41.471 41.709 41.341 42.009
54.976 54.311 54.466 54.326 55.269 49.294 48.966 47.351 47.219 47.101 46.961 46.914 46.656 46.759 46.789 48.661 52.744 52.974 55.451 56.364 56.399 55.459 54.546 46.379 46.489 48.414 45.936 46.009 45.881 45.881 45.849 45.769 45.796 45.981 45.799 45.679 45.709 45.334 45.049 44.981 44.731 44.416 43.999 43.764 43.556 43.371 43.204 43.081 42.921 42.796 42.699 42.679 42.816 42.759 44.074 45.281 45.444 43.034 43.044 42.939 45.869 43.221 41.596 41.569 41.511 42.271 42.181 43.986 44.896 41.951 41.184
58.914 53.489 53.406 56.766 55.619 52.464 50.381 47.356 47.209 47.084 46.981 47.289 47.154 46.791 47.169 51.021 53.254 54.711 55.596 56.474 56.289 55.369 54.006 46.009 46.394 47.186 47.816 46.249 45.866 45.891 45.856 45.771 45.824 45.909 45.774 45.601 45.409 45.189 44.981 44.789 44.619 44.441 44.399 44.079 44.086 43.931 43.549 43.581 43.536 43.009 42.854 42.716 43.589 43.524 44.649 45.281 45.244 42.696 42.629 43.346 44.844 45.519 42.376 41.571 41.561 44.566 43.261 41.769 44.001 41.281 41.271
56.916 54.056 54.309 51.979 51.526 51.414 51.356 47.336 47.229 47.076 46.959 46.756 46.689 46.776 46.706 46.699 49.271 54.794 55.724 56.451 56.171 55.259 52.874 46.129 48.069 46.206 46.699 46.229 45.859 45.879 45.841 45.751 46.051 47.016 46.896 46.289 46.121 45.359 45.016 44.811 44.544 44.354 44.191 43.996 43.776 43.549 43.394 43.184 42.994 42.841 42.829 42.716 42.561 42.519 42.966 43.726 44.041 42.709 42.631 44.479 46.946 45.401 41.626 42.024 44.049 43.719 43.811 41.429 41.334 41.274 41.241
50.996 55.119 53.584 53.709 57.094 49.786 48.561 47.484 47.169 47.056 47.376 47.276 46.936 46.754 46.801 46.334 50.746 54.949 55.846 56.571 56.021 55.106 51.274 45.929 45.839 45.921 45.859 45.829 45.854 45.864 45.816 45.804 45.891 46.154 46.304 46.226 51.459 50.409 49.319 48.826 47.934 47.086 45.511 45.674 45.096 43.654 43.406 43.264 42.964 42.786 42.584 42.384 42.271 42.256 42.209 42.261 42.271 42.289 42.306 42.471 45.639 44.746 43.764 45.779 42.904 42.324 42.491 41.509 41.409 41.256 40.946
53.099 57.794 58.551 54.029 49.406 48.896 47.861 47.359 47.166 47.026 46.876 46.729 46.729 46.776 46.641 46.426 51.431 55.101 56.001 56.564 55.896 54.956 50.029 45.911 45.966 45.914 45.864 45.851 45.871 45.854 45.794 45.834 45.974 46.071 45.774 46.271 53.944 54.729 54.769 54.809 54.934 53.944 53.911 45.681 44.981 44.311 45.509 45.549 44.939 44.481 44.179 43.349 43.161 43.231 42.711 42.231 42.251 42.261 42.294 42.334 42.471 43.886 43.366 43.654 43.074 42.059 41.674 41.559 41.296 40.944 40.874
53.186 51.904 57.796 54.249 50.636 48.316 47.701 47.311 47.134 46.999 46.856 46.701 46.746 46.764 46.706 46.594 51.184 55.256 56.129 56.469 55.761 54.854 48.894 45.879 45.904 45.934 45.816 45.816 45.851 45.821 45.766 45.824 45.864 45.836 45.899 48.159 55.174 54.729 54.749 54.784 54.749 54.724 53.741 45.661 44.351 44.206 45.494 45.436 45.484 45.481 45.471 45.496 45.249 45.146 43.699 42.691 42.246 42.246 42.269 42.304 42.319 42.616 43.139 43.059 42.694 41.789 41.556 41.071 40.904 40.944 40.936
49.174 53.269 53.109 51.174 50.569 48.021 47.701 47.304 47.154 47.026 46.879 46.749 46.769 46.776 46.536 46.379 47.089 51.384 53.169 54.404 53.986 53.524 47.434 45.996 45.966 45.911 45.769 45.826 45.849 45.829 45.784 45.824 46.146 45.994 45.754 48.384 55.679 55.361 55.026 55.149 54.921 54.751 53.474 45.841 44.066 44.214 45.454 45.479 45.504 45.459 45.474 45.531 45.196 45.094 43.244 42.396 42.241 42.246 42.246 42.299 42.321 42.304 42.589 42.666 42.451 41.339 40.901 40.924 40.954 40.934 41.054
49.031 49.016 49.419 48.969 47.759 47.561 47.409 47.314 47.144 47.171 47.629 47.086 46.769 46.996 46.526 46.379 46.826 51.851 52.821 53.104 52.239 50.049 45.936 45.866 45.964 45.904 45.719 45.836 45.889 45.806 45.811 45.851 46.409 46.144 45.909 47.581 57.641 57.314 57.719 57.769 57.461 57.059 51.224 45.949 45.561 45.201 45.834 45.751 47.049 45.459 45.494 45.416 45.184 45.171 43.224 42.239 42.221 42.224 42.249 42.266 42.301 42.289 42.914 42.474 41.099 40.901 40.941 40.929 40.961 41.059 40.959
48.794 48.624 48.546 48.074 48.074 48.161 47.679 47.279 47.131 47.084 47.264 47.024 46.746 46.761 46.646 46.596 50.591 53.339 52.896 52.984 52.111 49.694 45.979 45.906 46.181 45.869 45.779 45.814 45.831 45.761 45.804 45.846 45.894 45.856 45.834 49.011 57.654 57.666 57.694 57.706 57.661 57.584 51.199 46.326 45.676 45.971 46.304 46.346 46.484 46.356 45.484 45.396 45.181 45.121 43.201 42.239 42.236 42.229 42.241 42.299 42.434 43.076 42.056 40.939 40.906 40.971 40.971 41.054 41.029 40.974 40.981
48.681 48.399 48.029 47.789 47.679 47.611 47.479 47.306 47.216 46.999 46.821 46.689 46.684 47.004 47.404 47.199 53.106 55.441 56.371 56.079 55.039 53.431 45.999 45.956 46.274 45.894 45.791 45.839 45.816 45.786 45.751 45.836 45.856 46.004 46.169 53.351 57.664 57.659 57.294 57.704 57.671 57.529 50.001 46.611 45.729 46.081 46.336 46.319 46.354 46.279 45.804 45.596 45.226 45.136 43.294 42.234 42.256 42.256 42.304 42.739 43.261 41.326 40.841 40.999 41.001 41.004 41.051 41.026 40.951 40.986 41.056
50.014 49.436 49.069 48.061 47.636 47.544 47.474 47.329 47.161 46.976 46.799 46.659 46.694 46.886 50.471 53.294 54.036 55.561 56.516 56.206 55.259 52.776 45.906 45.841 46.261 45.869 45.794 45.831 45.851 45.809 45.709 45.824 45.814 45.784 46.929 54.909 58.879 59.131 58.204 57.756 57.669 57.701 46.109 45.924 45.741 46.234 46.346 46.341 46.349 46.374 46.124 45.964 45.336 45.171 42.971 42.251 42.264 42.276 42.956 42.324 40.946 40.881 41.031 40.976 41.016 41.041 40.989 41.009 41.039 41.104 41.304
49.234 49.359 49.681 48.531 47.641 47.564 47.461 47.319 47.119 46.954 46.809 46.681 46.754 46.776 48.929 52.931 54.799 55.676 56.519 56.101 55.149 50.281 46.126 46.006 46.034 45.899 45.821 45.836 45.866 45.824 45.719 45.826 45.841 45.941 49.241 59.286 60.574 60.604 60.276 59.504 60.089 58.696 46.276 45.969 45.669 46.314 46.341 46.351 46.351 46.294 46.061 45.911 45.589 44.836 42.879 42.611 42.421 43.126 41.611 40.911 40.976 41.046 41.004 41.046 41.071 41.021 41.064 41.071 41.169 41.896 41.444
49.234 49.349 49.576 47.871 47.631 47.554 47.456 47.291 47.141 46.996 46.856 46.719 46.769 46.816 46.906 49.094 54.929 55.821 56.564 55.914 54.974 50.121 46.011 46.094 45.979 45.886 45.831 45.839 45.811 45.809 45.739 45.861 45.839 46.199 49.076 60.644 60.586 60.604 60.616 60.581 60.561 59.744 48.416 46.039 45.644 46.386 46.349 46.341 46.356 46.339 46.096 45.906 45.839 45.816 45.414 42.969 42.356 41.139 40.961 41.049 41.014 40.996 41.071 41.071 41.071 41.116 41.026 41.224 41.749 43.846 42.166
50.826 49.219 49.411 47.659 47.611 47.616 47.544 47.389 47.206 47.011 46.884 46.734 46.769 46.849 46.936 47.616 53.401 55.099 55.901 55.436 54.896 48.974 45.829 46.004 45.974 45.886 45.809 45.831 45.814 45.794 45.789 45.894 45.859 45.801 47.846 60.611 60.574 60.614 60.619 60.601 60.571 59.181 46.369 46.206 45.699 46.281 46.356 46.336 46.361 46.379 46.076 45.896 45.804 45.701 44.906 41.799 40.971 40.971 41.054 41.029 41.059 41.056 41.014 41.041 41.059 41.144 41.344 41.549 41.539 42.176 41.641
59.641 53.751 49.239 47.749 47.674 49.664 53.689 52.756 50.306 47.066 47.149 46.894 46.809 47.101 46.634 46.869 51.746 52.704 53.119 52.311 50.101 46.801 46.004 46.044 46.009 45.926 45.864 45.874 45.849 45.814 45.836 46.019 45.909 45.849 51.716 60.571 60.594 60.606 60.631 60.589 60.566 55.821 45.831 47.144 46.219 46.344 46.374 46.359 46.366 46.339 46.066 45.899 45.804 43.676 41.086 40.931 41.029 41.024 41.056 41.091 41.061 40.999 41.039 41.019 41.106 41.516 41.806 41.824 41.819 41.789 41.756
59.619 50.864 48.859 47.714 47.676 54.004 54.459 56.631 53.041 47.144 47.509 47.991 46.786 47.034 46.801 47.901 51.879 52.859 53.091 52.186 49.201 45.966 45.964 46.074 46.006 45.889 45.934 45.881 45.899 45.856 45.909 46.001 45.859 45.819 55.484 61.149 61.716 61.409 63.171 60.569 60.541 55.439 46.241 47.419 46.509 46.501 46.484 46.476 46.506 46.309 46.051 45.091 42.754 41.001 40.989 41.064 41.041 41.064 41.089 41.056 41.036 41.011 41.024 41.219 41.449 42.046 42.086 41.891 41.854 41.769 41.674
59.636 49.501 48.524 47.674 47.694 55.339 56.444 57.549 53.899 47.141 47.451 47.901 46.821 47.034 47.971 52.709 55.201 55.869 54.616 53.076 49.766 45.889 45.891 46.081 46.034 45.939 45.936 45.971 45.939 45.861 45.964 46.454 46.824 46.641 56.784 63.444 63.426 63.069 64.346 62.281 61.556 56.184 45.766 46.734 46.299 46.319 46.319 46.304 46.336 46.194 44.316 41.524 40.914 41.034 41.071 41.046 41.071 41.086 41.054 41.086 41.014 40.999 41.216 41.421 41.774 42.206 41.924 41.889 41.801 41.661 41.651
59.629 50.551 48.646 47.664 47.704 54.801 57.354 57.434 53.174 48.214 47.036 46.934 46.816 47.204 51.489 53.546 56.269 57.051 56.571 55.586 51.221 46.641 46.401 46.171 46.076 45.936 45.961 45.979 45.979 45.946 46.011 47.089 49.149 60.174 61.159 63.609 63.526 63.449 64.116 63.484 63.439 54.364 45.751 46.011 46.084 46.111 46.136 46.141 46.149 43.171 41.194 40.986 41.119 41.034 41.076 41.111 41.064 41.026 41.046 41.021 41.024 41.326 41.971 41.914 42.209 42.166 41.934 41.831 41.736 41.699 41.699
58.131 49.706 48.114 47.651 48.466 55.169 56.379 56.449 55.159 53.324 51.471 46.816 46.854 47.301 51.364 55.466 56.396 57.044 56.434 55.544 50.656 46.396 46.299 46.201 46.141 45.996 46.026 46.019 46.004 45.974 46.036 46.769 47.581 62.899 63.706 63.696 63.531 63.464 63.474 63.451 63.419 52.049 45.714 45.936 45.921 45.939 45.991 44.774 41.381 40.946 41.021 41.064 41.041 41.124 41.136 41.031 41.011 41.039 41.019 41.081 41.239 41.769 41.726 41.774 42.029 41.981 41.856 41.809 41.784 41.714 41.686
59.436 55.186 47.724 47.709 51.924 55.559 56.056 56.149 55.604 55.914 50.909 46.866 47.051 48.769 51.574 55.571 56.499 57.046 56.304 55.351 49.141 46.304 46.236 46.231 46.139 46.076 46.104 46.056 46.064 46.066 46.106 46.224 50.126 63.684 63.704 63.694 63.479 63.446 63.436 63.411 60.286 50.541 46.406 45.879 45.796 45.854 43.884 41.134 40.974 41.119 41.061 41.094 41.164 41.051 41.074 41.036 41.086 41.361 41.531 41.549 41.626 41.636 41.709 42.096 42.041 41.931 41.849 41.824 41.781 41.731 41.716
