LIDAR-DSM-2M-TQ28ne/tq2987_DSM_2M.asc
ncols 500
nrows 500
xllcorner    529000
yllcorner    187000
cellsize     2
NODATA_value -9999
[rows 224 to 255 of 500, columns 72 to 143 of 500]
93.646 96.581 97.201 97.253 96.216 92.866 92.448 92.511 92.903 93.121 93.176 93.323 93.301 93.176 93.188 92.998 92.933 93.288 93.418 93.438 93.421 93.488 93.546 93.531 93.481 93.263 102.238 115.203 115.486 115.643 115.516 115.523 106.271 93.543 93.586 95.138 97.846 94.541 97.278 97.511 99.671 96.338 97.466 94.306 94.951 92.531 92.541 92.601 92.768 93.408 93.033 92.878 92.973 92.423 92.596 93.416 93.836 94.786 97.506 98.683 100.006 96.876 91.953 91.868 92.198 92.361 93.171 92.453 91.333 91.401 91.578 91.916
96.918 97.183 97.003 94.766 92.476 92.433 92.591 93.053 93.211 93.193 93.328 93.461 93.436 93.086 92.796 92.771 92.868 93.278 93.443 93.548 93.568 93.583 93.568 93.583 93.483 93.388 105.816 115.511 115.513 115.598 115.476 115.476 106.566 93.573 93.613 94.626 96.203 99.088 97.738 102.156 98.718 101.136 97.496 96.736 95.988 93.173 92.626 92.618 92.596 92.641 92.646 92.646 92.666 92.656 93.123 94.206 92.708 92.663 93.066 92.418 93.213 92.258 92.826 92.368 92.696 92.118 92.111 92.248 91.596 91.778 92.616 93.311
97.101 95.038 92.516 92.473 92.471 92.818 93.231 93.286 93.228 93.326 93.426 93.413 93.016 92.838 92.786 92.883 93.243 93.543 93.601 93.603 93.606 93.606 93.603 93.593 93.491 94.871 109.443 115.461 115.548 115.626 116.016 115.946 107.263 93.593 93.631 94.411 94.731 96.058 101.186 100.843 100.028 97.018 98.793 96.096 95.666 93.858 93.118 93.933 92.813 92.673 92.691 92.691 92.706 92.703 92.721 92.773 92.683 92.848 92.813 93.498 92.991 92.471 92.596 92.388 92.268 92.198 92.271 95.553 97.043 91.773 94.068 94.973
94.133 92.478 92.468 92.566 93.058 93.551 93.341 93.243 93.308 93.433 93.448 93.386 92.878 92.818 93.011 93.123 93.356 93.628 93.643 93.656 93.653 93.656 93.648 93.643 93.476 96.653 112.236 116.086 115.501 115.603 115.786 115.163 98.786 93.596 93.813 94.478 94.708 95.453 95.033 95.316 95.706 98.361 95.078 98.451 97.336 94.126 95.273 95.558 93.246 93.388 93.053 93.046 92.968 93.068 92.838 92.748 92.746 92.731 92.721 93.078 93.056 92.691 92.598 92.568 92.531 92.461 93.243 99.531 99.706 97.321 97.651 98.116
92.451 92.496 92.753 93.198 93.721 94.161 93.298 93.306 93.386 93.428 93.423 93.433 93.356 93.261 93.443 93.393 93.298 93.543 93.703 93.706 93.696 93.733 93.716 93.656 93.451 99.198 113.993 115.751 115.626 115.588 115.516 112.631 94.191 93.671 94.046 94.478 94.748 94.448 94.493 95.066 100.143 99.593 96.873 100.378 99.581 95.593 96.106 95.546 92.911 93.818 93.103 94.523 94.438 93.706 93.541 92.843 92.918 92.793 92.811 92.823 92.836 92.801 92.791 92.756 92.721 92.623 92.748 95.546 95.761 100.601 101.463 102.213
92.533 92.968 93.281 93.388 93.466 93.341 93.336 93.418 93.411 93.396 93.396 93.426 93.443 93.523 93.648 93.636 93.401 93.373 93.656 93.728 93.713 93.711 93.711 93.623 93.418 102.833 115.496 115.461 115.583 115.538 115.503 108.616 93.641 93.808 94.323 94.501 94.921 94.411 94.513 94.673 95.928 96.361 96.548 97.401 97.216 95.936 93.688 93.258 94.516 94.498 93.126 95.216 94.031 93.391 93.466 93.426 96.123 97.648 95.753 92.993 92.876 92.896 92.936 92.896 92.851 93.143 93.063 93.121 93.616 99.833 101.601 102.336
93.116 93.473 93.771 93.471 93.396 93.323 93.368 93.398 93.378 93.388 93.406 93.431 93.543 93.591 93.611 93.696 93.648 93.401 93.451 93.718 93.726 93.736 93.696 93.606 93.608 106.446 115.596 115.461 115.546 115.506 115.486 104.971 94.058 94.138 94.391 94.808 95.011 94.398 94.563 94.731 94.921 95.906 96.158 97.256 95.556 95.098 93.456 93.466 96.666 101.136 101.238 100.086 99.743 96.523 94.166 95.108 97.463 98.028 99.526 95.836 92.973 92.998 92.998 93.043 93.031 93.276 93.286 92.653 93.988 100.521 101.858 102.366
93.428 93.796 93.603 93.406 93.361 93.321 93.361 93.368 93.363 93.363 93.458 93.518 93.533 93.583 93.616 93.651 93.708 93.573 93.376 93.561 93.731 93.708 93.681 93.618 94.241 109.738 115.548 115.498 115.591 115.496 115.506 103.741 95.326 96.411 94.526 94.838 94.628 94.443 94.538 94.718 94.896 95.126 95.878 96.936 96.988 95.323 96.051 93.786 97.568 102.308 102.158 102.056 101.923 101.783 94.356 98.691 95.251 96.361 102.911 95.666 93.216 93.063 93.051 93.236 93.251 93.281 93.343 93.276 95.316 101.101 101.928 102.376
93.548 93.436 93.411 93.376 93.303 93.286 93.321 93.358 93.348 93.376 93.428 93.446 93.503 93.568 93.613 93.593 93.633 93.678 93.478 93.413 93.668 93.673 93.643 93.591 95.681 111.261 115.488 115.501 115.626 116.103 115.291 103.808 95.478 96.011 94.488 94.833 94.498 94.496 94.593 94.746 94.923 95.118 95.783 96.823 96.953 97.018 98.328 98.063 101.533 102.846 102.798 102.783 102.733 102.253 93.376 93.691 94.218 98.361 95.746 93.581 94.121 93.418 93.163 93.221 93.583 93.998 94.158 95.501 97.903 100.408 101.948 102.348
93.478 93.461 93.396 93.353 93.306 93.286 93.273 93.306 93.338 93.346 93.363 93.343 93.453 93.541 93.588 93.576 93.576 93.656 93.621 93.436 93.481 93.648 93.576 93.488 98.518 112.281 116.208 115.938 115.566 116.003 114.718 95.868 94.516 95.313 94.546 94.841 94.523 94.486 94.631 94.798 94.988 95.188 95.591 96.106 96.148 97.326 100.333 101.461 104.513 102.121 102.216 102.361 102.486 100.833 96.771 96.073 95.631 93.668 93.681 93.968 94.046 93.818 93.213 93.238 93.316 93.421 93.566 95.818 98.236 99.628 100.023 99.348
93.448 93.458 93.398 93.378 93.328 93.283 93.218 93.251 93.268 93.301 93.341 93.323 93.416 93.496 93.526 93.558 93.578 93.618 93.663 93.586 93.436 93.513 93.546 93.458 96.886 110.983 115.773 115.613 115.513 115.576 113.256 93.941 93.958 93.953 94.366 94.861 94.531 94.478 94.623 94.823 95.068 95.243 95.351 95.773 95.883 96.123 99.033 102.603 102.696 101.356 101.421 101.548 101.656 101.981 102.123 101.998 101.898 100.406 100.028 99.893 97.221 93.646 93.601 93.386 93.408 93.411 93.566 95.696 98.721 99.803 99.913 99.156
93.423 93.391 93.356 105.983 102.303 93.161 93.121 93.158 93.203 93.231 93.306 93.338 93.383 93.416 93.456 93.488 93.553 93.591 93.606 93.613 93.491 93.418 93.503 93.426 100.468 112.973 115.476 115.488 115.508 115.501 104.901 93.723 93.746 94.128 94.308 94.761 94.406 94.456 94.883 94.988 95.108 95.301 95.428 95.558 96.226 96.211 98.243 100.403 96.548 96.271 98.223 98.296 99.371 101.963 102.966 102.841 102.708 102.548 102.471 102.331 102.208 94.411 94.133 93.456 93.481 93.503 93.501 94.723 99.113 99.943 99.803 98.883
93.448 93.406 105.231 115.938 114.258 105.033 102.366 98.848 94.276 93.203 93.243 93.278 93.321 93.363 93.396 93.433 93.481 93.513 93.498 93.521 93.513 93.451 93.476 93.431 107.531 115.448 116.481 115.571 115.578 115.498 102.281 93.618 93.933 93.751 93.833 94.011 94.221 94.463 95.753 95.438 95.678 95.798 95.528 95.628 95.736 96.221 96.213 97.473 98.678 96.243 93.678 93.633 94.498 101.513 103.263 103.303 103.333 103.293 103.291 103.126 103.008 94.081 93.773 93.608 93.558 93.573 93.596 94.021 97.133 97.988 99.306 97.826
93.478 95.183 111.506 115.593 115.488 115.501 115.768 115.478 114.623 113.776 107.866 105.756 101.886 94.361 94.108 93.351 93.331 93.673 93.391 93.418 93.451 93.436 93.463 97.066 111.416 115.443 115.503 115.503 115.521 114.583 103.158 93.491 93.568 93.616 93.713 93.901 94.121 94.528 95.316 95.578 96.033 96.423 95.626 95.701 95.773 95.898 96.086 96.638 97.788 97.621 96.158 93.856 95.418 101.853 102.451 102.606 102.721 102.843 102.958 103.111 101.793 97.288 97.038 94.043 93.933 93.673 93.658 93.996 95.251 96.168 96.741 98.511
93.631 97.613 113.601 115.518 115.483 115.646 115.743 115.501 115.503 115.496 115.488 115.481 115.911 115.488 114.778 112.641 111.821 109.223 101.061 97.068 96.123 96.041 94.098 97.741 110.921 115.508 115.498 115.536 115.693 115.491 94.126 93.411 93.446 93.483 93.571 94.013 94.056 95.593 96.156 96.131 95.951 96.376 96.563 95.761 95.848 95.888 95.953 96.143 96.986 97.781 96.713 93.858 95.848 101.268 101.636 101.793 101.906 102.026 102.161 102.296 101.098 99.658 99.496 98.741 95.731 93.768 93.746 94.121 95.631 96.258 95.158 98.696
97.076 100.998 115.548 115.663 115.658 115.543 115.628 115.573 115.586 115.593 115.541 115.526 115.696 115.483 115.516 115.508 115.483 115.491 115.551 114.663 113.431 114.361 106.413 103.003 112.543 115.506 115.571 115.661 117.403 113.633 93.333 93.361 93.368 93.376 93.956 96.553 97.168 96.163 96.163 96.146 96.163 96.251 96.413 96.408 96.461 96.271 96.013 96.011 96.771 96.388 96.678 94.556 94.163 95.133 95.911 95.831 97.646 98.573 100.596 100.953 100.876 100.451 100.298 100.188 96.661 96.956 97.826 94.696 95.146 96.078 97.453 102.486
98.643 103.861 114.473 115.483 115.798 115.548 115.518 115.528 115.496 115.526 115.568 115.536 115.538 115.581 115.591 115.581 115.618 115.518 115.766 115.518 115.488 115.506 115.523 115.458 115.308 116.791 115.531 118.318 120.646 103.638 94.463 95.106 93.606 93.418 93.651 96.176 97.623 95.771 95.871 95.976 96.046 95.791 96.278 96.268 96.046 96.356 96.091 95.941 95.948 96.023 97.193 96.403 94.558 96.506 96.348 94.901 94.731 95.446 95.901 96.346 99.846 100.078 100.236 101.098 98.638 99.563 100.466 97.763 93.866 96.993 101.308 99.013
101.301 102.798 112.403 114.183 115.446 115.556 115.481 115.511 115.478 116.353 115.843 115.518 115.528 115.516 115.541 115.546 115.533 115.596 115.598 115.596 115.631 115.561 115.596 115.561 116.783 119.853 122.491 124.788 124.891 116.263 115.923 109.043 109.226 103.208 100.786 98.873 97.746 99.883 96.316 95.983 95.991 96.013 95.981 95.933 96.008 96.066 96.043 95.991 95.968 95.958 95.958 96.626 95.796 97.241 95.003 95.156 94.501 95.948 94.201 96.733 99.081 99.261 99.483 102.118 99.098 98.826 100.601 99.673 93.978 98.218 96.263 95.568
105.833 100.251 102.388 103.973 106.376 106.618 109.536 110.936 113.941 115.753 115.491 115.506 115.491 115.511 115.531 115.828 115.973 115.511 115.523 115.518 115.536 115.563 115.596 115.581 118.456 123.846 125.138 124.888 125.083 121.316 118.343 115.728 115.526 115.508 115.506 115.528 114.968 114.558 112.556 105.278 101.428 97.063 96.041 97.913 98.388 96.041 96.036 95.998 95.976 95.881 95.931 95.983 95.706 94.956 95.131 95.573 94.753 95.753 94.673 96.656 95.311 94.753 97.793 103.271 100.178 103.321 101.743 101.426 97.753 94.511 93.876 93.813
100.718 101.496 97.908 94.561 95.421 95.726 96.826 100.623 104.218 105.953 106.901 108.926 111.153 113.236 114.246 115.698 115.803 115.491 115.508 115.488 115.516 116.236 116.676 119.536 123.771 124.833 125.206 124.866 120.781 118.668 118.183 117.353 115.608 115.561 115.543 115.626 115.591 115.526 115.501 115.498 115.493 113.828 114.301 112.368 109.223 101.893 101.561 96.743 96.656 95.916 95.918 95.886 95.876 95.343 95.663 95.123 95.433 96.133 94.788 96.523 94.931 94.438 97.241 101.326 102.303 102.066 103.768 100.811 99.781 98.191 96.251 93.768
105.536 101.878 99.006 95.896 96.918 94.648 94.541 94.406 94.821 95.168 95.951 97.843 98.886 101.948 104.588 106.458 107.408 108.423 112.151 111.706 114.246 115.436 115.648 121.728 124.846 124.541 123.363 118.753 118.121 118.286 118.283 117.613 115.651 115.513 115.511 115.543 115.511 115.528 115.551 115.573 115.598 115.576 115.508 115.511 115.483 115.503 114.411 114.618 111.838 107.856 106.223 96.553 95.838 95.766 95.803 95.158 95.491 95.906 95.066 97.473 95.108 95.053 97.708 98.548 100.461 102.196 102.496 100.881 101.756 98.686 94.901 93.848
100.591 97.686 101.493 103.483 97.688 96.713 95.373 95.258 95.081 94.913 94.786 94.608 94.453 94.283 95.171 95.443 95.811 97.016 99.053 99.736 102.178 101.508 104.053 117.261 122.756 122.368 118.411 118.263 118.371 118.336 117.901 116.326 116.826 115.491 115.748 116.088 115.498 115.511 115.578 115.526 115.551 115.523 115.578 115.588 115.583 115.596 115.531 115.511 116.023 115.473 110.578 98.041 95.811 97.106 95.906 95.353 96.503 95.653 95.156 95.956 97.663 97.988 96.478 95.376 98.761 98.566 100.538 98.868 99.976 94.358 94.003 93.886
98.118 101.803 103.473 102.486 99.656 95.611 95.781 95.846 95.773 95.691 95.591 95.506 95.333 95.201 95.026 94.861 94.668 94.473 94.368 94.223 94.268 94.858 98.018 115.606 118.276 118.571 118.271 118.298 114.211 105.231 107.978 111.036 113.611 112.903 114.861 115.521 115.496 113.163 115.463 113.121 115.753 115.678 115.506 115.511 115.521 115.521 115.538 115.558 115.591 115.726 111.821 95.871 95.763 95.841 96.118 95.656 96.123 95.686 96.846 99.156 98.561 95.108 94.716 95.031 97.668 99.063 98.011 97.893 99.401 95.411 94.056 94.286
97.561 106.633 109.711 104.823 99.978 97.073 95.838 96.348 100.616 97.603 96.453 97.653 96.016 95.953 95.843 95.698 95.536 95.393 95.233 95.046 95.408 96.071 102.256 115.566 115.983 118.228 118.303 118.103 108.576 97.143 96.143 97.078 97.671 98.968 101.456 108.403 107.268 108.711 112.341 113.316 115.771 116.841 111.446 111.016 115.501 115.483 115.656 115.596 110.006 115.526 107.118 95.821 95.796 95.946 96.721 97.091 96.816 95.466 97.943 99.193 96.886 94.821 94.796 94.738 97.593 97.426 97.058 96.903 97.398 94.813 95.361 95.368
98.046 99.258 100.016 99.006 97.393 97.543 100.256 101.073 98.141 96.328 102.876 97.513 97.806 97.976 96.193 96.181 96.116 96.043 96.053 96.381 95.361 94.591 107.503 115.523 115.638 117.231 117.773 116.163 108.593 95.916 95.866 96.286 96.426 96.068 96.013 97.358 97.133 96.111 96.766 97.073 100.463 104.786 109.116 112.168 114.493 111.768 115.861 112.273 113.008 115.468 102.853 95.816 95.793 95.721 97.408 100.768 102.038 102.068 98.826 99.166 94.966 94.898 94.836 94.798 95.016 94.558 94.758 94.701 96.151 94.293 94.803 94.301
98.681 98.648 98.631 100.343 99.646 98.683 101.003 99.971 100.123 103.658 101.653 99.733 99.091 98.541 96.316 96.298 96.261 96.238 96.356 96.426 95.466 96.781 110.981 115.538 115.593 115.588 116.053 116.093 103.793 95.996 95.946 96.436 96.668 96.323 96.753 96.496 96.076 96.058 96.011 96.123 96.283 96.113 95.996 96.906 98.966 98.923 101.666 104.333 110.338 114.361 102.683 95.871 95.728 95.688 98.473 100.738 103.528 99.506 98.328 95.038 95.006 94.918 94.866 94.751 94.686 94.631 97.126 101.818 101.371 96.426 94.106 93.968
98.636 98.071 97.036 102.176 97.891 103.601 103.336 106.621 105.023 103.773 103.898 99.116 100.246 96.458 96.398 96.368 96.358 96.301 96.966 97.106 94.938 97.851 113.013 115.516 115.598 115.503 115.478 113.471 95.963 96.176 96.033 96.058 96.068 96.138 96.356 96.628 96.633 97.063 96.036 96.336 96.381 96.341 96.716 96.243 96.058 95.871 96.028 98.198 101.788 108.036 98.966 95.831 95.711 95.611 97.678 100.931 101.856 99.753 99.446 95.143 95.078 94.981 94.863 94.778 94.758 96.768 100.483 99.981 100.641 97.766 94.468 94.248
97.398 97.836 97.993 98.983 102.448 98.818 104.243 104.826 107.443 100.618 101.436 101.703 100.498 99.328 97.191 96.428 97.081 97.533 97.426 96.691 95.043 102.751 114.948 115.603 115.591 115.658 115.763 110.148 96.053 96.256 96.106 96.118 96.163 96.103 96.101 96.026 95.961 95.921 95.923 95.953 95.933 95.901 95.871 95.991 96.428 96.393 96.028 96.693 97.018 97.233 95.918 95.818 96.051 95.918 95.466 95.943 99.611 98.103 95.243 95.158 95.136 94.956 94.913 94.916 95.891 99.761 105.021 98.556 98.736 97.578 96.063 95.021
96.496 97.663 98.388 101.618 104.863 103.448 105.031 103.098 102.773 100.071 102.066 100.671 98.106 98.606 99.596 98.748 98.466 101.981 99.286 97.028 97.513 105.961 116.016 115.776 115.551 115.523 116.441 108.516 96.953 96.936 96.246 96.181 96.196 96.163 96.116 96.073 96.006 95.968 96.018 96.063 96.058 96.003 95.878 95.868 95.811 95.771 95.751 95.756 95.796 95.791 95.783 95.846 96.428 96.353 95.451 95.386 96.416 96.128 95.251 95.148 95.051 95.041 95.451 99.888 103.281 100.373 103.121 103.386 100.046 98.866 98.831 95.226
96.583 99.576 99.606 100.968 104.221 108.658 103.791 105.311 100.521 98.921 103.361 100.421 102.938 100.858 98.586 98.773 102.686 101.471 100.121 96.416 96.678 108.773 115.598 115.851 115.503 115.498 115.461 112.118 96.376 96.291 96.218 96.208 96.201 96.158 96.131 96.063 96.093 96.238 96.466 96.463 96.421 96.361 96.268 96.098 95.951 95.828 95.806 95.786 95.773 96.806 96.128 96.341 96.431 95.596 95.443 95.423 95.426 95.351 95.236 95.181 95.128 95.108 96.068 102.871 104.123 101.761 101.178 98.863 97.403 99.741 99.996 97.581
96.661 96.673 101.488 102.368 103.136 104.613 106.321 105.038 101.501 103.421 100.441 102.868 101.206 104.398 100.231 100.708 104.678 102.451 97.773 96.456 98.391 111.758 115.483 115.566 115.518 115.493 115.463 105.653 96.621 96.556 96.246 96.341 96.548 96.416 96.778 96.273 96.496 96.413 96.513 96.518 96.523 96.461 96.388 96.323 96.236 96.123 96.011 95.971 97.916 103.326 103.436 102.338 95.751 95.536 95.511 95.461 95.408 95.346 95.211 95.163 95.151 96.386 97.198 96.061 98.593 96.951 96.716 94.873 96.266 101.528 101.241 98.198
96.756 97.513 99.323 106.451 105.373 103.521 104.976 101.906 101.876 99.603 106.013 102.021 100.198 99.838 96.933 103.606 104.513 103.348 99.886 96.501 100.141 113.471 115.513 115.541 115.506 115.493 115.556 99.566 96.751 97.063 96.298 96.566 97.188 96.926 96.873 96.468 96.443 96.536 96.541 96.521 96.541 96.521 96.458 96.388 96.336 96.246 96.171 96.203 100.128 104.743 100.531 100.428 96.248 95.508 95.601 95.493 95.438 95.311 95.188 95.131 95.076 95.446 97.578 95.481 94.973 94.898 94.886 94.853 98.988 103.133 103.476 100.461
