LIDAR-DSM-2M-TQ28ne/tq2986_DSM_2M.asc
ncols 500
nrows 500
xllcorner    529000
yllcorner    186000
cellsize     2
NODATA_value -9999
[rows 128 to 159 of 500, columns 284 to 354 of 500]
49.921 49.976 49.988 54.198 62.291 66.171 63.798 73.183 66.406 55.536 54.463 54.366 53.553 56.443 57.838 61.633 59.048 57.631 57.633 57.641 57.681 57.641 57.626 57.691 58.918 57.958 50.488 48.808 48.701 48.653 49.178 48.596 48.598 48.631 48.753 48.726 48.626 49.133 49.168 48.811 48.566 48.316 49.148 51.831 55.718 52.543 50.893 49.041 48.388 48.298 48.138 48.451 48.331 47.316 47.156 47.143 48.436 49.751 48.741 49.806 50.808 48.371 47.988 48.551 52.746 52.728 52.496 48.823 46.466 46.353 46.101
49.758 49.793 49.763 49.713 49.673 58.018 64.408 71.358 61.078 54.421 54.283 50.921 50.408 55.818 58.736 58.143 57.606 57.618 57.611 57.626 57.628 57.668 57.638 58.948 58.068 54.553 52.818 49.113 48.633 49.866 49.051 48.643 48.548 48.551 49.456 48.601 48.598 48.553 50.268 53.688 51.436 48.543 48.216 48.231 50.068 50.811 50.771 50.158 50.293 50.038 49.991 48.518 48.613 48.586 47.243 47.213 51.518 49.606 49.081 50.101 51.623 51.656 50.808 52.608 52.861 52.783 52.743 51.781 48.323 46.701 46.038
49.656 49.648 49.648 49.631 49.598 49.516 52.788 55.293 51.723 53.671 52.501 49.141 50.683 54.156 58.903 57.543 57.786 57.608 57.593 57.611 57.608 57.636 58.168 61.426 55.486 54.253 54.246 49.286 48.676 48.746 48.581 48.576 48.501 49.233 48.786 48.628 48.958 50.328 52.631 53.898 53.891 52.561 48.473 48.078 48.098 48.176 49.333 49.403 48.693 49.428 49.361 48.956 49.148 48.721 49.323 47.816 50.451 51.693 53.338 52.746 51.353 52.546 52.541 52.188 52.948 52.901 52.778 50.608 47.868 47.498 46.026
49.673 49.628 49.521 49.486 49.483 49.471 49.383 49.371 49.236 50.186 50.183 48.688 51.411 52.743 58.836 58.148 57.538 57.573 57.576 57.606 57.608 57.856 59.141 56.798 53.883 52.778 51.563 48.793 49.651 48.701 48.531 48.493 48.583 49.011 48.433 48.821 49.683 51.568 51.861 53.411 53.993 53.918 53.648 50.391 48.648 47.868 47.803 47.751 48.146 48.978 49.021 48.816 49.353 49.481 49.321 48.936 47.823 52.698 53.201 52.856 51.456 53.211 52.813 52.903 52.931 52.876 51.678 47.516 46.631 46.748 46.793
49.661 49.556 49.491 49.456 49.366 49.348 49.266 49.251 49.263 49.253 49.238 49.393 49.766 49.876 55.428 58.551 58.371 57.596 57.571 57.771 57.778 58.968 57.493 54.426 53.598 50.331 48.628 48.576 49.143 48.531 48.538 48.438 48.313 48.796 51.141 50.686 51.406 51.528 51.541 48.513 51.371 53.988 53.758 53.406 53.451 51.771 49.636 48.371 47.661 47.588 47.521 48.076 48.361 49.598 49.643 50.456 49.906 48.526 48.581 48.318 53.798 53.166 52.863 52.946 52.873 51.973 47.733 46.626 46.663 46.686 46.991
49.623 49.538 49.528 49.473 49.378 49.326 49.233 49.156 49.133 49.191 49.161 49.841 50.516 50.211 50.378 53.416 58.276 58.956 58.303 57.556 58.936 58.613 54.133 54.008 53.533 49.613 48.591 48.493 48.503 48.481 48.436 48.316 48.643 50.558 54.031 53.471 52.678 51.721 50.308 47.786 48.031 52.871 53.436 53.376 53.511 53.413 53.501 52.623 50.578 48.656 47.756 47.406 47.316 47.393 48.223 49.578 50.131 48.253 47.838 49.383 52.841 52.833 52.923 52.853 52.023 49.361 47.716 46.618 46.633 47.131 47.173
49.573 49.516 49.471 49.433 49.378 49.293 49.208 49.176 49.076 49.033 49.073 51.463 50.856 49.271 49.016 49.423 51.233 57.306 59.203 58.798 58.971 53.088 50.631 51.678 49.553 48.653 48.743 48.461 48.426 48.386 48.271 48.271 49.908 53.883 54.066 53.606 52.633 50.093 48.838 50.266 48.853 52.948 53.566 53.236 52.726 53.531 53.471 53.091 52.971 52.991 52.113 49.216 48.518 47.246 47.151 47.088 47.238 47.286 48.408 52.578 52.833 52.851 53.096 52.621 50.163 49.528 47.713 46.911 47.183 47.311 47.336
49.576 49.526 49.446 49.383 49.358 49.308 49.231 49.183 49.116 49.028 48.983 48.828 48.898 48.861 48.846 48.816 48.886 49.321 53.566 55.918 53.038 48.598 48.578 48.571 48.556 48.866 48.738 48.361 48.351 48.286 48.193 48.943 56.921 56.916 54.348 53.508 51.501 47.743 49.593 53.233 53.388 53.556 53.861 51.816 50.033 51.181 52.208 52.913 52.961 53.093 53.023 52.993 52.001 51.068 48.483 47.678 46.991 46.923 47.098 47.828 49.793 51.768 52.506 49.801 49.498 49.536 47.158 47.396 47.553 46.846 50.833
49.656 49.518 49.403 49.321 49.316 49.276 49.203 49.106 49.048 49.028 48.961 48.993 49.116 48.798 48.731 48.758 48.658 48.673 48.611 48.598 48.596 48.571 48.528 48.511 48.476 48.508 48.351 48.281 48.241 48.178 48.588 52.841 60.306 60.471 59.798 57.708 51.433 49.033 51.208 53.318 53.696 53.111 50.556 49.713 49.658 50.478 50.776 51.676 52.931 53.081 53.156 53.091 52.626 52.498 52.581 51.693 50.333 48.301 47.001 46.758 46.716 46.641 47.043 48.181 48.821 49.508 49.493 48.283 46.741 47.991 50.791
49.636 49.546 49.466 49.333 49.223 49.203 49.143 49.106 49.026 48.993 48.918 48.883 49.248 48.921 48.703 48.633 48.588 48.561 48.548 48.513 48.471 48.426 48.443 48.446 48.411 48.353 48.273 48.231 48.133 48.123 53.403 59.341 60.616 60.713 60.728 60.691 60.763 57.081 55.816 56.558 54.283 52.641 49.791 47.901 52.918 52.923 52.656 50.403 49.301 52.291 49.976 51.858 52.536 52.328 52.711 52.731 52.708 52.541 51.321 49.738 47.993 46.983 46.533 46.453 46.538 47.113 48.006 48.128 47.438 47.096 48.538
51.141 49.541 50.591 49.928 50.711 49.906 49.116 49.043 49.006 48.951 48.918 48.841 48.761 48.708 48.658 48.601 48.506 48.473 48.381 48.401 48.421 48.378 48.373 48.356 48.308 48.276 48.226 48.186 48.138 48.121 58.641 60.553 60.628 60.798 60.718 60.681 61.233 60.113 59.561 60.198 57.706 53.306 51.778 52.228 52.956 53.041 52.703 49.543 48.126 50.053 51.361 52.163 52.421 49.671 50.571 51.658 52.611 52.466 52.338 52.381 52.371 51.928 49.066 47.793 46.693 46.336 46.243 46.193 46.458 47.221 47.828
58.823 54.121 51.278 49.353 49.301 49.693 49.218 49.088 48.943 48.888 48.846 48.838 48.746 48.726 48.658 48.606 48.548 48.458 48.381 48.371 48.281 48.223 48.283 48.256 48.228 48.201 48.143 48.103 48.053 48.571 55.768 59.901 60.378 60.936 60.651 60.686 60.151 60.078 60.121 60.383 60.343 60.326 58.658 56.118 55.291 54.346 52.756 50.236 47.826 52.338 52.653 52.516 51.631 49.388 49.501 49.476 49.816 50.586 51.863 52.428 52.376 52.356 52.346 52.308 50.666 49.566 47.311 46.426 46.061 46.316 46.991
60.226 60.311 57.953 53.723 51.003 49.656 49.176 49.126 49.071 48.943 48.823 48.743 48.663 48.656 48.603 48.578 48.473 48.416 48.373 48.366 48.283 48.358 48.186 48.131 48.073 48.021 47.988 48.011 47.963 48.068 48.303 49.138 53.526 57.378 59.918 60.413 60.051 60.103 60.206 60.361 60.321 57.918 58.241 57.803 59.158 59.158 56.291 51.761 49.458 52.703 53.783 52.461 50.763 48.126 49.958 51.208 49.351 47.693 47.331 49.283 50.813 52.101 52.383 52.356 52.343 52.341 52.321 49.743 49.976 47.238 45.918
57.878 60.631 61.051 59.711 56.936 54.138 51.156 49.733 49.166 48.951 48.893 48.823 48.686 48.598 48.596 48.563 48.471 48.401 48.378 48.311 48.258 48.223 48.171 48.141 48.073 48.001 47.918 47.858 47.796 47.703 47.691 47.651 47.606 48.631 50.216 52.731 55.631 58.771 60.121 60.383 60.368 59.463 57.921 58.058 59.556 59.246 59.903 60.051 57.371 58.228 55.791 52.921 49.921 47.958 50.683 52.336 52.058 51.451 47.541 48.888 48.928 49.073 48.486 50.096 52.401 52.361 52.331 53.253 54.323 54.756 46.718
60.016 61.111 61.776 61.778 61.028 60.006 57.986 56.853 55.046 51.221 48.866 48.811 48.771 48.713 48.593 48.688 49.931 48.776 48.356 48.298 48.236 48.216 48.118 48.061 48.036 47.923 47.878 47.791 47.778 47.711 47.586 47.481 47.513 47.466 47.416 47.368 47.671 50.738 53.238 57.191 58.476 58.796 57.743 58.696 60.098 59.888 60.611 60.023 60.933 61.866 62.668 58.633 53.168 50.086 52.298 53.263 52.383 51.628 49.456 49.908 51.411 50.611 49.711 47.998 47.928 49.973 50.953 54.721 57.091 56.876 53.041
59.403 62.508 61.958 61.806 61.806 61.093 61.336 60.743 59.563 59.166 57.306 51.793 48.778 48.718 48.681 50.888 50.776 48.978 48.313 48.246 48.218 48.171 48.131 48.016 47.976 47.901 47.846 47.773 47.751 47.676 47.633 47.551 47.441 47.358 47.293 47.281 47.216 47.186 47.621 47.651 50.873 52.878 56.961 58.198 60.003 60.246 60.663 60.171 61.663 63.401 62.651 61.583 60.706 59.216 57.171 56.381 52.178 49.651 49.256 50.408 51.953 51.991 51.591 48.701 49.221 49.488 49.673 57.106 57.163 57.138 57.113
57.948 62.733 62.063 61.811 61.493 61.756 61.811 61.751 61.733 60.868 57.301 50.103 48.823 48.751 49.376 51.588 51.213 51.663 49.413 48.756 48.161 48.138 48.058 47.981 47.896 47.828 47.838 47.771 47.738 47.646 47.613 47.486 47.431 47.346 47.288 47.218 47.163 47.048 47.056 47.036 47.008 47.341 48.513 51.091 57.058 59.021 60.086 60.511 62.386 63.098 62.321 60.126 59.553 59.918 59.963 58.013 55.683 54.958 52.378 52.496 51.898 51.783 50.761 48.148 50.621 57.731 55.138 57.626 57.221 57.181 57.156
59.273 61.916 61.858 62.151 62.181 61.828 61.776 61.768 61.761 61.778 53.903 48.928 48.848 48.771 48.816 49.371 48.976 48.431 48.358 49.553 50.626 48.971 48.851 47.926 47.863 47.788 47.738 47.718 47.821 48.011 47.653 47.461 47.548 47.508 47.348 47.236 47.143 47.081 46.996 46.913 46.871 46.848 46.938 46.821 46.976 48.933 52.981 58.523 61.966 62.638 61.116 61.348 60.318 59.951 59.376 57.033 56.728 58.153 58.606 57.226 56.881 52.788 49.383 48.253 52.868 57.168 58.338 58.456 57.203 57.163 57.181
61.671 61.866 61.803 61.858 61.988 61.863 61.818 61.818 61.831 61.758 50.511 49.648 49.128 48.778 48.746 49.833 50.788 49.236 49.731 49.803 50.046 48.996 49.491 47.946 47.848 47.763 47.706 47.638 47.618 48.271 48.646 47.441 47.453 47.346 47.323 47.236 47.143 47.071 46.991 46.883 46.851 46.763 46.713 46.703 46.688 47.071 46.606 47.121 50.166 53.831 59.258 59.628 60.123 60.258 58.531 56.726 57.001 59.068 59.191 58.766 57.651 56.378 55.346 54.583 57.948 58.436 58.428 57.673 57.228 57.168 57.116
60.581 61.758 61.786 61.803 61.808 61.861 61.863 61.878 61.831 61.846 57.668 52.716 52.336 50.503 49.511 48.668 48.611 48.518 49.173 50.143 49.898 49.298 48.106 47.981 47.881 47.793 47.703 47.593 47.536 47.463 47.453 47.401 47.331 47.263 47.291 47.213 47.151 47.113 46.991 46.951 46.868 46.796 46.713 46.656 46.861 46.546 46.508 46.468 46.453 46.441 47.101 51.536 55.373 57.943 57.433 56.633 57.433 58.781 59.156 58.466 57.183 56.713 57.958 58.818 58.796 58.821 58.721 58.541 58.161 57.121 57.106
60.326 61.728 61.811 61.743 61.783 61.811 61.816 61.803 61.893 60.493 61.636 61.371 59.421 58.876 54.173 52.351 50.568 49.423 48.471 48.396 48.668 48.236 48.121 48.028 47.941 47.846 47.773 47.733 47.646 47.533 47.431 47.398 47.256 47.248 47.173 47.168 47.123 47.013 47.006 46.951 46.896 46.828 46.728 46.686 46.646 46.513 46.446 46.353 46.321 46.298 46.288 46.256 46.656 47.766 50.558 53.961 57.896 58.621 58.956 58.298 56.871 56.891 58.431 58.791 58.781 58.838 58.778 58.931 58.778 57.521 56.553
55.531 59.666 61.746 61.773 61.706 61.776 61.743 61.823 61.853 60.398 61.591 61.593 61.573 61.608 61.661 61.493 58.121 52.953 50.151 49.718 49.131 48.241 48.168 48.071 47.993 47.913 47.843 47.766 47.648 47.691 47.506 47.428 47.331 47.331 47.258 47.088 47.033 46.986 46.931 46.878 46.831 46.783 46.738 46.718 46.598 46.536 46.458 46.428 46.356 46.433 46.438 46.238 46.466 46.318 46.556 47.321 47.491 50.536 53.653 56.241 56.788 57.246 59.303 58.801 58.923 58.856 58.773 58.788 58.816 58.586 54.733
53.988 54.388 58.603 60.986 61.691 61.778 61.751 61.783 61.766 61.601 61.578 61.606 61.596 60.983 61.658 61.656 61.681 61.191 58.686 55.093 51.558 50.128 49.118 48.708 48.001 47.956 47.866 47.806 48.361 47.866 48.003 47.431 47.366 47.323 47.858 47.358 47.066 47.008 46.891 46.893 46.783 46.721 46.671 46.666 46.603 46.526 46.478 46.416 46.368 46.493 46.356 46.146 46.301 46.441 46.231 46.156 46.363 46.043 47.041 48.141 51.898 54.931 57.498 58.756 58.896 58.801 58.756 58.773 58.811 55.566 45.763
53.641 53.616 53.833 54.133 56.578 59.363 60.928 61.871 61.698 61.598 61.593 61.591 61.583 61.628 61.683 61.666 61.668 61.648 61.316 61.248 60.751 58.443 55.378 52.126 50.571 48.868 48.263 48.096 47.651 47.573 47.483 47.421 47.376 47.281 47.233 47.171 47.126 47.041 46.981 46.878 46.823 46.701 46.633 46.588 46.593 46.481 46.453 46.448 46.328 46.291 46.268 46.253 46.108 46.291 46.231 47.238 46.121 46.268 46.061 45.948 45.753 47.553 48.968 53.611 55.438 58.506 58.631 58.723 58.096 45.378 45.301
53.613 53.708 53.768 53.593 53.621 53.626 55.083 57.871 59.881 61.598 61.581 61.591 61.608 62.263 63.388 62.391 61.666 61.651 59.406 61.586 61.606 61.638 60.431 55.033 53.843 52.516 50.748 49.651 48.953 47.711 47.488 47.451 47.331 47.266 47.223 47.176 47.111 47.088 46.996 46.948 46.858 46.783 46.688 46.586 46.533 46.491 46.438 46.368 46.293 46.263 46.198 46.121 46.138 46.171 46.353 46.151 46.293 46.466 46.046 45.801 45.603 45.596 45.541 45.541 46.488 49.608 54.101 54.166 48.406 45.343 45.308
53.773 53.921 54.166 53.611 53.621 53.616 53.628 54.453 59.261 61.603 61.588 61.593 61.598 63.316 64.973 65.041 63.441 61.638 61.621 60.133 60.796 61.508 57.093 54.838 54.773 54.763 54.701 52.696 52.208 50.971 49.621 48.303 47.328 47.293 47.236 47.178 47.131 47.083 47.006 46.978 46.921 46.838 47.191 46.738 46.613 46.491 46.401 46.346 46.273 46.238 46.156 46.141 46.071 46.013 46.018 46.026 45.946 45.871 45.796 45.628 45.636 45.518 45.458 45.451 45.471 45.491 45.433 45.498 45.351 45.333 45.286
55.571 54.781 53.981 53.806 53.598 53.598 53.626 53.806 53.758 60.291 60.341 61.618 61.623 63.121 63.933 64.613 62.358 61.616 61.601 61.596 61.618 61.713 55.091 54.773 54.743 54.733 54.748 54.803 54.653 53.938 52.508 51.058 49.308 49.303 47.893 47.181 47.151 47.091 46.998 47.003 46.943 46.858 46.768 46.726 46.681 46.563 46.456 46.371 46.258 46.213 46.158 46.048 46.026 45.988 45.936 45.833 45.841 45.888 45.801 45.766 45.606 45.613 45.448 45.458 45.308 45.298 45.281 45.313 45.263 45.271 45.221
58.528 58.038 55.891 54.471 53.628 53.586 53.676 50.728 48.358 48.296 51.661 54.376 58.431 61.453 61.538 61.688 61.633 61.616 61.583 61.623 61.643 57.883 54.821 54.851 54.788 54.781 54.771 54.786 54.811 54.778 54.766 54.836 54.003 52.831 50.366 49.473 48.911 48.348 47.251 46.998 46.953 46.876 46.806 46.733 46.678 46.616 46.503 46.366 46.361 46.276 46.171 46.078 46.001 45.966 45.878 45.796 45.763 45.743 45.661 45.671 45.696 45.516 45.486 45.398 45.361 45.356 45.271 45.216 45.181 45.151 45.091
58.506 57.626 56.043 56.053 55.498 54.631 52.508 48.511 48.326 48.278 48.223 48.301 49.248 51.503 53.513 59.181 60.868 61.593 61.588 61.606 61.646 57.258 54.783 54.781 54.788 54.888 54.801 54.803 54.793 54.773 54.781 54.801 54.816 54.831 54.526 53.576 53.156 50.963 49.963 47.833 46.921 46.871 46.818 46.751 46.686 46.611 46.483 46.431 46.366 46.303 46.223 46.171 46.028 45.931 45.856 45.793 45.686 45.641 45.656 45.618 45.558 45.506 45.471 45.443 45.393 45.306 45.276 45.163 45.156 45.121 45.076
58.426 56.686 56.058 55.996 55.973 55.946 51.056 48.861 48.273 48.231 48.216 48.191 48.156 48.168 48.271 48.371 52.043 59.328 61.183 61.626 60.708 54.993 54.758 54.768 54.776 54.776 54.791 54.798 54.838 54.808 54.811 54.796 54.818 54.788 54.786 54.786 54.783 54.553 53.751 49.241 46.933 46.883 46.806 46.733 46.646 46.551 46.498 46.428 46.391 46.306 46.261 46.186 46.118 46.061 46.018 45.933 45.811 45.696 45.548 45.533 45.526 45.438 45.401 45.366 45.306 45.301 45.241 45.191 45.141 45.076 45.013
57.761 55.848 53.928 54.938 55.868 54.336 48.961 50.491 49.723 48.393 48.198 48.173 48.133 48.106 48.058 48.013 48.146 48.308 49.563 53.498 57.113 55.041 54.758 54.746 54.733 54.778 54.791 54.776 54.801 54.823 54.828 54.841 54.823 54.796 54.783 54.766 54.763 54.778 52.426 47.731 46.918 46.858 46.806 46.736 46.568 46.446 46.426 46.361 46.381 46.296 46.283 46.186 46.146 46.103 46.053 45.966 45.851 45.766 45.653 45.533 45.448 45.408 45.356 45.361 45.478 45.338 45.223 45.156 45.096 45.063 44.971
56.538 55.261 49.826 49.871 51.201 50.033 48.333 48.303 48.841 48.233 48.201 48.173 48.123 48.113 48.061 48.003 47.961 47.926 47.831 47.726 47.811 49.923 52.168 53.006 54.773 54.888 55.381 54.761 54.773 54.791 54.768 54.801 54.801 54.863 54.798 54.768 54.778 54.846 52.978 47.691 46.906 46.856 46.811 46.706 46.701 46.456 46.393 46.313 46.313 46.228 46.206 46.161 46.116 46.106 46.038 45.968 45.866 45.783 45.748 45.636 45.796 45.933 45.401 45.186 46.053 47.006 46.458 45.928 45.056 45.051 44.958
