LIDAR-DSM-2M-TQ28ne/tq2987_DSM_2M.asc
ncols 500
nrows 500
xllcorner    529000
yllcorner    187000
cellsize     2
NODATA_value -9999
[rows 384 to 415 of 500, columns 288 to 359 of 500]
60.483 59.963 59.796 59.683 59.973 60.378 59.821 60.426 59.851 60.416 66.246 67.011 67.963 66.918 66.121 65.218 64.446 63.321 60.763 58.441 59.176 57.918 59.158 57.926 57.568 57.533 58.183 57.191 56.721 57.273 56.576 56.568 56.046 55.803 57.693 60.591 63.433 64.008 64.288 62.026 60.286 60.211 62.538 64.053 58.811 55.978 55.481 55.443 55.363 55.398 55.411 55.376 55.756 57.371 56.671 60.776 59.916 55.541 55.593 58.988 55.228 55.228 55.838 57.306 58.981 58.716 55.098 54.798 55.718 55.553 56.873 53.961
60.236 60.643 59.678 59.611 59.521 60.318 60.506 59.413 59.328 59.711 63.708 65.081 66.323 66.883 67.061 66.358 65.278 62.571 58.451 59.486 62.691 60.691 59.041 57.996 57.611 57.758 56.866 56.666 56.621 56.663 56.988 56.568 56.406 55.978 55.833 55.706 55.768 58.478 61.421 59.856 63.398 65.231 68.583 69.698 61.018 55.811 55.568 55.566 55.431 55.436 55.393 55.516 58.176 58.766 61.711 60.188 60.156 57.253 56.661 59.333 57.161 55.348 55.673 55.743 56.088 56.908 58.078 57.911 55.216 55.608 55.191 55.113
59.808 59.671 60.293 59.938 59.433 59.333 59.338 60.146 59.491 59.563 60.053 60.491 64.751 66.041 66.838 67.088 66.391 65.526 61.478 62.538 63.513 64.081 62.351 58.096 58.406 57.461 57.188 56.776 56.616 56.626 56.851 57.281 57.176 56.198 56.223 56.076 55.891 56.951 55.513 59.961 65.671 70.938 72.373 71.378 61.763 59.918 56.026 55.506 55.441 55.473 55.526 57.771 59.938 59.003 61.346 58.203 58.208 57.103 56.023 56.751 56.206 56.213 55.771 55.618 56.326 54.951 55.856 56.831 56.753 54.053 53.813 53.676
60.463 60.288 60.056 60.096 59.403 59.243 59.193 59.318 59.768 59.051 59.243 59.358 59.623 62.173 65.998 66.641 67.431 66.146 65.153 63.846 63.716 63.243 61.061 58.313 59.056 57.846 56.788 57.688 57.063 56.708 56.451 58.431 58.793 58.016 57.518 56.421 56.671 58.501 56.413 57.061 67.018 70.623 70.786 69.878 64.451 58.786 55.533 55.506 55.458 55.526 56.591 58.566 56.741 58.948 57.343 58.056 58.586 60.361 58.528 58.906 57.273 57.233 57.853 55.381 54.976 55.621 54.446 55.631 55.208 53.863 53.643 53.613
63.788 61.141 60.313 59.508 59.151 59.418 59.051 59.011 58.916 59.226 59.323 58.848 58.796 59.551 63.696 65.696 66.256 66.528 66.131 65.351 64.131 61.781 58.791 58.021 57.563 57.091 56.748 56.713 56.903 57.386 59.586 60.988 59.653 62.031 60.028 58.046 59.526 58.413 56.448 57.171 62.076 65.983 68.223 67.168 59.721 55.876 55.608 55.503 55.501 55.543 56.338 57.081 57.576 60.266 59.933 57.618 59.348 58.473 56.108 57.743 58.373 58.003 56.383 55.113 54.748 58.213 54.858 54.106 53.928 53.721 53.633 53.651
67.106 64.851 61.026 60.071 59.241 59.626 59.381 58.913 58.863 58.801 59.096 58.788 58.816 59.808 60.538 63.138 65.043 65.851 66.593 66.306 65.431 63.178 58.376 56.958 56.906 56.881 56.921 58.073 59.106 56.891 61.058 62.258 64.301 68.521 67.433 61.793 58.818 57.458 56.406 56.498 56.126 58.738 62.696 62.536 57.578 55.591 55.601 55.581 55.513 56.701 55.746 57.991 55.601 58.201 62.663 60.423 59.613 59.306 56.066 59.998 60.801 60.056 55.883 55.023 54.913 56.926 54.653 53.976 53.768 53.628 53.671 53.631
67.948 66.573 65.543 60.701 59.586 59.308 59.411 60.311 58.948 58.678 58.591 58.951 59.553 58.453 59.398 59.543 59.958 64.801 65.783 66.441 66.336 60.563 57.611 57.198 56.886 56.596 57.613 61.306 61.888 60.503 58.108 64.333 68.163 69.123 69.096 68.221 62.198 56.816 56.676 56.178 55.751 55.671 56.946 57.113 55.736 55.738 55.663 55.546 55.593 58.206 57.468 58.478 56.836 58.513 57.933 57.951 58.201 56.961 56.963 58.238 55.558 56.376 54.858 54.711 56.258 58.563 55.023 53.808 53.693 53.663 53.626 53.508
68.193 67.481 66.736 63.191 60.956 59.853 60.488 59.568 60.306 58.556 58.503 58.446 58.618 58.561 58.473 58.413 58.316 59.181 64.696 65.556 63.026 57.111 56.866 57.278 57.191 56.646 60.071 62.813 62.531 61.761 62.753 66.403 69.013 69.111 69.083 69.021 62.973 56.806 56.258 55.851 55.708 55.728 55.763 55.763 55.718 55.688 55.641 55.653 55.698 55.818 59.761 55.993 56.001 59.861 63.058 59.131 55.368 56.256 55.428 57.456 56.071 54.903 54.603 57.238 57.681 56.601 55.478 53.701 53.696 53.661 53.518 55.148
66.721 67.516 67.626 66.841 66.103 61.708 59.458 59.576 58.641 59.111 58.731 58.323 58.271 58.346 59.168 58.306 58.101 58.318 61.728 61.056 59.201 57.456 56.921 57.346 57.373 57.291 58.073 61.603 62.678 63.503 67.558 68.686 68.708 68.956 69.013 65.931 56.976 56.283 55.896 55.788 55.728 55.783 55.781 55.771 55.776 55.726 56.258 55.918 55.913 56.571 57.708 57.521 55.866 58.883 62.558 59.728 55.828 56.818 55.801 55.268 57.213 54.851 56.948 60.208 58.628 54.768 53.738 53.681 53.681 53.483 53.591 62.008
65.568 66.688 67.418 67.578 66.941 65.696 63.193 59.213 58.568 58.451 58.903 58.631 58.143 58.088 58.026 57.961 58.108 57.951 57.968 57.211 56.963 56.983 57.113 61.478 61.341 57.588 57.343 56.861 61.431 65.511 68.121 68.688 68.358 67.451 65.581 56.408 56.211 55.963 55.901 55.771 55.841 55.798 55.868 55.808 55.786 55.761 56.998 56.406 56.046 56.071 56.611 56.858 55.913 56.886 57.336 56.238 55.031 55.281 55.218 55.386 54.776 54.693 55.193 54.128 53.978 55.126 53.663 53.643 53.541 55.353 59.168 64.526
64.966 65.553 66.376 67.181 68.203 66.503 65.733 61.086 59.263 59.158 58.411 58.991 58.626 57.918 57.978 57.846 58.423 58.603 57.831 57.281 56.951 56.713 60.526 62.488 62.738 61.136 57.401 57.208 65.028 67.413 68.086 68.388 67.618 65.296 60.518 56.596 56.061 56.381 57.611 56.198 55.816 55.868 55.876 55.841 55.783 56.881 57.016 59.966 57.381 56.098 56.021 55.928 56.353 55.516 55.331 55.533 55.248 55.188 54.986 55.783 55.461 54.353 55.583 54.011 53.836 53.703 53.608 53.518 53.553 60.028 64.601 64.981
64.991 64.536 62.631 66.366 67.321 67.273 66.761 65.933 64.603 60.311 58.731 58.183 58.226 58.588 57.986 57.771 57.721 57.803 57.971 57.693 57.378 56.638 60.291 61.731 62.571 62.818 61.811 61.883 68.158 68.328 68.463 67.701 66.978 59.891 56.641 56.093 56.258 58.713 56.793 55.888 55.926 55.933 55.881 55.921 55.913 59.076 61.853 60.761 56.078 56.028 55.931 58.576 58.763 55.271 58.628 56.721 55.038 55.601 54.736 54.508 54.361 55.548 54.896 53.856 53.733 53.656 53.516 53.566 63.221 63.338 65.218 66.153
64.556 61.551 60.326 62.283 65.816 67.243 67.108 66.868 66.063 64.308 61.753 58.281 58.056 58.148 58.076 57.648 57.673 57.638 57.946 58.461 57.591 57.421 56.586 60.088 62.403 62.946 64.343 68.533 68.711 69.128 68.748 66.576 62.756 56.533 56.123 56.013 56.981 57.673 55.991 55.953 55.951 55.891 55.906 55.941 56.031 56.131 57.401 57.823 56.451 56.338 55.796 57.453 57.973 55.981 57.926 56.183 55.591 56.586 54.541 54.363 55.573 54.581 53.873 53.746 53.661 53.503 56.283 58.613 64.646 65.338 66.031 66.191
60.511 59.951 61.381 63.276 64.083 65.483 66.108 67.068 67.231 65.691 64.388 60.893 58.143 57.946 57.736 58.488 59.046 57.573 57.408 57.626 58.241 58.593 57.251 56.473 59.463 63.828 67.631 68.608 68.698 67.893 67.341 61.436 56.468 56.131 56.013 55.926 55.966 55.996 56.036 56.946 55.978 55.888 55.958 56.093 56.688 60.631 59.643 56.611 56.588 55.786 55.656 55.883 57.028 56.858 58.163 59.726 56.958 57.746 56.188 57.101 54.003 53.851 53.726 53.668 53.481 55.168 59.483 64.646 65.258 66.076 66.151 65.706
62.013 61.011 62.793 64.151 64.183 63.863 63.093 65.868 66.591 66.693 65.913 64.546 63.116 59.701 59.003 59.783 60.258 57.411 57.336 57.253 57.426 58.901 57.326 57.001 60.268 66.973 68.488 68.431 68.211 67.183 62.296 58.708 57.306 56.013 55.981 55.951 55.986 55.996 56.043 58.183 56.008 57.546 57.776 56.151 58.461 59.768 56.126 55.986 55.866 55.693 55.711 55.351 57.936 56.571 60.296 59.603 58.803 57.068 59.503 56.038 54.663 53.723 53.683 53.603 53.533 60.738 63.313 64.928 66.276 66.066 65.656 65.336
61.181 59.616 59.713 64.363 63.708 62.273 58.233 62.066 66.896 66.976 66.733 66.023 65.181 60.571 58.541 58.801 57.611 57.638 57.838 57.148 57.073 57.051 57.411 57.231 57.366 65.626 68.608 68.178 67.326 65.991 56.253 56.346 56.026 55.993 55.986 56.018 55.986 56.056 56.006 58.458 60.066 62.671 59.911 56.288 57.946 57.003 56.183 56.043 57.606 55.601 56.003 55.161 54.801 57.221 60.613 55.881 55.321 57.458 58.371 56.783 54.501 53.651 53.718 53.571 53.521 58.446 63.503 64.306 65.796 65.628 65.323 64.883
58.986 58.276 58.448 58.948 60.971 58.833 59.163 62.123 64.368 66.271 66.761 66.753 64.778 57.391 56.948 57.286 57.898 57.348 57.271 57.041 57.011 56.991 56.898 57.056 57.271 56.738 63.986 67.786 64.918 58.396 56.328 56.123 56.023 56.008 56.036 56.046 56.038 56.028 56.003 58.651 61.458 60.896 58.006 57.591 60.771 59.981 57.163 57.968 58.213 59.311 55.316 54.886 54.666 56.631 62.638 59.528 60.646 56.701 57.286 53.693 53.658 53.691 53.658 53.518 53.593 56.581 63.511 64.356 64.106 64.898 64.863 63.658
58.736 58.773 58.371 58.191 58.516 58.653 61.148 63.161 63.483 63.753 65.908 65.706 59.938 57.286 56.863 56.818 56.786 57.196 57.636 57.068 57.731 57.131 56.763 56.698 57.236 57.066 56.446 61.921 59.671 56.618 56.193 56.021 56.023 56.063 56.066 56.036 56.086 58.586 57.546 58.176 60.446 59.598 62.386 60.828 60.061 59.781 58.638 60.473 58.961 56.091 55.156 54.701 54.651 56.201 56.393 59.193 57.608 57.091 55.951 53.658 53.681 53.663 53.556 53.573 55.611 61.083 62.111 63.436 63.528 63.473 63.336 56.436
58.741 58.461 58.246 58.196 58.518 57.966 59.618 63.736 63.248 62.281 61.453 59.516 56.901 56.916 57.608 56.841 58.308 60.223 58.103 57.526 57.098 57.241 56.778 56.651 56.551 56.438 56.301 56.346 56.891 56.271 56.043 56.038 56.111 56.156 56.181 56.106 56.423 63.083 59.283 56.496 60.416 62.638 56.593 57.796 56.793 56.168 57.118 59.403 59.253 55.748 57.373 55.308 54.661 54.868 59.213 63.573 57.953 60.066 54.733 53.691 53.638 53.513 53.551 57.001 61.203 62.123 62.733 63.398 63.071 62.323 57.893 53.706
58.783 58.501 58.283 58.491 58.008 57.938 58.683 61.081 62.366 59.696 59.046 59.333 57.448 56.961 56.841 58.021 62.251 62.771 61.041 57.628 61.601 58.411 57.603 57.878 56.566 56.428 56.266 56.118 56.061 56.036 56.008 56.136 56.186 56.216 56.213 56.181 57.228 59.756 59.988 58.881 56.633 61.571 56.416 56.321 56.088 56.831 55.736 58.153 56.976 55.098 57.336 58.476 58.631 57.251 59.116 54.358 54.398 54.221 53.641 53.641 53.473 53.851 57.641 61.731 62.176 62.828 63.366 63.016 62.561 58.951 54.188 53.743
59.941 59.156 58.871 58.251 57.921 58.246 58.946 59.731 59.873 59.303 59.298 58.616 57.333 57.263 56.643 61.358 63.136 63.476 62.871 64.181 67.103 67.133 58.841 57.786 56.508 56.356 56.226 56.141 56.043 56.018 56.026 56.138 56.206 56.243 56.153 56.213 60.493 61.131 59.443 61.936 60.053 56.433 57.396 59.353 56.001 56.736 56.858 60.571 55.523 56.946 55.058 54.843 59.498 56.191 59.683 54.003 53.736 53.606 53.598 53.493 53.931 57.981 61.598 62.181 62.911 62.936 62.993 62.518 62.101 61.011 54.093 53.661
59.121 59.501 59.216 58.158 58.173 58.091 57.603 58.006 59.043 57.731 58.326 57.191 57.048 57.106 56.953 58.101 62.016 63.011 64.466 66.876 68.048 68.753 67.663 59.068 56.376 56.316 56.181 56.076 56.043 56.096 56.128 56.128 56.201 56.203 56.128 56.936 60.751 60.328 59.083 60.466 60.253 58.813 59.943 58.736 57.378 56.538 55.833 58.273 57.808 56.248 59.201 54.936 58.211 56.146 54.921 54.286 53.651 53.566 53.451 54.251 58.346 61.626 62.258 62.903 63.236 62.941 61.353 62.056 60.063 55.123 53.971 53.753
58.531 58.276 59.291 59.588 59.011 58.063 58.266 58.313 57.573 57.361 58.151 58.771 57.968 59.771 57.951 57.118 59.506 63.078 66.946 67.991 68.688 68.631 67.883 63.521 56.853 56.221 56.176 56.091 56.098 56.136 56.163 56.193 56.108 56.088 56.398 57.431 62.501 58.793 62.728 59.151 60.218 60.656 63.121 62.233 55.698 58.328 55.606 57.223 58.123 58.118 54.771 55.031 55.016 56.168 54.721 55.293 53.576 53.461 54.258 58.916 61.818 62.248 63.008 63.343 62.861 62.493 61.688 60.268 55.513 57.278 53.441 54.376
58.126 58.076 59.443 60.988 59.606 57.808 58.571 57.931 57.726 57.428 57.713 60.816 60.983 62.921 61.848 58.711 60.883 66.318 67.761 68.536 68.961 68.006 66.218 57.941 57.351 56.178 56.126 56.086 56.143 56.191 56.138 56.293 57.966 57.406 60.448 58.578 62.013 59.873 63.191 59.248 58.203 56.368 58.406 57.093 57.168 58.716 60.956 56.496 55.778 57.306 54.513 55.113 55.158 53.866 53.731 53.623 53.486 54.293 59.616 61.866 62.281 63.161 63.306 62.881 62.006 61.058 58.621 53.958 53.631 57.286 56.821 54.101
58.078 58.358 59.656 60.623 60.371 58.441 58.091 57.321 57.281 57.563 57.836 61.576 62.893 63.796 63.263 62.488 65.438 68.543 68.788 68.813 68.143 67.211 58.731 57.073 56.661 56.101 56.063 56.136 56.198 56.176 56.111 58.793 60.346 59.081 57.733 60.358 60.336 62.086 61.748 57.433 57.758 56.596 58.708 55.431 55.636 59.523 56.513 57.603 55.326 54.306 54.371 54.616 54.016 53.741 53.643 53.548 54.296 60.153 61.913 62.331 63.143 63.241 62.826 62.408 61.978 58.898 54.651 54.406 53.701 54.403 55.288 53.138
58.603 58.501 57.958 59.936 60.201 58.706 58.098 57.138 57.088 57.116 57.046 57.726 61.831 62.901 63.468 65.248 67.753 69.091 69.081 68.633 67.023 61.043 56.421 56.258 56.151 56.051 56.116 56.168 56.171 56.171 56.138 57.023 57.398 61.263 61.696 57.016 61.531 62.111 60.811 61.171 56.166 55.688 56.971 56.511 55.828 55.146 55.733 54.601 54.406 54.168 54.083 53.906 53.791 53.646 53.536 55.358 60.091 61.931 62.423 63.248 63.216 62.743 62.356 61.926 56.866 53.863 54.216 53.643 54.006 53.953 53.156 52.698
59.681 58.123 57.853 58.546 59.543 59.168 58.671 57.361 57.051 57.271 58.271 57.046 57.011 61.198 64.428 67.396 68.463 69.016 68.393 67.668 60.928 56.606 56.313 56.171 56.073 56.076 56.136 56.186 56.193 56.111 56.186 56.211 58.301 59.801 57.211 61.473 60.786 66.383 62.593 57.728 55.541 55.356 55.236 55.148 55.128 55.083 54.983 54.756 54.441 54.088 53.903 53.816 53.588 53.446 56.068 60.448 61.966 62.533 63.281 63.178 62.743 62.303 61.343 57.978 53.888 53.816 54.518 57.821 53.826 53.243 52.703 52.821
59.298 58.183 58.151 59.346 58.883 57.541 57.173 57.116 57.838 60.898 61.968 59.131 56.951 61.556 67.373 68.773 68.881 68.668 67.743 64.688 57.486 56.648 56.213 56.093 56.103 56.161 56.166 56.193 57.226 56.936 56.583 56.306 57.096 62.468 63.136 63.836 59.816 62.333 60.341 58.593 56.848 55.341 55.351 55.376 55.333 55.673 55.026 54.618 54.268 53.998 53.863 53.676 53.463 53.498 60.078 62.008 62.531 63.283 63.146 62.688 62.271 61.846 57.546 54.343 53.851 53.761 55.506 55.546 53.118 53.221 53.513 52.853
62.848 58.626 59.021 58.051 57.501 58.166 57.576 57.378 60.163 63.566 63.388 62.663 62.701 66.533 68.473 69.191 68.716 67.881 65.131 56.716 57.776 56.258 56.143 56.101 56.163 56.193 56.233 56.161 60.756 57.166 56.536 56.388 59.496 59.213 61.663 61.323 59.621 60.421 58.203 57.788 55.511 55.458 55.491 55.438 55.276 57.173 55.848 54.296 54.098 53.953 53.851 53.531 53.476 53.501 56.388 62.456 63.226 63.106 62.681 62.251 61.078 56.218 53.546 53.666 54.111 53.823 53.721 54.716 52.676 54.433 53.883 53.868
61.283 60.191 59.123 57.606 57.431 57.458 58.043 57.273 61.166 62.973 63.808 64.126 66.698 68.073 69.328 69.313 68.028 66.106 58.533 56.638 56.533 56.173 56.103 56.141 56.163 56.166 56.316 56.166 57.491 60.833 60.688 57.753 58.641 59.603 61.428 58.041 58.656 61.161 55.828 55.713 56.953 55.733 55.486 55.463 56.043 54.686 55.071 54.106 54.011 53.896 53.798 53.563 53.483 53.483 53.428 57.058 63.046 62.616 62.196 61.358 55.703 53.588 53.661 53.726 53.973 53.926 53.148 54.018 56.173 53.541 53.423 52.256
59.613 58.163 58.001 59.273 57.761 57.291 57.506 57.353 56.761 60.856 63.331 66.531 67.866 68.571 68.861 68.788 67.553 58.403 57.008 57.173 56.196 56.088 56.121 56.181 56.133 56.178 56.483 58.233 61.418 59.898 57.261 62.686 60.526 58.248 59.533 58.691 61.073 58.246 55.783 56.596 58.951 56.336 55.376 56.098 55.728 54.428 54.163 54.038 53.946 53.846 53.698 53.508 53.466 53.426 53.366 53.316 57.383 62.161 60.911 54.898 53.596 53.646 53.733 53.743 53.831 52.793 52.733 53.041 53.588 52.926 54.048 52.921
59.278 58.928 57.826 57.653 58.461 58.251 61.913 60.023 57.166 58.001 65.128 67.511 68.538 69.016 68.278 66.531 59.626 56.963 57.218 56.608 56.056 56.113 56.168 56.328 57.396 57.206 56.853 56.403 57.366 56.881 56.556 59.653 60.108 58.153 59.221 58.911 57.308 55.956 55.598 56.811 56.946 55.443 55.093 54.761 54.456 54.251 54.138 54.053 53.951 53.743 53.611 53.693 52.401 52.856 53.313 53.241 53.196 58.496 55.383 54.491 53.756 53.571 53.823 53.721 52.841 52.683 53.043 52.871 53.493 55.058 54.511 52.606
